Gemeinde,Altersklassen,Geschlecht,Männer,Frauen,Insgesamt
001 Aldein,0,,9,19,28
001 Aldein,1,,16,10,26
001 Aldein,2,,8,8,16
001 Aldein,3,,9,12,21
001 Aldein,4,,14,7,21
001 Aldein,5,,13,11,24
001 Aldein,6,,8,13,21
001 Aldein,7,,7,8,15
001 Aldein,8,,7,6,13
001 Aldein,9,,9,17,26
001 Aldein,10,,12,9,21
001 Aldein,11,,11,7,18
001 Aldein,12,,11,10,21
001 Aldein,13,,12,12,24
001 Aldein,14,,10,7,17
001 Aldein,15,,14,12,26
001 Aldein,16,,16,7,23
001 Aldein,17,,10,16,26
001 Aldein,18,,10,15,25
001 Aldein,19,,10,20,30
001 Aldein,20,,10,9,19
001 Aldein,21,,7,22,29
001 Aldein,22,,14,18,32
001 Aldein,23,,17,19,36
001 Aldein,24,,11,19,30
001 Aldein,25,,14,11,25
001 Aldein,26,,19,11,30
001 Aldein,27,,18,20,38
001 Aldein,28,,16,19,35
001 Aldein,29,,22,10,32
001 Aldein,30,,11,17,28
001 Aldein,31,,8,17,25
001 Aldein,32,,8,21,29
001 Aldein,33,,17,12,29
001 Aldein,34,,15,9,24
001 Aldein,35,,15,6,21
001 Aldein,36,,10,15,25
001 Aldein,37,,16,17,33
001 Aldein,38,,17,9,26
001 Aldein,39,,13,14,27
001 Aldein,40,,8,5,13
001 Aldein,41,,9,10,19
001 Aldein,42,,10,10,20
001 Aldein,43,,8,10,18
001 Aldein,44,,11,7,18
001 Aldein,45,,8,9,17
001 Aldein,46,,8,5,13
001 Aldein,47,,15,10,25
001 Aldein,48,,6,12,18
001 Aldein,49,,10,6,16
001 Aldein,50,,10,9,19
001 Aldein,51,,5,11,16
001 Aldein,52,,7,11,18
001 Aldein,53,,7,5,12
001 Aldein,54,,6,6,12
001 Aldein,55,,11,11,22
001 Aldein,56,,8,13,21
001 Aldein,57,,7,12,19
001 Aldein,58,,9,8,17
001 Aldein,59,,4,10,14
001 Aldein,60,,6,8,14
001 Aldein,61,,8,9,17
001 Aldein,62,,9,6,15
001 Aldein,63,,4,4,8
001 Aldein,64,,16,5,21
001 Aldein,65,,8,4,12
001 Aldein,66,,5,8,13
001 Aldein,67,,10,4,14
001 Aldein,68,,6,6,12
001 Aldein,69,,9,10,19
001 Aldein,70,,6,3,9
001 Aldein,71,,6,6,12
001 Aldein,72,,2,7,9
001 Aldein,73,,3,6,9
001 Aldein,74,,5,8,13
001 Aldein,75,,2,6,8
001 Aldein,76,,2,9,11
001 Aldein,77,,5,12,17
001 Aldein,78,,6,2,8
001 Aldein,79,,1,4,5
001 Aldein,80,,2,3,5
001 Aldein,81,,-,2,2
001 Aldein,82,,2,2,4
001 Aldein,83,,2,1,3
001 Aldein,84,,1,3,4
001 Aldein,85,,1,5,6
001 Aldein,86,,3,3,6
001 Aldein,87,,1,1,2
001 Aldein,88,,2,3,5
001 Aldein,89,,2,1,3
001 Aldein,90,,-,2,2
001 Aldein,91,,1,1,2
001 Aldein,92,,-,2,2
001 Aldein,94,,-,1,1
001 Aldein,96,,-,1,1
001 Aldein,Insgesamt,,797,859,1.656
002 Andrian,0,,5,3,8
002 Andrian,1,,8,5,13
002 Andrian,2,,2,10,12
002 Andrian,3,,7,5,12
002 Andrian,4,,4,4,8
002 Andrian,5,,5,6,11
002 Andrian,6,,6,6,12
002 Andrian,7,,7,7,14
002 Andrian,8,,5,4,9
002 Andrian,9,,4,4,8
002 Andrian,10,,12,6,18
002 Andrian,11,,6,7,13
002 Andrian,12,,8,6,14
002 Andrian,13,,1,4,5
002 Andrian,14,,6,4,10
002 Andrian,15,,5,2,7
002 Andrian,16,,10,6,16
002 Andrian,17,,1,3,4
002 Andrian,18,,5,2,7
002 Andrian,19,,5,3,8
002 Andrian,20,,4,4,8
002 Andrian,21,,5,4,9
002 Andrian,22,,6,4,10
002 Andrian,23,,4,2,6
002 Andrian,24,,6,5,11
002 Andrian,25,,5,7,12
002 Andrian,26,,4,5,9
002 Andrian,27,,6,8,14
002 Andrian,28,,9,8,17
002 Andrian,29,,5,8,13
002 Andrian,30,,8,8,16
002 Andrian,31,,7,5,12
002 Andrian,32,,10,9,19
002 Andrian,33,,10,7,17
002 Andrian,34,,6,6,12
002 Andrian,35,,6,11,17
002 Andrian,36,,6,6,12
002 Andrian,37,,7,2,9
002 Andrian,38,,7,4,11
002 Andrian,39,,7,3,10
002 Andrian,40,,8,8,16
002 Andrian,41,,5,8,13
002 Andrian,42,,6,9,15
002 Andrian,43,,1,4,5
002 Andrian,44,,7,2,9
002 Andrian,45,,6,6,12
002 Andrian,46,,2,3,5
002 Andrian,47,,4,3,7
002 Andrian,48,,7,6,13
002 Andrian,49,,4,2,6
002 Andrian,50,,6,3,9
002 Andrian,51,,5,4,9
002 Andrian,52,,4,7,11
002 Andrian,53,,1,2,3
002 Andrian,54,,1,3,4
002 Andrian,55,,5,7,12
002 Andrian,56,,4,5,9
002 Andrian,57,,6,3,9
002 Andrian,58,,5,8,13
002 Andrian,59,,1,8,9
002 Andrian,60,,4,4,8
002 Andrian,61,,6,4,10
002 Andrian,62,,2,3,5
002 Andrian,63,,3,3,6
002 Andrian,64,,5,3,8
002 Andrian,65,,3,4,7
002 Andrian,66,,7,5,12
002 Andrian,67,,4,5,9
002 Andrian,68,,3,1,4
002 Andrian,69,,2,1,3
002 Andrian,70,,2,5,7
002 Andrian,71,,1,2,3
002 Andrian,72,,4,4,8
002 Andrian,73,,2,1,3
002 Andrian,74,,2,5,7
002 Andrian,75,,1,2,3
002 Andrian,76,,1,5,6
002 Andrian,77,,1,4,5
002 Andrian,78,,1,1,2
002 Andrian,79,,2,3,5
002 Andrian,80,,2,2,4
002 Andrian,82,,1,-,1
002 Andrian,83,,1,2,3
002 Andrian,84,,1,2,3
002 Andrian,85,,1,2,3
002 Andrian,86,,-,2,2
002 Andrian,88,,-,1,1
002 Andrian,89,,1,1,2
002 Andrian,91,,2,1,3
002 Andrian,93,,-,1,1
002 Andrian,95,,-,1,1
002 Andrian,Insgesamt,,393,394,787
003 Altrei,0,,4,1,5
003 Altrei,1,,1,1,2
003 Altrei,2,,-,3,3
003 Altrei,3,,1,1,2
003 Altrei,4,,3,2,5
003 Altrei,5,,3,-,3
003 Altrei,6,,6,2,8
003 Altrei,7,,1,1,2
003 Altrei,8,,3,2,5
003 Altrei,9,,2,2,4
003 Altrei,10,,4,4,8
003 Altrei,11,,2,1,3
003 Altrei,12,,3,3,6
003 Altrei,13,,2,2,4
003 Altrei,14,,3,1,4
003 Altrei,15,,4,2,6
003 Altrei,16,,2,2,4
003 Altrei,17,,3,2,5
003 Altrei,18,,3,4,7
003 Altrei,19,,-,1,1
003 Altrei,20,,2,3,5
003 Altrei,21,,-,4,4
003 Altrei,22,,2,3,5
003 Altrei,23,,2,1,3
003 Altrei,24,,1,2,3
003 Altrei,25,,2,3,5
003 Altrei,26,,3,1,4
003 Altrei,27,,5,4,9
003 Altrei,28,,1,3,4
003 Altrei,29,,3,5,8
003 Altrei,30,,-,3,3
003 Altrei,31,,3,-,3
003 Altrei,32,,3,5,8
003 Altrei,33,,2,5,7
003 Altrei,34,,3,5,8
003 Altrei,35,,3,3,6
003 Altrei,36,,9,1,10
003 Altrei,37,,2,3,5
003 Altrei,38,,5,3,8
003 Altrei,39,,5,2,7
003 Altrei,40,,1,3,4
003 Altrei,41,,1,3,4
003 Altrei,42,,5,1,6
003 Altrei,43,,3,3,6
003 Altrei,44,,1,1,2
003 Altrei,45,,3,2,5
003 Altrei,46,,6,3,9
003 Altrei,47,,6,3,9
003 Altrei,48,,1,2,3
003 Altrei,49,,1,-,1
003 Altrei,50,,3,3,6
003 Altrei,51,,2,2,4
003 Altrei,52,,1,2,3
003 Altrei,53,,4,-,4
003 Altrei,54,,2,2,4
003 Altrei,55,,1,3,4
003 Altrei,56,,3,1,4
003 Altrei,57,,1,2,3
003 Altrei,58,,2,4,6
003 Altrei,59,,1,3,4
003 Altrei,60,,1,-,1
003 Altrei,61,,2,1,3
003 Altrei,62,,2,1,3
003 Altrei,63,,3,2,5
003 Altrei,64,,-,2,2
003 Altrei,65,,3,3,6
003 Altrei,66,,-,3,3
003 Altrei,67,,-,2,2
003 Altrei,68,,5,2,7
003 Altrei,69,,2,3,5
003 Altrei,70,,-,2,2
003 Altrei,71,,3,4,7
003 Altrei,72,,2,4,6
003 Altrei,73,,-,3,3
003 Altrei,74,,1,3,4
003 Altrei,75,,1,2,3
003 Altrei,76,,3,2,5
003 Altrei,77,,-,2,2
003 Altrei,78,,2,1,3
003 Altrei,79,,-,2,2
003 Altrei,80,,-,1,1
003 Altrei,81,,-,3,3
003 Altrei,83,,-,1,1
003 Altrei,84,,1,3,4
003 Altrei,85,,1,1,2
003 Altrei,86,,3,-,3
003 Altrei,87,,-,2,2
003 Altrei,89,,1,-,1
003 Altrei,90,,-,1,1
003 Altrei,92,,1,-,1
003 Altrei,99,,-,1,1
003 Altrei,Insgesamt,,191,196,387
004 Eppan a.d. Weinstr.,0,,85,79,164
004 Eppan a.d. Weinstr.,1,,76,68,144
004 Eppan a.d. Weinstr.,2,,79,71,150
004 Eppan a.d. Weinstr.,3,,67,59,126
004 Eppan a.d. Weinstr.,4,,71,69,140
004 Eppan a.d. Weinstr.,5,,75,85,160
004 Eppan a.d. Weinstr.,6,,63,71,134
004 Eppan a.d. Weinstr.,7,,74,60,134
004 Eppan a.d. Weinstr.,8,,81,61,142
004 Eppan a.d. Weinstr.,9,,77,59,136
004 Eppan a.d. Weinstr.,10,,78,77,155
004 Eppan a.d. Weinstr.,11,,70,61,131
004 Eppan a.d. Weinstr.,12,,80,69,149
004 Eppan a.d. Weinstr.,13,,78,56,134
004 Eppan a.d. Weinstr.,14,,77,73,150
004 Eppan a.d. Weinstr.,15,,62,63,125
004 Eppan a.d. Weinstr.,16,,67,65,132
004 Eppan a.d. Weinstr.,17,,53,68,121
004 Eppan a.d. Weinstr.,18,,78,64,142
004 Eppan a.d. Weinstr.,19,,69,62,131
004 Eppan a.d. Weinstr.,20,,77,71,148
004 Eppan a.d. Weinstr.,21,,81,52,133
004 Eppan a.d. Weinstr.,22,,69,67,136
004 Eppan a.d. Weinstr.,23,,79,79,158
004 Eppan a.d. Weinstr.,24,,70,89,159
004 Eppan a.d. Weinstr.,25,,84,81,165
004 Eppan a.d. Weinstr.,26,,88,106,194
004 Eppan a.d. Weinstr.,27,,114,95,209
004 Eppan a.d. Weinstr.,28,,129,116,245
004 Eppan a.d. Weinstr.,29,,126,116,242
004 Eppan a.d. Weinstr.,30,,105,99,204
004 Eppan a.d. Weinstr.,31,,130,118,248
004 Eppan a.d. Weinstr.,32,,117,137,254
004 Eppan a.d. Weinstr.,33,,114,111,225
004 Eppan a.d. Weinstr.,34,,122,112,234
004 Eppan a.d. Weinstr.,35,,98,124,222
004 Eppan a.d. Weinstr.,36,,117,106,223
004 Eppan a.d. Weinstr.,37,,125,99,224
004 Eppan a.d. Weinstr.,38,,104,114,218
004 Eppan a.d. Weinstr.,39,,117,105,222
004 Eppan a.d. Weinstr.,40,,104,95,199
004 Eppan a.d. Weinstr.,41,,99,94,193
004 Eppan a.d. Weinstr.,42,,89,72,161
004 Eppan a.d. Weinstr.,43,,85,92,177
004 Eppan a.d. Weinstr.,44,,67,90,157
004 Eppan a.d. Weinstr.,45,,85,73,158
004 Eppan a.d. Weinstr.,46,,71,79,150
004 Eppan a.d. Weinstr.,47,,78,68,146
004 Eppan a.d. Weinstr.,48,,62,73,135
004 Eppan a.d. Weinstr.,49,,64,66,130
004 Eppan a.d. Weinstr.,50,,83,68,151
004 Eppan a.d. Weinstr.,51,,69,82,151
004 Eppan a.d. Weinstr.,52,,85,72,157
004 Eppan a.d. Weinstr.,53,,63,49,112
004 Eppan a.d. Weinstr.,54,,72,83,155
004 Eppan a.d. Weinstr.,55,,97,82,179
004 Eppan a.d. Weinstr.,56,,99,80,179
004 Eppan a.d. Weinstr.,57,,69,107,176
004 Eppan a.d. Weinstr.,58,,78,66,144
004 Eppan a.d. Weinstr.,59,,62,83,145
004 Eppan a.d. Weinstr.,60,,62,53,115
004 Eppan a.d. Weinstr.,61,,48,57,105
004 Eppan a.d. Weinstr.,62,,49,53,102
004 Eppan a.d. Weinstr.,63,,46,48,94
004 Eppan a.d. Weinstr.,64,,37,59,96
004 Eppan a.d. Weinstr.,65,,59,61,120
004 Eppan a.d. Weinstr.,66,,50,51,101
004 Eppan a.d. Weinstr.,67,,42,62,104
004 Eppan a.d. Weinstr.,68,,55,70,125
004 Eppan a.d. Weinstr.,69,,51,56,107
004 Eppan a.d. Weinstr.,70,,44,51,95
004 Eppan a.d. Weinstr.,71,,36,49,85
004 Eppan a.d. Weinstr.,72,,45,50,95
004 Eppan a.d. Weinstr.,73,,44,61,105
004 Eppan a.d. Weinstr.,74,,29,70,99
004 Eppan a.d. Weinstr.,75,,28,51,79
004 Eppan a.d. Weinstr.,76,,25,49,74
004 Eppan a.d. Weinstr.,77,,32,51,83
004 Eppan a.d. Weinstr.,78,,22,35,57
004 Eppan a.d. Weinstr.,79,,20,31,51
004 Eppan a.d. Weinstr.,80,,12,20,32
004 Eppan a.d. Weinstr.,81,,14,14,28
004 Eppan a.d. Weinstr.,82,,12,20,32
004 Eppan a.d. Weinstr.,83,,16,17,33
004 Eppan a.d. Weinstr.,84,,17,33,50
004 Eppan a.d. Weinstr.,85,,9,29,38
004 Eppan a.d. Weinstr.,86,,8,22,30
004 Eppan a.d. Weinstr.,87,,7,30,37
004 Eppan a.d. Weinstr.,88,,2,16,18
004 Eppan a.d. Weinstr.,89,,3,10,13
004 Eppan a.d. Weinstr.,90,,2,11,13
004 Eppan a.d. Weinstr.,91,,3,12,15
004 Eppan a.d. Weinstr.,92,,2,3,5
004 Eppan a.d. Weinstr.,93,,1,5,6
004 Eppan a.d. Weinstr.,94,,1,7,8
004 Eppan a.d. Weinstr.,95,,-,4,4
004 Eppan a.d. Weinstr.,96,,-,2,2
004 Eppan a.d. Weinstr.,98,,1,-,1
004 Eppan a.d. Weinstr.,Insgesamt,,6.041,6.234,12.275
005 Hafling,0,,2,7,9
005 Hafling,1,,1,11,12
005 Hafling,2,,10,3,13
005 Hafling,3,,7,5,12
005 Hafling,4,,4,6,10
005 Hafling,5,,3,7,10
005 Hafling,6,,3,5,8
005 Hafling,7,,8,2,10
005 Hafling,8,,5,6,11
005 Hafling,9,,4,2,6
005 Hafling,10,,2,7,9
005 Hafling,11,,4,3,7
005 Hafling,12,,5,3,8
005 Hafling,13,,5,5,10
005 Hafling,14,,5,7,12
005 Hafling,15,,3,-,3
005 Hafling,16,,7,3,10
005 Hafling,17,,4,4,8
005 Hafling,18,,3,10,13
005 Hafling,19,,4,5,9
005 Hafling,20,,2,4,6
005 Hafling,21,,3,2,5
005 Hafling,22,,5,6,11
005 Hafling,23,,7,4,11
005 Hafling,24,,8,5,13
005 Hafling,25,,8,3,11
005 Hafling,26,,8,2,10
005 Hafling,27,,10,4,14
005 Hafling,28,,5,8,13
005 Hafling,29,,7,11,18
005 Hafling,30,,5,11,16
005 Hafling,31,,7,3,10
005 Hafling,32,,10,8,18
005 Hafling,33,,6,10,16
005 Hafling,34,,4,2,6
005 Hafling,35,,6,4,10
005 Hafling,36,,4,4,8
005 Hafling,37,,7,4,11
005 Hafling,38,,9,6,15
005 Hafling,39,,6,5,11
005 Hafling,40,,2,4,6
005 Hafling,41,,1,5,6
005 Hafling,42,,3,9,12
005 Hafling,43,,5,2,7
005 Hafling,44,,4,1,5
005 Hafling,45,,2,3,5
005 Hafling,46,,5,2,7
005 Hafling,47,,2,2,4
005 Hafling,48,,4,3,7
005 Hafling,49,,5,3,8
005 Hafling,50,,8,2,10
005 Hafling,51,,3,4,7
005 Hafling,52,,1,4,5
005 Hafling,53,,5,2,7
005 Hafling,54,,1,2,3
005 Hafling,55,,5,5,10
005 Hafling,56,,5,3,8
005 Hafling,57,,5,4,9
005 Hafling,58,,2,1,3
005 Hafling,59,,3,5,8
005 Hafling,60,,2,3,5
005 Hafling,61,,4,2,6
005 Hafling,62,,1,1,2
005 Hafling,63,,1,1,2
005 Hafling,64,,1,3,4
005 Hafling,65,,6,3,9
005 Hafling,66,,3,4,7
005 Hafling,67,,3,7,10
005 Hafling,68,,2,4,6
005 Hafling,69,,4,1,5
005 Hafling,70,,5,3,8
005 Hafling,71,,4,5,9
005 Hafling,72,,1,2,3
005 Hafling,73,,2,-,2
005 Hafling,74,,1,3,4
005 Hafling,75,,1,-,1
005 Hafling,76,,-,3,3
005 Hafling,77,,-,4,4
005 Hafling,78,,3,1,4
005 Hafling,79,,1,3,4
005 Hafling,80,,-,1,1
005 Hafling,81,,-,1,1
005 Hafling,82,,1,2,3
005 Hafling,83,,1,-,1
005 Hafling,84,,1,-,1
005 Hafling,85,,-,3,3
005 Hafling,86,,-,1,1
005 Hafling,87,,1,2,3
005 Hafling,88,,1,-,1
005 Hafling,89,,2,-,2
005 Hafling,92,,-,1,1
005 Hafling,Insgesamt,,339,337,676
006 Abtei,0,,13,16,29
006 Abtei,1,,23,22,45
006 Abtei,2,,27,14,41
006 Abtei,3,,24,25,49
006 Abtei,4,,17,13,30
006 Abtei,5,,16,19,35
006 Abtei,6,,24,15,39
006 Abtei,7,,20,12,32
006 Abtei,8,,22,15,37
006 Abtei,9,,14,14,28
006 Abtei,10,,13,9,22
006 Abtei,11,,18,12,30
006 Abtei,12,,16,18,34
006 Abtei,13,,11,14,25
006 Abtei,14,,11,20,31
006 Abtei,15,,14,11,25
006 Abtei,16,,18,19,37
006 Abtei,17,,18,18,36
006 Abtei,18,,23,15,38
006 Abtei,19,,10,23,33
006 Abtei,20,,21,27,48
006 Abtei,21,,19,28,47
006 Abtei,22,,25,25,50
006 Abtei,23,,18,27,45
006 Abtei,24,,20,24,44
006 Abtei,25,,21,25,46
006 Abtei,26,,37,28,65
006 Abtei,27,,15,32,47
006 Abtei,28,,30,33,63
006 Abtei,29,,27,35,62
006 Abtei,30,,22,33,55
006 Abtei,31,,34,34,68
006 Abtei,32,,21,29,50
006 Abtei,33,,34,23,57
006 Abtei,34,,22,31,53
006 Abtei,35,,29,28,57
006 Abtei,36,,23,28,51
006 Abtei,37,,21,28,49
006 Abtei,38,,26,20,46
006 Abtei,39,,26,23,49
006 Abtei,40,,18,24,42
006 Abtei,41,,18,15,33
006 Abtei,42,,19,17,36
006 Abtei,43,,19,15,34
006 Abtei,44,,11,14,25
006 Abtei,45,,15,18,33
006 Abtei,46,,12,13,25
006 Abtei,47,,12,12,24
006 Abtei,48,,15,20,35
006 Abtei,49,,13,18,31
006 Abtei,50,,26,17,43
006 Abtei,51,,16,15,31
006 Abtei,52,,25,19,44
006 Abtei,53,,15,20,35
006 Abtei,54,,14,18,32
006 Abtei,55,,14,11,25
006 Abtei,56,,20,11,31
006 Abtei,57,,17,24,41
006 Abtei,58,,19,19,38
006 Abtei,59,,17,13,30
006 Abtei,60,,15,19,34
006 Abtei,61,,6,19,25
006 Abtei,62,,21,10,31
006 Abtei,63,,13,20,33
006 Abtei,64,,15,18,33
006 Abtei,65,,11,17,28
006 Abtei,66,,8,6,14
006 Abtei,67,,13,14,27
006 Abtei,68,,19,12,31
006 Abtei,69,,11,8,19
006 Abtei,70,,8,16,24
006 Abtei,71,,9,9,18
006 Abtei,72,,10,7,17
006 Abtei,73,,11,7,18
006 Abtei,74,,6,10,16
006 Abtei,75,,8,14,22
006 Abtei,76,,7,6,13
006 Abtei,77,,5,7,12
006 Abtei,78,,4,14,18
006 Abtei,79,,2,5,7
006 Abtei,80,,2,4,6
006 Abtei,81,,-,5,5
006 Abtei,82,,1,3,4
006 Abtei,83,,1,4,5
006 Abtei,84,,2,5,7
006 Abtei,85,,3,2,5
006 Abtei,86,,2,7,9
006 Abtei,87,,1,4,5
006 Abtei,88,,1,5,6
006 Abtei,89,,3,5,8
006 Abtei,90,,-,3,3
006 Abtei,91,,-,1,1
006 Abtei,92,,-,1,1
006 Abtei,94,,1,-,1
006 Abtei,96,,2,-,2
006 Abtei,98,,1,1,2
006 Abtei,Insgesamt,,1.400,1.506,2.906
007 Barbian,0,,15,7,22
007 Barbian,1,,10,5,15
007 Barbian,2,,6,11,17
007 Barbian,3,,10,10,20
007 Barbian,4,,7,4,11
007 Barbian,5,,10,11,21
007 Barbian,6,,11,9,20
007 Barbian,7,,11,10,21
007 Barbian,8,,13,13,26
007 Barbian,9,,9,13,22
007 Barbian,10,,11,5,16
007 Barbian,11,,8,6,14
007 Barbian,12,,13,7,20
007 Barbian,13,,8,10,18
007 Barbian,14,,9,8,17
007 Barbian,15,,11,7,18
007 Barbian,16,,9,6,15
007 Barbian,17,,14,13,27
007 Barbian,18,,9,7,16
007 Barbian,19,,18,13,31
007 Barbian,20,,10,9,19
007 Barbian,21,,6,17,23
007 Barbian,22,,7,11,18
007 Barbian,23,,9,9,18
007 Barbian,24,,15,11,26
007 Barbian,25,,10,16,26
007 Barbian,26,,20,15,35
007 Barbian,27,,15,14,29
007 Barbian,28,,11,10,21
007 Barbian,29,,18,3,21
007 Barbian,30,,13,11,24
007 Barbian,31,,8,8,16
007 Barbian,32,,11,16,27
007 Barbian,33,,9,10,19
007 Barbian,34,,13,14,27
007 Barbian,35,,14,12,26
007 Barbian,36,,16,13,29
007 Barbian,37,,19,10,29
007 Barbian,38,,12,15,27
007 Barbian,39,,11,9,20
007 Barbian,40,,7,8,15
007 Barbian,41,,15,7,22
007 Barbian,42,,5,9,14
007 Barbian,43,,10,8,18
007 Barbian,44,,5,14,19
007 Barbian,45,,10,8,18
007 Barbian,46,,7,5,12
007 Barbian,47,,7,11,18
007 Barbian,48,,12,11,23
007 Barbian,49,,6,5,11
007 Barbian,50,,4,4,8
007 Barbian,51,,7,10,17
007 Barbian,52,,17,7,24
007 Barbian,53,,7,4,11
007 Barbian,54,,12,8,20
007 Barbian,55,,9,6,15
007 Barbian,56,,12,12,24
007 Barbian,57,,8,12,20
007 Barbian,58,,8,3,11
007 Barbian,59,,6,6,12
007 Barbian,60,,5,10,15
007 Barbian,61,,8,8,16
007 Barbian,62,,3,7,10
007 Barbian,63,,3,8,11
007 Barbian,64,,6,6,12
007 Barbian,65,,8,5,13
007 Barbian,66,,4,7,11
007 Barbian,67,,4,10,14
007 Barbian,68,,7,6,13
007 Barbian,69,,8,8,16
007 Barbian,70,,5,10,15
007 Barbian,71,,5,4,9
007 Barbian,72,,4,3,7
007 Barbian,73,,9,3,12
007 Barbian,74,,4,6,10
007 Barbian,75,,3,10,13
007 Barbian,76,,3,6,9
007 Barbian,77,,3,3,6
007 Barbian,78,,4,4,8
007 Barbian,79,,1,4,5
007 Barbian,80,,3,1,4
007 Barbian,81,,-,1,1
007 Barbian,82,,1,3,4
007 Barbian,83,,-,5,5
007 Barbian,84,,4,6,10
007 Barbian,85,,-,4,4
007 Barbian,87,,3,2,5
007 Barbian,88,,3,3,6
007 Barbian,89,,-,1,1
007 Barbian,90,,-,1,1
007 Barbian,94,,-,1,1
007 Barbian,Insgesamt,,744,722,1.466
008 Bozen,0,,401,415,816
008 Bozen,1,,438,368,806
008 Bozen,2,,406,419,825
008 Bozen,3,,399,361,760
008 Bozen,4,,426,406,832
008 Bozen,5,,397,394,791
008 Bozen,6,,400,379,779
008 Bozen,7,,456,377,833
008 Bozen,8,,432,386,818
008 Bozen,9,,422,375,797
008 Bozen,10,,401,397,798
008 Bozen,11,,333,380,713
008 Bozen,12,,368,356,724
008 Bozen,13,,400,365,765
008 Bozen,14,,380,375,755
008 Bozen,15,,403,349,752
008 Bozen,16,,407,390,797
008 Bozen,17,,404,381,785
008 Bozen,18,,439,379,818
008 Bozen,19,,392,416,808
008 Bozen,20,,450,421,871
008 Bozen,21,,479,433,912
008 Bozen,22,,509,514,1.023
008 Bozen,23,,619,588,1.207
008 Bozen,24,,650,631,1.281
008 Bozen,25,,673,741,1.414
008 Bozen,26,,767,717,1.484
008 Bozen,27,,876,788,1.664
008 Bozen,28,,836,695,1.531
008 Bozen,29,,895,785,1.680
008 Bozen,30,,827,737,1.564
008 Bozen,31,,825,782,1.607
008 Bozen,32,,897,820,1.717
008 Bozen,33,,919,815,1.734
008 Bozen,34,,915,882,1.797
008 Bozen,35,,797,780,1.577
008 Bozen,36,,798,770,1.568
008 Bozen,37,,792,710,1.502
008 Bozen,38,,713,671,1.384
008 Bozen,39,,713,661,1.374
008 Bozen,40,,699,682,1.381
008 Bozen,41,,653,705,1.358
008 Bozen,42,,664,651,1.315
008 Bozen,43,,645,636,1.281
008 Bozen,44,,645,596,1.241
008 Bozen,45,,567,604,1.171
008 Bozen,46,,577,641,1.218
008 Bozen,47,,566,643,1.209
008 Bozen,48,,620,676,1.296
008 Bozen,49,,651,659,1.310
008 Bozen,50,,681,731,1.412
008 Bozen,51,,688,825,1.513
008 Bozen,52,,773,891,1.664
008 Bozen,53,,589,618,1.207
008 Bozen,54,,637,757,1.394
008 Bozen,55,,671,760,1.431
008 Bozen,56,,694,751,1.445
008 Bozen,57,,774,796,1.570
008 Bozen,58,,730,774,1.504
008 Bozen,59,,634,763,1.397
008 Bozen,60,,704,691,1.395
008 Bozen,61,,589,613,1.202
008 Bozen,62,,554,605,1.159
008 Bozen,63,,526,602,1.128
008 Bozen,64,,539,605,1.144
008 Bozen,65,,466,602,1.068
008 Bozen,66,,498,610,1.108
008 Bozen,67,,500,607,1.107
008 Bozen,68,,503,621,1.124
008 Bozen,69,,408,605,1.013
008 Bozen,70,,425,554,979
008 Bozen,71,,408,550,958
008 Bozen,72,,462,552,1.014
008 Bozen,73,,365,584,949
008 Bozen,74,,352,569,921
008 Bozen,75,,378,570,948
008 Bozen,76,,354,606,960
008 Bozen,77,,299,565,864
008 Bozen,78,,288,543,831
008 Bozen,79,,158,343,501
008 Bozen,80,,102,216,318
008 Bozen,81,,117,224,341
008 Bozen,82,,120,229,349
008 Bozen,83,,161,330,491
008 Bozen,84,,156,307,463
008 Bozen,85,,150,313,463
008 Bozen,86,,120,286,406
008 Bozen,87,,92,242,334
008 Bozen,88,,75,188,263
008 Bozen,89,,54,165,219
008 Bozen,90,,50,138,188
008 Bozen,91,,20,110,130
008 Bozen,92,,22,82,104
008 Bozen,93,,10,53,63
008 Bozen,94,,6,45,51
008 Bozen,95,,2,43,45
008 Bozen,96,,7,20,27
008 Bozen,97,,3,12,15
008 Bozen,98,,2,10,12
008 Bozen,99,,2,7,9
008 Bozen,100,,1,5,6
008 Bozen,101,,2,2,4
008 Bozen,102,,-,2,2
008 Bozen,103,,-,1,1
008 Bozen,105,,-,2,2
008 Bozen,Insgesamt,,46.262,50.397,96.659
009 Prags,0,,2,5,7
009 Prags,1,,4,4,8
009 Prags,2,,2,4,6
009 Prags,3,,2,2,4
009 Prags,4,,4,5,9
009 Prags,5,,7,4,11
009 Prags,6,,6,3,9
009 Prags,7,,7,2,9
009 Prags,8,,4,2,6
009 Prags,9,,9,3,12
009 Prags,10,,2,3,5
009 Prags,11,,3,3,6
009 Prags,12,,6,5,11
009 Prags,13,,8,2,10
009 Prags,14,,5,3,8
009 Prags,15,,3,7,10
009 Prags,16,,3,5,8
009 Prags,17,,1,6,7
009 Prags,18,,4,1,5
009 Prags,19,,2,1,3
009 Prags,20,,6,3,9
009 Prags,21,,4,3,7
009 Prags,22,,6,3,9
009 Prags,23,,2,6,8
009 Prags,24,,4,4,8
009 Prags,25,,7,8,15
009 Prags,26,,3,-,3
009 Prags,27,,5,4,9
009 Prags,28,,6,4,10
009 Prags,29,,6,5,11
009 Prags,30,,7,6,13
009 Prags,31,,6,9,15
009 Prags,32,,8,4,12
009 Prags,33,,8,8,16
009 Prags,34,,6,5,11
009 Prags,35,,7,6,13
009 Prags,36,,4,5,9
009 Prags,37,,5,10,15
009 Prags,38,,7,3,10
009 Prags,39,,12,5,17
009 Prags,40,,6,2,8
009 Prags,41,,5,4,9
009 Prags,42,,3,6,9
009 Prags,43,,3,4,7
009 Prags,44,,6,4,10
009 Prags,45,,4,2,6
009 Prags,46,,2,5,7
009 Prags,47,,3,1,4
009 Prags,48,,5,1,6
009 Prags,49,,1,2,3
009 Prags,50,,5,1,6
009 Prags,51,,1,-,1
009 Prags,52,,2,4,6
009 Prags,53,,2,2,4
009 Prags,54,,4,5,9
009 Prags,55,,1,4,5
009 Prags,56,,4,4,8
009 Prags,57,,5,2,7
009 Prags,58,,1,3,4
009 Prags,59,,3,5,8
009 Prags,60,,4,3,7
009 Prags,61,,1,3,4
009 Prags,62,,2,3,5
009 Prags,63,,2,4,6
009 Prags,64,,4,2,6
009 Prags,65,,5,2,7
009 Prags,66,,5,7,12
009 Prags,67,,1,4,5
009 Prags,68,,2,1,3
009 Prags,69,,3,1,4
009 Prags,70,,3,2,5
009 Prags,71,,3,7,10
009 Prags,72,,3,4,7
009 Prags,73,,2,5,7
009 Prags,74,,4,2,6
009 Prags,75,,-,5,5
009 Prags,76,,3,2,5
009 Prags,77,,2,3,5
009 Prags,78,,1,1,2
009 Prags,79,,1,3,4
009 Prags,80,,-,1,1
009 Prags,81,,2,2,4
009 Prags,82,,-,1,1
009 Prags,83,,1,2,3
009 Prags,84,,-,2,2
009 Prags,85,,-,1,1
009 Prags,86,,-,1,1
009 Prags,87,,-,1,1
009 Prags,89,,1,-,1
009 Prags,90,,-,2,2
009 Prags,Insgesamt,,324,309,633
010 Brenner,0,,19,3,22
010 Brenner,1,,14,6,20
010 Brenner,2,,8,10,18
010 Brenner,3,,10,8,18
010 Brenner,4,,19,10,29
010 Brenner,5,,14,8,22
010 Brenner,6,,9,8,17
010 Brenner,7,,8,19,27
010 Brenner,8,,13,8,21
010 Brenner,9,,14,4,18
010 Brenner,10,,12,5,17
010 Brenner,11,,6,9,15
010 Brenner,12,,9,10,19
010 Brenner,13,,20,10,30
010 Brenner,14,,14,16,30
010 Brenner,15,,16,17,33
010 Brenner,16,,12,5,17
010 Brenner,17,,8,15,23
010 Brenner,18,,10,15,25
010 Brenner,19,,12,9,21
010 Brenner,20,,15,11,26
010 Brenner,21,,17,11,28
010 Brenner,22,,15,11,26
010 Brenner,23,,16,18,34
010 Brenner,24,,22,12,34
010 Brenner,25,,18,16,34
010 Brenner,26,,26,26,52
010 Brenner,27,,32,16,48
010 Brenner,28,,29,22,51
010 Brenner,29,,20,16,36
010 Brenner,30,,20,20,40
010 Brenner,31,,19,17,36
010 Brenner,32,,24,14,38
010 Brenner,33,,23,20,43
010 Brenner,34,,30,16,46
010 Brenner,35,,15,22,37
010 Brenner,36,,21,13,34
010 Brenner,37,,25,11,36
010 Brenner,38,,24,17,41
010 Brenner,39,,23,15,38
010 Brenner,40,,20,9,29
010 Brenner,41,,18,18,36
010 Brenner,42,,18,13,31
010 Brenner,43,,14,10,24
010 Brenner,44,,12,15,27
010 Brenner,45,,11,16,27
010 Brenner,46,,20,8,28
010 Brenner,47,,20,11,31
010 Brenner,48,,14,13,27
010 Brenner,49,,18,16,34
010 Brenner,50,,5,8,13
010 Brenner,51,,21,13,34
010 Brenner,52,,12,17,29
010 Brenner,53,,9,8,17
010 Brenner,54,,21,13,34
010 Brenner,55,,22,14,36
010 Brenner,56,,9,10,19
010 Brenner,57,,11,12,23
010 Brenner,58,,12,12,24
010 Brenner,59,,13,7,20
010 Brenner,60,,11,17,28
010 Brenner,61,,9,14,23
010 Brenner,62,,13,6,19
010 Brenner,63,,7,6,13
010 Brenner,64,,10,9,19
010 Brenner,65,,6,8,14
010 Brenner,66,,2,4,6
010 Brenner,67,,10,11,21
010 Brenner,68,,8,12,20
010 Brenner,69,,13,10,23
010 Brenner,70,,10,11,21
010 Brenner,71,,9,5,14
010 Brenner,72,,11,11,22
010 Brenner,73,,5,11,16
010 Brenner,74,,3,10,13
010 Brenner,75,,5,11,16
010 Brenner,76,,1,9,10
010 Brenner,77,,3,5,8
010 Brenner,78,,6,9,15
010 Brenner,79,,3,2,5
010 Brenner,80,,2,2,4
010 Brenner,81,,1,6,7
010 Brenner,82,,2,-,2
010 Brenner,83,,2,3,5
010 Brenner,84,,2,7,9
010 Brenner,85,,-,4,4
010 Brenner,86,,-,4,4
010 Brenner,87,,5,1,6
010 Brenner,88,,1,4,5
010 Brenner,89,,1,2,3
010 Brenner,90,,1,-,1
010 Brenner,92,,-,2,2
010 Brenner,93,,1,-,1
010 Brenner,94,,-,1,1
010 Brenner,96,,1,1,2
010 Brenner,Insgesamt,,1.145,980,2.125
011 Brixen,0,,114,130,244
011 Brixen,1,,100,94,194
011 Brixen,2,,114,103,217
011 Brixen,3,,106,107,213
011 Brixen,4,,118,112,230
011 Brixen,5,,97,98,195
011 Brixen,6,,106,117,223
011 Brixen,7,,105,104,209
011 Brixen,8,,96,104,200
011 Brixen,9,,105,86,191
011 Brixen,10,,106,93,199
011 Brixen,11,,96,87,183
011 Brixen,12,,98,107,205
011 Brixen,13,,114,88,202
011 Brixen,14,,111,81,192
011 Brixen,15,,109,122,231
011 Brixen,16,,115,100,215
011 Brixen,17,,106,95,201
011 Brixen,18,,93,100,193
011 Brixen,19,,120,92,212
011 Brixen,20,,88,98,186
011 Brixen,21,,116,104,220
011 Brixen,22,,125,110,235
011 Brixen,23,,105,100,205
011 Brixen,24,,123,130,253
011 Brixen,25,,138,140,278
011 Brixen,26,,139,139,278
011 Brixen,27,,148,158,306
011 Brixen,28,,169,146,315
011 Brixen,29,,182,183,365
011 Brixen,30,,172,159,331
011 Brixen,31,,168,162,330
011 Brixen,32,,179,180,359
011 Brixen,33,,185,145,330
011 Brixen,34,,184,184,368
011 Brixen,35,,153,169,322
011 Brixen,36,,161,159,320
011 Brixen,37,,139,162,301
011 Brixen,38,,152,145,297
011 Brixen,39,,146,141,287
011 Brixen,40,,162,112,274
011 Brixen,41,,131,131,262
011 Brixen,42,,108,137,245
011 Brixen,43,,124,91,215
011 Brixen,44,,99,106,205
011 Brixen,45,,85,106,191
011 Brixen,46,,109,100,209
011 Brixen,47,,101,104,205
011 Brixen,48,,109,103,212
011 Brixen,49,,81,122,203
011 Brixen,50,,116,119,235
011 Brixen,51,,91,109,200
011 Brixen,52,,108,115,223
011 Brixen,53,,70,98,168
011 Brixen,54,,119,106,225
011 Brixen,55,,140,123,263
011 Brixen,56,,97,101,198
011 Brixen,57,,112,122,234
011 Brixen,58,,91,123,214
011 Brixen,59,,102,108,210
011 Brixen,60,,97,99,196
011 Brixen,61,,90,100,190
011 Brixen,62,,75,92,167
011 Brixen,63,,83,84,167
011 Brixen,64,,88,98,186
011 Brixen,65,,81,69,150
011 Brixen,66,,75,86,161
011 Brixen,67,,77,89,166
011 Brixen,68,,79,99,178
011 Brixen,69,,62,104,166
011 Brixen,70,,68,81,149
011 Brixen,71,,51,99,150
011 Brixen,72,,59,82,141
011 Brixen,73,,59,85,144
011 Brixen,74,,55,88,143
011 Brixen,75,,54,70,124
011 Brixen,76,,46,87,133
011 Brixen,77,,37,87,124
011 Brixen,78,,40,77,117
011 Brixen,79,,31,56,87
011 Brixen,80,,20,37,57
011 Brixen,81,,19,42,61
011 Brixen,82,,13,28,41
011 Brixen,83,,15,38,53
011 Brixen,84,,23,52,75
011 Brixen,85,,13,53,66
011 Brixen,86,,17,44,61
011 Brixen,87,,9,42,51
011 Brixen,88,,13,41,54
011 Brixen,89,,10,20,30
011 Brixen,90,,10,22,32
011 Brixen,91,,3,17,20
011 Brixen,92,,3,16,19
011 Brixen,93,,3,11,14
011 Brixen,94,,1,4,5
011 Brixen,95,,1,2,3
011 Brixen,96,,-,8,8
011 Brixen,97,,-,7,7
011 Brixen,98,,-,6,6
011 Brixen,106,,-,1,1
011 Brixen,Insgesamt,,8.736,9.393,18.129
012 Branzoll,0,,11,11,22
012 Branzoll,1,,11,21,32
012 Branzoll,2,,18,8,26
012 Branzoll,3,,11,11,22
012 Branzoll,4,,20,8,28
012 Branzoll,5,,16,15,31
012 Branzoll,6,,12,10,22
012 Branzoll,7,,11,17,28
012 Branzoll,8,,8,17,25
012 Branzoll,9,,11,12,23
012 Branzoll,10,,14,12,26
012 Branzoll,11,,11,5,16
012 Branzoll,12,,8,13,21
012 Branzoll,13,,12,14,26
012 Branzoll,14,,14,11,25
012 Branzoll,15,,11,11,22
012 Branzoll,16,,15,12,27
012 Branzoll,17,,15,13,28
012 Branzoll,18,,8,14,22
012 Branzoll,19,,11,4,15
012 Branzoll,20,,10,15,25
012 Branzoll,21,,10,13,23
012 Branzoll,22,,15,13,28
012 Branzoll,23,,12,10,22
012 Branzoll,24,,16,19,35
012 Branzoll,25,,21,17,38
012 Branzoll,26,,19,12,31
012 Branzoll,27,,18,15,33
012 Branzoll,28,,19,24,43
012 Branzoll,29,,24,18,42
012 Branzoll,30,,21,21,42
012 Branzoll,31,,22,18,40
012 Branzoll,32,,21,22,43
012 Branzoll,33,,19,23,42
012 Branzoll,34,,31,22,53
012 Branzoll,35,,18,17,35
012 Branzoll,36,,19,18,37
012 Branzoll,37,,27,30,57
012 Branzoll,38,,22,19,41
012 Branzoll,39,,12,23,35
012 Branzoll,40,,21,16,37
012 Branzoll,41,,25,18,43
012 Branzoll,42,,16,15,31
012 Branzoll,43,,16,16,32
012 Branzoll,44,,23,15,38
012 Branzoll,45,,13,21,34
012 Branzoll,46,,15,18,33
012 Branzoll,47,,14,14,28
012 Branzoll,48,,19,15,34
012 Branzoll,49,,15,15,30
012 Branzoll,50,,14,16,30
012 Branzoll,51,,13,15,28
012 Branzoll,52,,14,19,33
012 Branzoll,53,,15,7,22
012 Branzoll,54,,10,10,20
012 Branzoll,55,,14,13,27
012 Branzoll,56,,19,7,26
012 Branzoll,57,,18,12,30
012 Branzoll,58,,10,14,24
012 Branzoll,59,,16,12,28
012 Branzoll,60,,9,11,20
012 Branzoll,61,,5,12,17
012 Branzoll,62,,10,10,20
012 Branzoll,63,,7,10,17
012 Branzoll,64,,6,11,17
012 Branzoll,65,,20,12,32
012 Branzoll,66,,10,10,20
012 Branzoll,67,,3,10,13
012 Branzoll,68,,9,17,26
012 Branzoll,69,,7,11,18
012 Branzoll,70,,7,12,19
012 Branzoll,71,,4,8,12
012 Branzoll,72,,11,11,22
012 Branzoll,73,,5,6,11
012 Branzoll,74,,4,9,13
012 Branzoll,75,,10,11,21
012 Branzoll,76,,4,5,9
012 Branzoll,77,,5,10,15
012 Branzoll,78,,1,6,7
012 Branzoll,79,,2,6,8
012 Branzoll,80,,3,5,8
012 Branzoll,81,,-,3,3
012 Branzoll,82,,3,1,4
012 Branzoll,83,,3,3,6
012 Branzoll,84,,-,5,5
012 Branzoll,85,,3,6,9
012 Branzoll,86,,1,4,5
012 Branzoll,87,,3,3,6
012 Branzoll,88,,1,2,3
012 Branzoll,89,,1,4,5
012 Branzoll,90,,1,2,3
012 Branzoll,91,,3,1,4
012 Branzoll,92,,1,-,1
012 Branzoll,93,,-,2,2
012 Branzoll,Insgesamt,,1.106,1.135,2.241
013 Bruneck,0,,92,83,175
013 Bruneck,1,,103,63,166
013 Bruneck,2,,81,83,164
013 Bruneck,3,,60,69,129
013 Bruneck,4,,85,73,158
013 Bruneck,5,,72,69,141
013 Bruneck,6,,87,73,160
013 Bruneck,7,,82,54,136
013 Bruneck,8,,86,71,157
013 Bruneck,9,,75,75,150
013 Bruneck,10,,62,74,136
013 Bruneck,11,,60,60,120
013 Bruneck,12,,99,69,168
013 Bruneck,13,,73,64,137
013 Bruneck,14,,75,72,147
013 Bruneck,15,,66,74,140
013 Bruneck,16,,70,72,142
013 Bruneck,17,,82,87,169
013 Bruneck,18,,97,87,184
013 Bruneck,19,,86,98,184
013 Bruneck,20,,114,89,203
013 Bruneck,21,,98,78,176
013 Bruneck,22,,89,94,183
013 Bruneck,23,,94,111,205
013 Bruneck,24,,111,92,203
013 Bruneck,25,,119,114,233
013 Bruneck,26,,118,120,238
013 Bruneck,27,,134,119,253
013 Bruneck,28,,110,126,236
013 Bruneck,29,,124,112,236
013 Bruneck,30,,120,137,257
013 Bruneck,31,,128,112,240
013 Bruneck,32,,129,109,238
013 Bruneck,33,,136,129,265
013 Bruneck,34,,132,126,258
013 Bruneck,35,,115,117,232
013 Bruneck,36,,119,109,228
013 Bruneck,37,,112,97,209
013 Bruneck,38,,101,111,212
013 Bruneck,39,,102,100,202
013 Bruneck,40,,101,103,204
013 Bruneck,41,,83,100,183
013 Bruneck,42,,84,92,176
013 Bruneck,43,,84,81,165
013 Bruneck,44,,91,87,178
013 Bruneck,45,,71,98,169
013 Bruneck,46,,83,98,181
013 Bruneck,47,,76,89,165
013 Bruneck,48,,86,93,179
013 Bruneck,49,,89,91,180
013 Bruneck,50,,84,110,194
013 Bruneck,51,,96,68,164
013 Bruneck,52,,101,84,185
013 Bruneck,53,,59,68,127
013 Bruneck,54,,92,92,184
013 Bruneck,55,,100,88,188
013 Bruneck,56,,96,89,185
013 Bruneck,57,,83,93,176
013 Bruneck,58,,82,83,165
013 Bruneck,59,,85,89,174
013 Bruneck,60,,60,54,114
013 Bruneck,61,,58,63,121
013 Bruneck,62,,57,57,114
013 Bruneck,63,,51,53,104
013 Bruneck,64,,48,50,98
013 Bruneck,65,,59,63,122
013 Bruneck,66,,61,52,113
013 Bruneck,67,,42,53,95
013 Bruneck,68,,46,66,112
013 Bruneck,69,,42,61,103
013 Bruneck,70,,45,61,106
013 Bruneck,71,,35,51,86
013 Bruneck,72,,33,40,73
013 Bruneck,73,,33,49,82
013 Bruneck,74,,22,64,86
013 Bruneck,75,,38,48,86
013 Bruneck,76,,33,50,83
013 Bruneck,77,,26,32,58
013 Bruneck,78,,22,44,66
013 Bruneck,79,,17,35,52
013 Bruneck,80,,9,25,34
013 Bruneck,81,,8,23,31
013 Bruneck,82,,8,33,41
013 Bruneck,83,,11,24,35
013 Bruneck,84,,12,25,37
013 Bruneck,85,,9,40,49
013 Bruneck,86,,13,25,38
013 Bruneck,87,,4,26,30
013 Bruneck,88,,8,18,26
013 Bruneck,89,,12,15,27
013 Bruneck,90,,5,12,17
013 Bruneck,91,,5,11,16
013 Bruneck,92,,4,11,15
013 Bruneck,93,,3,4,7
013 Bruneck,94,,3,1,4
013 Bruneck,95,,1,4,5
013 Bruneck,96,,-,3,3
013 Bruneck,98,,-,1,1
013 Bruneck,100,,-,2,2
013 Bruneck,101,,-,1,1
013 Bruneck,Insgesamt,,6.567,6.818,13.385
014 Kuens,0,,2,5,7
014 Kuens,1,,1,2,3
014 Kuens,2,,5,2,7
014 Kuens,3,,2,3,5
014 Kuens,4,,1,4,5
014 Kuens,5,,3,3,6
014 Kuens,6,,3,2,5
014 Kuens,7,,2,2,4
014 Kuens,8,,3,2,5
014 Kuens,9,,3,2,5
014 Kuens,10,,1,3,4
014 Kuens,11,,3,-,3
014 Kuens,12,,1,-,1
014 Kuens,14,,1,-,1
014 Kuens,15,,2,2,4
014 Kuens,16,,2,-,2
014 Kuens,17,,2,-,2
014 Kuens,18,,3,2,5
014 Kuens,19,,1,1,2
014 Kuens,20,,2,-,2
014 Kuens,21,,2,3,5
014 Kuens,22,,3,2,5
014 Kuens,23,,4,2,6
014 Kuens,24,,4,6,10
014 Kuens,25,,-,4,4
014 Kuens,26,,4,2,6
014 Kuens,27,,1,5,6
014 Kuens,28,,7,2,9
014 Kuens,29,,4,2,6
014 Kuens,30,,3,5,8
014 Kuens,31,,4,8,12
014 Kuens,32,,3,4,7
014 Kuens,33,,8,1,9
014 Kuens,34,,5,5,10
014 Kuens,35,,10,3,13
014 Kuens,36,,5,3,8
014 Kuens,37,,-,4,4
014 Kuens,38,,-,1,1
014 Kuens,39,,1,-,1
014 Kuens,40,,1,4,5
014 Kuens,41,,4,-,4
014 Kuens,42,,2,-,2
014 Kuens,43,,1,3,4
014 Kuens,45,,1,1,2
014 Kuens,46,,-,2,2
014 Kuens,47,,1,-,1
014 Kuens,48,,1,3,4
014 Kuens,49,,2,2,4
014 Kuens,50,,2,1,3
014 Kuens,51,,1,1,2
014 Kuens,52,,1,2,3
014 Kuens,53,,4,1,5
014 Kuens,55,,-,2,2
014 Kuens,56,,-,4,4
014 Kuens,57,,-,2,2
014 Kuens,58,,-,1,1
014 Kuens,59,,4,2,6
014 Kuens,60,,3,2,5
014 Kuens,61,,1,3,4
014 Kuens,62,,2,3,5
014 Kuens,63,,1,3,4
014 Kuens,64,,-,1,1
014 Kuens,65,,2,1,3
014 Kuens,66,,4,2,6
014 Kuens,67,,3,2,5
014 Kuens,68,,3,2,5
014 Kuens,69,,1,-,1
014 Kuens,70,,1,-,1
014 Kuens,71,,1,1,2
014 Kuens,72,,1,-,1
014 Kuens,76,,-,2,2
014 Kuens,79,,-,1,1
014 Kuens,82,,1,1,2
014 Kuens,83,,1,-,1
014 Kuens,85,,-,1,1
014 Kuens,86,,1,-,1
014 Kuens,88,,1,-,1
014 Kuens,90,,-,1,1
014 Kuens,91,,-,1,1
014 Kuens,Insgesamt,,163,155,318
015 Kaltern a.d. Weinstr.,0,,39,42,81
015 Kaltern a.d. Weinstr.,1,,41,44,85
015 Kaltern a.d. Weinstr.,2,,34,41,75
015 Kaltern a.d. Weinstr.,3,,38,35,73
015 Kaltern a.d. Weinstr.,4,,33,38,71
015 Kaltern a.d. Weinstr.,5,,32,36,68
015 Kaltern a.d. Weinstr.,6,,40,36,76
015 Kaltern a.d. Weinstr.,7,,30,43,73
015 Kaltern a.d. Weinstr.,8,,36,36,72
015 Kaltern a.d. Weinstr.,9,,54,24,78
015 Kaltern a.d. Weinstr.,10,,39,34,73
015 Kaltern a.d. Weinstr.,11,,42,31,73
015 Kaltern a.d. Weinstr.,12,,51,40,91
015 Kaltern a.d. Weinstr.,13,,48,36,84
015 Kaltern a.d. Weinstr.,14,,37,33,70
015 Kaltern a.d. Weinstr.,15,,42,37,79
015 Kaltern a.d. Weinstr.,16,,43,44,87
015 Kaltern a.d. Weinstr.,17,,46,34,80
015 Kaltern a.d. Weinstr.,18,,40,41,81
015 Kaltern a.d. Weinstr.,19,,43,37,80
015 Kaltern a.d. Weinstr.,20,,42,28,70
015 Kaltern a.d. Weinstr.,21,,28,41,69
015 Kaltern a.d. Weinstr.,22,,37,47,84
015 Kaltern a.d. Weinstr.,23,,33,44,77
015 Kaltern a.d. Weinstr.,24,,49,42,91
015 Kaltern a.d. Weinstr.,25,,36,50,86
015 Kaltern a.d. Weinstr.,26,,42,55,97
015 Kaltern a.d. Weinstr.,27,,51,36,87
015 Kaltern a.d. Weinstr.,28,,58,58,116
015 Kaltern a.d. Weinstr.,29,,53,65,118
015 Kaltern a.d. Weinstr.,30,,61,64,125
015 Kaltern a.d. Weinstr.,31,,56,55,111
015 Kaltern a.d. Weinstr.,32,,57,64,121
015 Kaltern a.d. Weinstr.,33,,54,59,113
015 Kaltern a.d. Weinstr.,34,,81,58,139
015 Kaltern a.d. Weinstr.,35,,56,54,110
015 Kaltern a.d. Weinstr.,36,,59,63,122
015 Kaltern a.d. Weinstr.,37,,67,59,126
015 Kaltern a.d. Weinstr.,38,,53,64,117
015 Kaltern a.d. Weinstr.,39,,51,49,100
015 Kaltern a.d. Weinstr.,40,,59,55,114
015 Kaltern a.d. Weinstr.,41,,51,55,106
015 Kaltern a.d. Weinstr.,42,,62,45,107
015 Kaltern a.d. Weinstr.,43,,56,39,95
015 Kaltern a.d. Weinstr.,44,,38,48,86
015 Kaltern a.d. Weinstr.,45,,35,37,72
015 Kaltern a.d. Weinstr.,46,,40,52,92
015 Kaltern a.d. Weinstr.,47,,35,33,68
015 Kaltern a.d. Weinstr.,48,,44,34,78
015 Kaltern a.d. Weinstr.,49,,29,37,66
015 Kaltern a.d. Weinstr.,50,,40,39,79
015 Kaltern a.d. Weinstr.,51,,38,57,95
015 Kaltern a.d. Weinstr.,52,,50,40,90
015 Kaltern a.d. Weinstr.,53,,39,37,76
015 Kaltern a.d. Weinstr.,54,,44,45,89
015 Kaltern a.d. Weinstr.,55,,36,37,73
015 Kaltern a.d. Weinstr.,56,,37,44,81
015 Kaltern a.d. Weinstr.,57,,42,43,85
015 Kaltern a.d. Weinstr.,58,,32,40,72
015 Kaltern a.d. Weinstr.,59,,24,32,56
015 Kaltern a.d. Weinstr.,60,,42,43,85
015 Kaltern a.d. Weinstr.,61,,31,34,65
015 Kaltern a.d. Weinstr.,62,,21,24,45
015 Kaltern a.d. Weinstr.,63,,27,27,54
015 Kaltern a.d. Weinstr.,64,,27,26,53
015 Kaltern a.d. Weinstr.,65,,30,37,67
015 Kaltern a.d. Weinstr.,66,,30,31,61
015 Kaltern a.d. Weinstr.,67,,26,39,65
015 Kaltern a.d. Weinstr.,68,,33,41,74
015 Kaltern a.d. Weinstr.,69,,28,32,60
015 Kaltern a.d. Weinstr.,70,,24,35,59
015 Kaltern a.d. Weinstr.,71,,23,41,64
015 Kaltern a.d. Weinstr.,72,,21,32,53
015 Kaltern a.d. Weinstr.,73,,22,40,62
015 Kaltern a.d. Weinstr.,74,,25,32,57
015 Kaltern a.d. Weinstr.,75,,14,34,48
015 Kaltern a.d. Weinstr.,76,,20,34,54
015 Kaltern a.d. Weinstr.,77,,18,37,55
015 Kaltern a.d. Weinstr.,78,,12,29,41
015 Kaltern a.d. Weinstr.,79,,8,19,27
015 Kaltern a.d. Weinstr.,80,,9,10,19
015 Kaltern a.d. Weinstr.,81,,3,14,17
015 Kaltern a.d. Weinstr.,82,,3,9,12
015 Kaltern a.d. Weinstr.,83,,3,18,21
015 Kaltern a.d. Weinstr.,84,,5,15,20
015 Kaltern a.d. Weinstr.,85,,10,21,31
015 Kaltern a.d. Weinstr.,86,,8,25,33
015 Kaltern a.d. Weinstr.,87,,3,11,14
015 Kaltern a.d. Weinstr.,88,,3,8,11
015 Kaltern a.d. Weinstr.,89,,4,13,17
015 Kaltern a.d. Weinstr.,90,,3,4,7
015 Kaltern a.d. Weinstr.,91,,-,9,9
015 Kaltern a.d. Weinstr.,92,,1,3,4
015 Kaltern a.d. Weinstr.,93,,1,3,4
015 Kaltern a.d. Weinstr.,94,,1,2,3
015 Kaltern a.d. Weinstr.,95,,1,3,4
015 Kaltern a.d. Weinstr.,97,,-,1,1
015 Kaltern a.d. Weinstr.,Insgesamt,,3.203,3.482,6.685
016 Freienfeld,0,,15,15,30
016 Freienfeld,1,,23,14,37
016 Freienfeld,2,,22,12,34
016 Freienfeld,3,,14,14,28
016 Freienfeld,4,,13,9,22
016 Freienfeld,5,,15,10,25
016 Freienfeld,6,,19,21,40
016 Freienfeld,7,,11,13,24
016 Freienfeld,8,,18,18,36
016 Freienfeld,9,,26,21,47
016 Freienfeld,10,,18,14,32
016 Freienfeld,11,,16,15,31
016 Freienfeld,12,,15,13,28
016 Freienfeld,13,,15,14,29
016 Freienfeld,14,,23,15,38
016 Freienfeld,15,,21,19,40
016 Freienfeld,16,,14,16,30
016 Freienfeld,17,,24,21,45
016 Freienfeld,18,,18,15,33
016 Freienfeld,19,,20,19,39
016 Freienfeld,20,,13,19,32
016 Freienfeld,21,,14,18,32
016 Freienfeld,22,,17,10,27
016 Freienfeld,23,,18,23,41
016 Freienfeld,24,,19,19,38
016 Freienfeld,25,,22,20,42
016 Freienfeld,26,,22,26,48
016 Freienfeld,27,,22,25,47
016 Freienfeld,28,,22,16,38
016 Freienfeld,29,,19,19,38
016 Freienfeld,30,,22,24,46
016 Freienfeld,31,,19,27,46
016 Freienfeld,32,,22,17,39
016 Freienfeld,33,,25,15,40
016 Freienfeld,34,,25,19,44
016 Freienfeld,35,,22,17,39
016 Freienfeld,36,,25,30,55
016 Freienfeld,37,,25,20,45
016 Freienfeld,38,,24,21,45
016 Freienfeld,39,,31,14,45
016 Freienfeld,40,,18,18,36
016 Freienfeld,41,,13,17,30
016 Freienfeld,42,,23,15,38
016 Freienfeld,43,,19,9,28
016 Freienfeld,44,,18,18,36
016 Freienfeld,45,,19,10,29
016 Freienfeld,46,,12,20,32
016 Freienfeld,47,,15,12,27
016 Freienfeld,48,,21,11,32
016 Freienfeld,49,,18,13,31
016 Freienfeld,50,,19,12,31
016 Freienfeld,51,,7,13,20
016 Freienfeld,52,,10,16,26
016 Freienfeld,53,,13,2,15
016 Freienfeld,54,,12,6,18
016 Freienfeld,55,,16,12,28
016 Freienfeld,56,,13,10,23
016 Freienfeld,57,,11,11,22
016 Freienfeld,58,,13,4,17
016 Freienfeld,59,,10,10,20
016 Freienfeld,60,,12,11,23
016 Freienfeld,61,,8,11,19
016 Freienfeld,62,,10,13,23
016 Freienfeld,63,,8,12,20
016 Freienfeld,64,,6,7,13
016 Freienfeld,65,,13,8,21
016 Freienfeld,66,,13,10,23
016 Freienfeld,67,,9,9,18
016 Freienfeld,68,,9,8,17
016 Freienfeld,69,,6,7,13
016 Freienfeld,70,,8,7,15
016 Freienfeld,71,,7,9,16
016 Freienfeld,72,,8,14,22
016 Freienfeld,73,,8,10,18
016 Freienfeld,74,,7,8,15
016 Freienfeld,75,,2,16,18
016 Freienfeld,76,,3,10,13
016 Freienfeld,77,,1,3,4
016 Freienfeld,78,,9,5,14
016 Freienfeld,79,,3,4,7
016 Freienfeld,80,,3,5,8
016 Freienfeld,81,,-,5,5
016 Freienfeld,82,,2,3,5
016 Freienfeld,83,,1,4,5
016 Freienfeld,84,,3,9,12
016 Freienfeld,85,,3,3,6
016 Freienfeld,86,,1,3,4
016 Freienfeld,87,,3,4,7
016 Freienfeld,88,,3,2,5
016 Freienfeld,89,,1,1,2
016 Freienfeld,90,,-,4,4
016 Freienfeld,91,,2,3,5
016 Freienfeld,93,,-,1,1
016 Freienfeld,96,,-,1,1
016 Freienfeld,Insgesamt,,1.260,1.176,2.436
017 Sand in Taufers,0,,31,37,68
017 Sand in Taufers,1,,35,37,72
017 Sand in Taufers,2,,25,29,54
017 Sand in Taufers,3,,27,30,57
017 Sand in Taufers,4,,40,33,73
017 Sand in Taufers,5,,23,33,56
017 Sand in Taufers,6,,32,36,68
017 Sand in Taufers,7,,26,33,59
017 Sand in Taufers,8,,24,31,55
017 Sand in Taufers,9,,27,29,56
017 Sand in Taufers,10,,28,29,57
017 Sand in Taufers,11,,22,23,45
017 Sand in Taufers,12,,21,20,41
017 Sand in Taufers,13,,23,25,48
017 Sand in Taufers,14,,31,25,56
017 Sand in Taufers,15,,35,29,64
017 Sand in Taufers,16,,24,39,63
017 Sand in Taufers,17,,35,33,68
017 Sand in Taufers,18,,32,35,67
017 Sand in Taufers,19,,31,39,70
017 Sand in Taufers,20,,38,34,72
017 Sand in Taufers,21,,36,36,72
017 Sand in Taufers,22,,41,33,74
017 Sand in Taufers,23,,43,43,86
017 Sand in Taufers,24,,58,40,98
017 Sand in Taufers,25,,58,39,97
017 Sand in Taufers,26,,50,55,105
017 Sand in Taufers,27,,45,47,92
017 Sand in Taufers,28,,37,55,92
017 Sand in Taufers,29,,55,39,94
017 Sand in Taufers,30,,47,40,87
017 Sand in Taufers,31,,29,40,69
017 Sand in Taufers,32,,52,31,83
017 Sand in Taufers,33,,46,33,79
017 Sand in Taufers,34,,48,42,90
017 Sand in Taufers,35,,52,48,100
017 Sand in Taufers,36,,36,37,73
017 Sand in Taufers,37,,44,38,82
017 Sand in Taufers,38,,43,33,76
017 Sand in Taufers,39,,41,37,78
017 Sand in Taufers,40,,37,22,59
017 Sand in Taufers,41,,23,38,61
017 Sand in Taufers,42,,29,36,65
017 Sand in Taufers,43,,25,22,47
017 Sand in Taufers,44,,28,27,55
017 Sand in Taufers,45,,34,24,58
017 Sand in Taufers,46,,18,30,48
017 Sand in Taufers,47,,29,24,53
017 Sand in Taufers,48,,34,35,69
017 Sand in Taufers,49,,32,22,54
017 Sand in Taufers,50,,22,25,47
017 Sand in Taufers,51,,25,29,54
017 Sand in Taufers,52,,28,25,53
017 Sand in Taufers,53,,29,9,38
017 Sand in Taufers,54,,18,28,46
017 Sand in Taufers,55,,29,32,61
017 Sand in Taufers,56,,31,35,66
017 Sand in Taufers,57,,27,32,59
017 Sand in Taufers,58,,25,20,45
017 Sand in Taufers,59,,28,31,59
017 Sand in Taufers,60,,19,27,46
017 Sand in Taufers,61,,28,12,40
017 Sand in Taufers,62,,17,25,42
017 Sand in Taufers,63,,33,18,51
017 Sand in Taufers,64,,15,15,30
017 Sand in Taufers,65,,17,17,34
017 Sand in Taufers,66,,12,17,29
017 Sand in Taufers,67,,15,14,29
017 Sand in Taufers,68,,15,19,34
017 Sand in Taufers,69,,18,15,33
017 Sand in Taufers,70,,13,17,30
017 Sand in Taufers,71,,19,13,32
017 Sand in Taufers,72,,12,19,31
017 Sand in Taufers,73,,11,15,26
017 Sand in Taufers,74,,8,18,26
017 Sand in Taufers,75,,14,13,27
017 Sand in Taufers,76,,13,18,31
017 Sand in Taufers,77,,8,18,26
017 Sand in Taufers,78,,9,10,19
017 Sand in Taufers,79,,7,10,17
017 Sand in Taufers,80,,3,7,10
017 Sand in Taufers,81,,5,11,16
017 Sand in Taufers,82,,-,6,6
017 Sand in Taufers,83,,2,9,11
017 Sand in Taufers,84,,6,13,19
017 Sand in Taufers,85,,-,13,13
017 Sand in Taufers,86,,2,7,9
017 Sand in Taufers,87,,2,8,10
017 Sand in Taufers,88,,-,2,2
017 Sand in Taufers,89,,2,8,10
017 Sand in Taufers,90,,2,2,4
017 Sand in Taufers,91,,2,5,7
017 Sand in Taufers,92,,2,2,4
017 Sand in Taufers,93,,1,-,1
017 Sand in Taufers,97,,1,-,1
017 Sand in Taufers,Insgesamt,,2.355,2.394,4.749
018 Kastelbell-Tschars,0,,18,13,31
018 Kastelbell-Tschars,1,,10,9,19
018 Kastelbell-Tschars,2,,12,16,28
018 Kastelbell-Tschars,3,,14,11,25
018 Kastelbell-Tschars,4,,12,15,27
018 Kastelbell-Tschars,5,,13,16,29
018 Kastelbell-Tschars,6,,15,14,29
018 Kastelbell-Tschars,7,,19,14,33
018 Kastelbell-Tschars,8,,16,10,26
018 Kastelbell-Tschars,9,,16,11,27
018 Kastelbell-Tschars,10,,19,7,26
018 Kastelbell-Tschars,11,,19,15,34
018 Kastelbell-Tschars,12,,18,21,39
018 Kastelbell-Tschars,13,,21,15,36
018 Kastelbell-Tschars,14,,6,10,16
018 Kastelbell-Tschars,15,,13,23,36
018 Kastelbell-Tschars,16,,24,14,38
018 Kastelbell-Tschars,17,,15,24,39
018 Kastelbell-Tschars,18,,18,18,36
018 Kastelbell-Tschars,19,,16,17,33
018 Kastelbell-Tschars,20,,13,25,38
018 Kastelbell-Tschars,21,,10,18,28
018 Kastelbell-Tschars,22,,18,17,35
018 Kastelbell-Tschars,23,,16,13,29
018 Kastelbell-Tschars,24,,20,14,34
018 Kastelbell-Tschars,25,,25,18,43
018 Kastelbell-Tschars,26,,15,17,32
018 Kastelbell-Tschars,27,,17,14,31
018 Kastelbell-Tschars,28,,17,20,37
018 Kastelbell-Tschars,29,,24,24,48
018 Kastelbell-Tschars,30,,15,16,31
018 Kastelbell-Tschars,31,,15,23,38
018 Kastelbell-Tschars,32,,25,11,36
018 Kastelbell-Tschars,33,,22,16,38
018 Kastelbell-Tschars,34,,24,15,39
018 Kastelbell-Tschars,35,,23,20,43
018 Kastelbell-Tschars,36,,8,23,31
018 Kastelbell-Tschars,37,,19,19,38
018 Kastelbell-Tschars,38,,24,19,43
018 Kastelbell-Tschars,39,,25,19,44
018 Kastelbell-Tschars,40,,18,14,32
018 Kastelbell-Tschars,41,,15,11,26
018 Kastelbell-Tschars,42,,13,19,32
018 Kastelbell-Tschars,43,,17,19,36
018 Kastelbell-Tschars,44,,9,13,22
018 Kastelbell-Tschars,45,,10,16,26
018 Kastelbell-Tschars,46,,12,18,30
018 Kastelbell-Tschars,47,,16,11,27
018 Kastelbell-Tschars,48,,13,14,27
018 Kastelbell-Tschars,49,,11,7,18
018 Kastelbell-Tschars,50,,14,9,23
018 Kastelbell-Tschars,51,,10,9,19
018 Kastelbell-Tschars,52,,15,13,28
018 Kastelbell-Tschars,53,,10,4,14
018 Kastelbell-Tschars,54,,12,7,19
018 Kastelbell-Tschars,55,,10,8,18
018 Kastelbell-Tschars,56,,10,12,22
018 Kastelbell-Tschars,57,,11,8,19
018 Kastelbell-Tschars,58,,9,10,19
018 Kastelbell-Tschars,59,,13,13,26
018 Kastelbell-Tschars,60,,8,15,23
018 Kastelbell-Tschars,61,,11,11,22
018 Kastelbell-Tschars,62,,11,16,27
018 Kastelbell-Tschars,63,,11,11,22
018 Kastelbell-Tschars,64,,6,16,22
018 Kastelbell-Tschars,65,,18,13,31
018 Kastelbell-Tschars,66,,7,14,21
018 Kastelbell-Tschars,67,,10,13,23
018 Kastelbell-Tschars,68,,23,16,39
018 Kastelbell-Tschars,69,,11,14,25
018 Kastelbell-Tschars,70,,9,11,20
018 Kastelbell-Tschars,71,,10,9,19
018 Kastelbell-Tschars,72,,15,16,31
018 Kastelbell-Tschars,73,,14,14,28
018 Kastelbell-Tschars,74,,5,11,16
018 Kastelbell-Tschars,75,,12,10,22
018 Kastelbell-Tschars,76,,7,9,16
018 Kastelbell-Tschars,77,,4,8,12
018 Kastelbell-Tschars,78,,5,9,14
018 Kastelbell-Tschars,79,,2,5,7
018 Kastelbell-Tschars,80,,1,4,5
018 Kastelbell-Tschars,81,,2,3,5
018 Kastelbell-Tschars,82,,-,5,5
018 Kastelbell-Tschars,83,,7,4,11
018 Kastelbell-Tschars,84,,3,7,10
018 Kastelbell-Tschars,85,,7,4,11
018 Kastelbell-Tschars,86,,1,5,6
018 Kastelbell-Tschars,87,,2,5,7
018 Kastelbell-Tschars,88,,-,3,3
018 Kastelbell-Tschars,89,,1,-,1
018 Kastelbell-Tschars,90,,-,5,5
018 Kastelbell-Tschars,91,,-,1,1
018 Kastelbell-Tschars,94,,1,2,3
018 Kastelbell-Tschars,96,,-,1,1
018 Kastelbell-Tschars,Insgesamt,,1.161,1.179,2.340
019 Kastelruth,0,,51,50,101
019 Kastelruth,1,,49,53,102
019 Kastelruth,2,,42,36,78
019 Kastelruth,3,,55,42,97
019 Kastelruth,4,,32,31,63
019 Kastelruth,5,,39,34,73
019 Kastelruth,6,,38,50,88
019 Kastelruth,7,,36,41,77
019 Kastelruth,8,,36,36,72
019 Kastelruth,9,,46,41,87
019 Kastelruth,10,,27,24,51
019 Kastelruth,11,,37,41,78
019 Kastelruth,12,,33,23,56
019 Kastelruth,13,,27,32,59
019 Kastelruth,14,,35,29,64
019 Kastelruth,15,,33,43,76
019 Kastelruth,16,,44,33,77
019 Kastelruth,17,,36,40,76
019 Kastelruth,18,,45,37,82
019 Kastelruth,19,,30,44,74
019 Kastelruth,20,,31,38,69
019 Kastelruth,21,,37,35,72
019 Kastelruth,22,,43,46,89
019 Kastelruth,23,,53,35,88
019 Kastelruth,24,,54,50,104
019 Kastelruth,25,,42,63,105
019 Kastelruth,26,,62,42,104
019 Kastelruth,27,,59,46,105
019 Kastelruth,28,,50,64,114
019 Kastelruth,29,,64,60,124
019 Kastelruth,30,,64,55,119
019 Kastelruth,31,,72,65,137
019 Kastelruth,32,,68,50,118
019 Kastelruth,33,,44,73,117
019 Kastelruth,34,,56,41,97
019 Kastelruth,35,,54,35,89
019 Kastelruth,36,,36,50,86
019 Kastelruth,37,,50,43,93
019 Kastelruth,38,,49,42,91
019 Kastelruth,39,,46,45,91
019 Kastelruth,40,,48,41,89
019 Kastelruth,41,,37,36,73
019 Kastelruth,42,,35,29,64
019 Kastelruth,43,,37,36,73
019 Kastelruth,44,,35,29,64
019 Kastelruth,45,,29,31,60
019 Kastelruth,46,,39,25,64
019 Kastelruth,47,,30,26,56
019 Kastelruth,48,,41,18,59
019 Kastelruth,49,,20,34,54
019 Kastelruth,50,,28,38,66
019 Kastelruth,51,,35,33,68
019 Kastelruth,52,,22,39,61
019 Kastelruth,53,,24,20,44
019 Kastelruth,54,,20,45,65
019 Kastelruth,55,,41,34,75
019 Kastelruth,56,,36,29,65
019 Kastelruth,57,,35,46,81
019 Kastelruth,58,,29,37,66
019 Kastelruth,59,,28,29,57
019 Kastelruth,60,,30,27,57
019 Kastelruth,61,,26,24,50
019 Kastelruth,62,,34,22,56
019 Kastelruth,63,,33,30,63
019 Kastelruth,64,,24,22,46
019 Kastelruth,65,,35,29,64
019 Kastelruth,66,,22,37,59
019 Kastelruth,67,,39,27,66
019 Kastelruth,68,,14,28,42
019 Kastelruth,69,,28,27,55
019 Kastelruth,70,,16,21,37
019 Kastelruth,71,,28,32,60
019 Kastelruth,72,,16,26,42
019 Kastelruth,73,,13,23,36
019 Kastelruth,74,,21,23,44
019 Kastelruth,75,,9,21,30
019 Kastelruth,76,,14,16,30
019 Kastelruth,77,,11,23,34
019 Kastelruth,78,,13,19,32
019 Kastelruth,79,,12,9,21
019 Kastelruth,80,,6,13,19
019 Kastelruth,81,,4,7,11
019 Kastelruth,82,,2,6,8
019 Kastelruth,83,,3,13,16
019 Kastelruth,84,,10,9,19
019 Kastelruth,85,,9,10,19
019 Kastelruth,86,,8,10,18
019 Kastelruth,87,,7,12,19
019 Kastelruth,88,,1,7,8
019 Kastelruth,89,,1,8,9
019 Kastelruth,90,,2,4,6
019 Kastelruth,91,,2,5,7
019 Kastelruth,92,,1,4,5
019 Kastelruth,93,,-,2,2
019 Kastelruth,94,,1,1,2
019 Kastelruth,95,,-,1,1
019 Kastelruth,97,,-,2,2
019 Kastelruth,Insgesamt,,2.949,2.993,5.942
020 Tscherms,0,,5,9,14
020 Tscherms,1,,5,10,15
020 Tscherms,2,,4,5,9
020 Tscherms,3,,8,10,18
020 Tscherms,4,,10,16,26
020 Tscherms,5,,6,6,12
020 Tscherms,6,,10,6,16
020 Tscherms,7,,4,8,12
020 Tscherms,8,,7,5,12
020 Tscherms,9,,3,5,8
020 Tscherms,10,,4,16,20
020 Tscherms,11,,11,5,16
020 Tscherms,12,,9,7,16
020 Tscherms,13,,12,10,22
020 Tscherms,14,,11,5,16
020 Tscherms,15,,10,10,20
020 Tscherms,16,,5,8,13
020 Tscherms,17,,9,8,17
020 Tscherms,18,,6,6,12
020 Tscherms,19,,3,7,10
020 Tscherms,20,,2,6,8
020 Tscherms,21,,7,1,8
020 Tscherms,22,,9,6,15
020 Tscherms,23,,4,4,8
020 Tscherms,24,,7,3,10
020 Tscherms,25,,9,11,20
020 Tscherms,26,,6,3,9
020 Tscherms,27,,8,10,18
020 Tscherms,28,,7,4,11
020 Tscherms,29,,10,17,27
020 Tscherms,30,,16,8,24
020 Tscherms,31,,13,11,24
020 Tscherms,32,,10,9,19
020 Tscherms,33,,12,16,28
020 Tscherms,34,,14,11,25
020 Tscherms,35,,18,11,29
020 Tscherms,36,,12,9,21
020 Tscherms,37,,9,9,18
020 Tscherms,38,,9,13,22
020 Tscherms,39,,7,16,23
020 Tscherms,40,,11,7,18
020 Tscherms,41,,9,9,18
020 Tscherms,42,,9,8,17
020 Tscherms,43,,12,9,21
020 Tscherms,44,,8,8,16
020 Tscherms,45,,9,3,12
020 Tscherms,46,,12,5,17
020 Tscherms,47,,6,11,17
020 Tscherms,48,,8,7,15
020 Tscherms,49,,4,3,7
020 Tscherms,50,,7,5,12
020 Tscherms,51,,8,7,15
020 Tscherms,52,,4,7,11
020 Tscherms,53,,5,7,12
020 Tscherms,54,,6,10,16
020 Tscherms,55,,9,6,15
020 Tscherms,56,,8,3,11
020 Tscherms,57,,11,8,19
020 Tscherms,58,,5,5,10
020 Tscherms,59,,4,4,8
020 Tscherms,60,,6,2,8
020 Tscherms,61,,5,8,13
020 Tscherms,62,,5,6,11
020 Tscherms,63,,5,7,12
020 Tscherms,64,,2,9,11
020 Tscherms,65,,5,2,7
020 Tscherms,66,,6,5,11
020 Tscherms,67,,2,3,5
020 Tscherms,68,,3,5,8
020 Tscherms,69,,3,4,7
020 Tscherms,70,,5,5,10
020 Tscherms,71,,9,5,14
020 Tscherms,72,,4,2,6
020 Tscherms,73,,5,6,11
020 Tscherms,74,,4,7,11
020 Tscherms,75,,1,3,4
020 Tscherms,76,,2,7,9
020 Tscherms,77,,6,4,10
020 Tscherms,78,,6,3,9
020 Tscherms,79,,-,2,2
020 Tscherms,80,,3,2,5
020 Tscherms,81,,1,2,3
020 Tscherms,82,,1,2,3
020 Tscherms,83,,1,2,3
020 Tscherms,84,,3,3,6
020 Tscherms,85,,-,6,6
020 Tscherms,86,,3,-,3
020 Tscherms,87,,-,2,2
020 Tscherms,88,,1,1,2
020 Tscherms,90,,-,1,1
020 Tscherms,91,,-,2,2
020 Tscherms,92,,1,1,2
020 Tscherms,Insgesamt,,584,591,1.175
021 Kiens,0,,20,6,26
021 Kiens,1,,19,12,31
021 Kiens,2,,17,19,36
021 Kiens,3,,13,24,37
021 Kiens,4,,16,20,36
021 Kiens,5,,18,16,34
021 Kiens,6,,25,17,42
021 Kiens,7,,14,25,39
021 Kiens,8,,14,20,34
021 Kiens,9,,15,17,32
021 Kiens,10,,13,15,28
021 Kiens,11,,12,13,25
021 Kiens,12,,18,11,29
021 Kiens,13,,19,13,32
021 Kiens,14,,16,11,27
021 Kiens,15,,13,19,32
021 Kiens,16,,22,17,39
021 Kiens,17,,14,21,35
021 Kiens,18,,17,22,39
021 Kiens,19,,15,21,36
021 Kiens,20,,29,16,45
021 Kiens,21,,18,16,34
021 Kiens,22,,28,18,46
021 Kiens,23,,19,23,42
021 Kiens,24,,20,20,40
021 Kiens,25,,30,27,57
021 Kiens,26,,26,26,52
021 Kiens,27,,31,31,62
021 Kiens,28,,21,27,48
021 Kiens,29,,33,25,58
021 Kiens,30,,43,19,62
021 Kiens,31,,24,27,51
021 Kiens,32,,25,24,49
021 Kiens,33,,18,19,37
021 Kiens,34,,33,23,56
021 Kiens,35,,19,22,41
021 Kiens,36,,32,18,50
021 Kiens,37,,22,23,45
021 Kiens,38,,20,21,41
021 Kiens,39,,26,18,44
021 Kiens,40,,14,13,27
021 Kiens,41,,12,18,30
021 Kiens,42,,19,13,32
021 Kiens,43,,16,11,27
021 Kiens,44,,12,15,27
021 Kiens,45,,14,23,37
021 Kiens,46,,11,9,20
021 Kiens,47,,12,13,25
021 Kiens,48,,20,11,31
021 Kiens,49,,9,15,24
021 Kiens,50,,13,17,30
021 Kiens,51,,16,14,30
021 Kiens,52,,19,13,32
021 Kiens,53,,8,12,20
021 Kiens,54,,11,13,24
021 Kiens,55,,22,12,34
021 Kiens,56,,19,12,31
021 Kiens,57,,21,11,32
021 Kiens,58,,14,16,30
021 Kiens,59,,15,9,24
021 Kiens,60,,14,14,28
021 Kiens,61,,11,13,24
021 Kiens,62,,11,12,23
021 Kiens,63,,5,19,24
021 Kiens,64,,9,14,23
021 Kiens,65,,12,7,19
021 Kiens,66,,17,11,28
021 Kiens,67,,17,9,26
021 Kiens,68,,9,13,22
021 Kiens,69,,8,9,17
021 Kiens,70,,4,6,10
021 Kiens,71,,8,7,15
021 Kiens,72,,3,4,7
021 Kiens,73,,5,5,10
021 Kiens,74,,5,7,12
021 Kiens,75,,9,7,16
021 Kiens,76,,4,6,10
021 Kiens,77,,2,7,9
021 Kiens,78,,5,4,9
021 Kiens,79,,1,4,5
021 Kiens,80,,1,2,3
021 Kiens,81,,1,3,4
021 Kiens,82,,-,4,4
021 Kiens,83,,2,3,5
021 Kiens,84,,3,5,8
021 Kiens,85,,5,4,9
021 Kiens,86,,1,4,5
021 Kiens,87,,3,1,4
021 Kiens,88,,5,2,7
021 Kiens,89,,2,-,2
021 Kiens,91,,1,3,4
021 Kiens,92,,1,-,1
021 Kiens,93,,-,1,1
021 Kiens,96,,-,1,1
021 Kiens,97,,1,-,1
021 Kiens,Insgesamt,,1.329,1.263,2.592
022 Klausen,0,,17,27,44
022 Klausen,1,,36,30,66
022 Klausen,2,,25,25,50
022 Klausen,3,,33,23,56
022 Klausen,4,,16,35,51
022 Klausen,5,,30,23,53
022 Klausen,6,,38,25,63
022 Klausen,7,,32,32,64
022 Klausen,8,,35,22,57
022 Klausen,9,,30,27,57
022 Klausen,10,,28,30,58
022 Klausen,11,,19,34,53
022 Klausen,12,,33,30,63
022 Klausen,13,,36,36,72
022 Klausen,14,,34,28,62
022 Klausen,15,,25,38,63
022 Klausen,16,,39,34,73
022 Klausen,17,,35,30,65
022 Klausen,18,,26,34,60
022 Klausen,19,,29,39,68
022 Klausen,20,,39,39,78
022 Klausen,21,,32,27,59
022 Klausen,22,,35,22,57
022 Klausen,23,,35,35,70
022 Klausen,24,,34,23,57
022 Klausen,25,,44,25,69
022 Klausen,26,,32,38,70
022 Klausen,27,,46,33,79
022 Klausen,28,,43,44,87
022 Klausen,29,,47,49,96
022 Klausen,30,,53,40,93
022 Klausen,31,,48,45,93
022 Klausen,32,,61,41,102
022 Klausen,33,,42,41,83
022 Klausen,34,,37,47,84
022 Klausen,35,,38,39,77
022 Klausen,36,,25,41,66
022 Klausen,37,,52,37,89
022 Klausen,38,,40,29,69
022 Klausen,39,,31,35,66
022 Klausen,40,,28,27,55
022 Klausen,41,,30,27,57
022 Klausen,42,,29,25,54
022 Klausen,43,,33,31,64
022 Klausen,44,,31,40,71
022 Klausen,45,,20,29,49
022 Klausen,46,,28,16,44
022 Klausen,47,,32,27,59
022 Klausen,48,,32,23,55
022 Klausen,49,,29,26,55
022 Klausen,50,,30,26,56
022 Klausen,51,,28,20,48
022 Klausen,52,,29,21,50
022 Klausen,53,,12,16,28
022 Klausen,54,,22,18,40
022 Klausen,55,,23,29,52
022 Klausen,56,,22,27,49
022 Klausen,57,,29,19,48
022 Klausen,58,,25,22,47
022 Klausen,59,,26,20,46
022 Klausen,60,,16,20,36
022 Klausen,61,,17,18,35
022 Klausen,62,,21,23,44
022 Klausen,63,,14,22,36
022 Klausen,64,,18,17,35
022 Klausen,65,,23,17,40
022 Klausen,66,,12,22,34
022 Klausen,67,,12,15,27
022 Klausen,68,,11,19,30
022 Klausen,69,,23,23,46
022 Klausen,70,,9,18,27
022 Klausen,71,,10,15,25
022 Klausen,72,,15,13,28
022 Klausen,73,,14,9,23
022 Klausen,74,,14,18,32
022 Klausen,75,,5,18,23
022 Klausen,76,,8,17,25
022 Klausen,77,,4,14,18
022 Klausen,78,,5,16,21
022 Klausen,79,,2,13,15
022 Klausen,80,,4,10,14
022 Klausen,81,,3,11,14
022 Klausen,82,,4,4,8
022 Klausen,83,,6,4,10
022 Klausen,84,,4,8,12
022 Klausen,85,,1,19,20
022 Klausen,86,,2,5,7
022 Klausen,87,,7,8,15
022 Klausen,88,,4,3,7
022 Klausen,89,,3,6,9
022 Klausen,90,,1,7,8
022 Klausen,91,,-,2,2
022 Klausen,92,,2,2,4
022 Klausen,93,,-,1,1
022 Klausen,94,,1,1,2
022 Klausen,96,,1,1,2
022 Klausen,98,,-,1,1
022 Klausen,Insgesamt,,2.244,2.261,4.505
023 Karneid,0,,19,18,37
023 Karneid,1,,32,20,52
023 Karneid,2,,19,18,37
023 Karneid,3,,22,19,41
023 Karneid,4,,22,20,42
023 Karneid,5,,21,20,41
023 Karneid,6,,22,19,41
023 Karneid,7,,17,19,36
023 Karneid,8,,22,16,38
023 Karneid,9,,16,16,32
023 Karneid,10,,19,19,38
023 Karneid,11,,13,21,34
023 Karneid,12,,20,19,39
023 Karneid,13,,21,12,33
023 Karneid,14,,25,16,41
023 Karneid,15,,20,9,29
023 Karneid,16,,21,15,36
023 Karneid,17,,28,28,56
023 Karneid,18,,22,21,43
023 Karneid,19,,24,24,48
023 Karneid,20,,23,13,36
023 Karneid,21,,17,16,33
023 Karneid,22,,22,29,51
023 Karneid,23,,22,21,43
023 Karneid,24,,30,19,49
023 Karneid,25,,29,21,50
023 Karneid,26,,26,32,58
023 Karneid,27,,30,31,61
023 Karneid,28,,34,17,51
023 Karneid,29,,18,26,44
023 Karneid,30,,41,33,74
023 Karneid,31,,34,39,73
023 Karneid,32,,35,38,73
023 Karneid,33,,27,27,54
023 Karneid,34,,34,29,63
023 Karneid,35,,38,21,59
023 Karneid,36,,28,35,63
023 Karneid,37,,27,19,46
023 Karneid,38,,29,26,55
023 Karneid,39,,31,18,49
023 Karneid,40,,19,19,38
023 Karneid,41,,20,19,39
023 Karneid,42,,20,18,38
023 Karneid,43,,16,9,25
023 Karneid,44,,16,14,30
023 Karneid,45,,24,15,39
023 Karneid,46,,11,21,32
023 Karneid,47,,19,12,31
023 Karneid,48,,22,15,37
023 Karneid,49,,11,14,25
023 Karneid,50,,16,24,40
023 Karneid,51,,7,16,23
023 Karneid,52,,11,20,31
023 Karneid,53,,13,15,28
023 Karneid,54,,12,13,25
023 Karneid,55,,21,15,36
023 Karneid,56,,16,25,41
023 Karneid,57,,22,15,37
023 Karneid,58,,15,17,32
023 Karneid,59,,18,17,35
023 Karneid,60,,20,10,30
023 Karneid,61,,10,10,20
023 Karneid,62,,11,12,23
023 Karneid,63,,12,15,27
023 Karneid,64,,18,15,33
023 Karneid,65,,11,14,25
023 Karneid,66,,15,5,20
023 Karneid,67,,19,11,30
023 Karneid,68,,7,8,15
023 Karneid,69,,12,9,21
023 Karneid,70,,9,10,19
023 Karneid,71,,4,9,13
023 Karneid,72,,9,10,19
023 Karneid,73,,5,7,12
023 Karneid,74,,9,13,22
023 Karneid,75,,7,4,11
023 Karneid,76,,3,9,12
023 Karneid,77,,2,5,7
023 Karneid,78,,8,10,18
023 Karneid,79,,9,4,13
023 Karneid,80,,1,6,7
023 Karneid,81,,1,4,5
023 Karneid,82,,1,4,5
023 Karneid,83,,1,2,3
023 Karneid,84,,2,3,5
023 Karneid,85,,1,4,5
023 Karneid,86,,1,5,6
023 Karneid,87,,-,5,5
023 Karneid,88,,3,5,8
023 Karneid,89,,1,2,3
023 Karneid,90,,1,6,7
023 Karneid,91,,-,1,1
023 Karneid,92,,-,2,2
023 Karneid,93,,-,1,1
023 Karneid,94,,-,2,2
023 Karneid,96,,-,1,1
023 Karneid,98,,-,1,1
023 Karneid,Insgesamt,,1.542,1.456,2.998
024 Kurtatsch a.d.Weinstr.,0,,15,13,28
024 Kurtatsch a.d.Weinstr.,1,,13,13,26
024 Kurtatsch a.d.Weinstr.,2,,23,16,39
024 Kurtatsch a.d.Weinstr.,3,,19,11,30
024 Kurtatsch a.d.Weinstr.,4,,16,7,23
024 Kurtatsch a.d.Weinstr.,5,,22,19,41
024 Kurtatsch a.d.Weinstr.,6,,20,11,31
024 Kurtatsch a.d.Weinstr.,7,,14,16,30
024 Kurtatsch a.d.Weinstr.,8,,10,8,18
024 Kurtatsch a.d.Weinstr.,9,,10,17,27
024 Kurtatsch a.d.Weinstr.,10,,7,13,20
024 Kurtatsch a.d.Weinstr.,11,,10,12,22
024 Kurtatsch a.d.Weinstr.,12,,9,10,19
024 Kurtatsch a.d.Weinstr.,13,,13,10,23
024 Kurtatsch a.d.Weinstr.,14,,16,9,25
024 Kurtatsch a.d.Weinstr.,15,,13,8,21
024 Kurtatsch a.d.Weinstr.,16,,11,20,31
024 Kurtatsch a.d.Weinstr.,17,,10,10,20
024 Kurtatsch a.d.Weinstr.,18,,7,14,21
024 Kurtatsch a.d.Weinstr.,19,,9,8,17
024 Kurtatsch a.d.Weinstr.,20,,7,14,21
024 Kurtatsch a.d.Weinstr.,21,,10,15,25
024 Kurtatsch a.d.Weinstr.,22,,11,14,25
024 Kurtatsch a.d.Weinstr.,23,,11,11,22
024 Kurtatsch a.d.Weinstr.,24,,7,16,23
024 Kurtatsch a.d.Weinstr.,25,,12,13,25
024 Kurtatsch a.d.Weinstr.,26,,13,16,29
024 Kurtatsch a.d.Weinstr.,27,,15,18,33
024 Kurtatsch a.d.Weinstr.,28,,10,24,34
024 Kurtatsch a.d.Weinstr.,29,,22,16,38
024 Kurtatsch a.d.Weinstr.,30,,26,10,36
024 Kurtatsch a.d.Weinstr.,31,,19,20,39
024 Kurtatsch a.d.Weinstr.,32,,28,18,46
024 Kurtatsch a.d.Weinstr.,33,,23,27,50
024 Kurtatsch a.d.Weinstr.,34,,13,25,38
024 Kurtatsch a.d.Weinstr.,35,,18,21,39
024 Kurtatsch a.d.Weinstr.,36,,24,7,31
024 Kurtatsch a.d.Weinstr.,37,,18,17,35
024 Kurtatsch a.d.Weinstr.,38,,19,20,39
024 Kurtatsch a.d.Weinstr.,39,,18,12,30
024 Kurtatsch a.d.Weinstr.,40,,15,16,31
024 Kurtatsch a.d.Weinstr.,41,,11,12,23
024 Kurtatsch a.d.Weinstr.,42,,10,9,19
024 Kurtatsch a.d.Weinstr.,43,,12,16,28
024 Kurtatsch a.d.Weinstr.,44,,15,8,23
024 Kurtatsch a.d.Weinstr.,45,,18,18,36
024 Kurtatsch a.d.Weinstr.,46,,12,7,19
024 Kurtatsch a.d.Weinstr.,47,,9,14,23
024 Kurtatsch a.d.Weinstr.,48,,14,5,19
024 Kurtatsch a.d.Weinstr.,49,,11,9,20
024 Kurtatsch a.d.Weinstr.,50,,8,6,14
024 Kurtatsch a.d.Weinstr.,51,,12,8,20
024 Kurtatsch a.d.Weinstr.,52,,12,8,20
024 Kurtatsch a.d.Weinstr.,53,,6,8,14
024 Kurtatsch a.d.Weinstr.,54,,5,8,13
024 Kurtatsch a.d.Weinstr.,55,,10,6,16
024 Kurtatsch a.d.Weinstr.,56,,10,12,22
024 Kurtatsch a.d.Weinstr.,57,,7,9,16
024 Kurtatsch a.d.Weinstr.,58,,11,11,22
024 Kurtatsch a.d.Weinstr.,59,,5,14,19
024 Kurtatsch a.d.Weinstr.,60,,10,11,21
024 Kurtatsch a.d.Weinstr.,61,,5,11,16
024 Kurtatsch a.d.Weinstr.,62,,9,7,16
024 Kurtatsch a.d.Weinstr.,63,,5,9,14
024 Kurtatsch a.d.Weinstr.,64,,8,11,19
024 Kurtatsch a.d.Weinstr.,65,,9,5,14
024 Kurtatsch a.d.Weinstr.,66,,11,15,26
024 Kurtatsch a.d.Weinstr.,67,,9,12,21
024 Kurtatsch a.d.Weinstr.,68,,12,15,27
024 Kurtatsch a.d.Weinstr.,69,,9,12,21
024 Kurtatsch a.d.Weinstr.,70,,9,8,17
024 Kurtatsch a.d.Weinstr.,71,,11,6,17
024 Kurtatsch a.d.Weinstr.,72,,8,6,14
024 Kurtatsch a.d.Weinstr.,73,,4,9,13
024 Kurtatsch a.d.Weinstr.,74,,8,11,19
024 Kurtatsch a.d.Weinstr.,75,,7,21,28
024 Kurtatsch a.d.Weinstr.,76,,1,6,7
024 Kurtatsch a.d.Weinstr.,77,,5,8,13
024 Kurtatsch a.d.Weinstr.,78,,7,6,13
024 Kurtatsch a.d.Weinstr.,79,,2,2,4
024 Kurtatsch a.d.Weinstr.,80,,-,1,1
024 Kurtatsch a.d.Weinstr.,81,,-,5,5
024 Kurtatsch a.d.Weinstr.,82,,-,2,2
024 Kurtatsch a.d.Weinstr.,83,,2,1,3
024 Kurtatsch a.d.Weinstr.,84,,3,3,6
024 Kurtatsch a.d.Weinstr.,85,,2,4,6
024 Kurtatsch a.d.Weinstr.,86,,3,6,9
024 Kurtatsch a.d.Weinstr.,87,,-,4,4
024 Kurtatsch a.d.Weinstr.,88,,-,1,1
024 Kurtatsch a.d.Weinstr.,89,,-,2,2
024 Kurtatsch a.d.Weinstr.,90,,1,2,3
024 Kurtatsch a.d.Weinstr.,91,,-,2,2
024 Kurtatsch a.d.Weinstr.,92,,2,1,3
024 Kurtatsch a.d.Weinstr.,93,,1,1,2
024 Kurtatsch a.d.Weinstr.,94,,1,-,1
024 Kurtatsch a.d.Weinstr.,95,,-,1,1
024 Kurtatsch a.d.Weinstr.,97,,1,-,1
024 Kurtatsch a.d.Weinstr.,Insgesamt,,969,1.010,1.979
025 Kurtinig a.d. Weinstr.,0,,2,5,7
025 Kurtinig a.d. Weinstr.,1,,5,3,8
025 Kurtinig a.d. Weinstr.,2,,1,3,4
025 Kurtinig a.d. Weinstr.,3,,5,2,7
025 Kurtinig a.d. Weinstr.,4,,3,4,7
025 Kurtinig a.d. Weinstr.,5,,4,4,8
025 Kurtinig a.d. Weinstr.,6,,2,4,6
025 Kurtinig a.d. Weinstr.,7,,6,2,8
025 Kurtinig a.d. Weinstr.,8,,3,2,5
025 Kurtinig a.d. Weinstr.,9,,6,4,10
025 Kurtinig a.d. Weinstr.,10,,6,4,10
025 Kurtinig a.d. Weinstr.,11,,5,6,11
025 Kurtinig a.d. Weinstr.,12,,5,5,10
025 Kurtinig a.d. Weinstr.,13,,2,3,5
025 Kurtinig a.d. Weinstr.,14,,3,2,5
025 Kurtinig a.d. Weinstr.,15,,3,4,7
025 Kurtinig a.d. Weinstr.,16,,6,4,10
025 Kurtinig a.d. Weinstr.,17,,6,5,11
025 Kurtinig a.d. Weinstr.,18,,4,2,6
025 Kurtinig a.d. Weinstr.,19,,4,9,13
025 Kurtinig a.d. Weinstr.,20,,2,3,5
025 Kurtinig a.d. Weinstr.,21,,5,-,5
025 Kurtinig a.d. Weinstr.,22,,2,-,2
025 Kurtinig a.d. Weinstr.,23,,1,4,5
025 Kurtinig a.d. Weinstr.,24,,2,1,3
025 Kurtinig a.d. Weinstr.,25,,5,2,7
025 Kurtinig a.d. Weinstr.,26,,2,5,7
025 Kurtinig a.d. Weinstr.,27,,4,2,6
025 Kurtinig a.d. Weinstr.,28,,8,2,10
025 Kurtinig a.d. Weinstr.,29,,5,6,11
025 Kurtinig a.d. Weinstr.,30,,4,6,10
025 Kurtinig a.d. Weinstr.,31,,4,4,8
025 Kurtinig a.d. Weinstr.,32,,2,6,8
025 Kurtinig a.d. Weinstr.,33,,6,4,10
025 Kurtinig a.d. Weinstr.,34,,7,6,13
025 Kurtinig a.d. Weinstr.,35,,5,7,12
025 Kurtinig a.d. Weinstr.,36,,5,5,10
025 Kurtinig a.d. Weinstr.,37,,8,9,17
025 Kurtinig a.d. Weinstr.,38,,5,5,10
025 Kurtinig a.d. Weinstr.,39,,12,5,17
025 Kurtinig a.d. Weinstr.,40,,3,8,11
025 Kurtinig a.d. Weinstr.,41,,8,8,16
025 Kurtinig a.d. Weinstr.,42,,2,3,5
025 Kurtinig a.d. Weinstr.,43,,3,1,4
025 Kurtinig a.d. Weinstr.,44,,7,2,9
025 Kurtinig a.d. Weinstr.,45,,5,4,9
025 Kurtinig a.d. Weinstr.,46,,2,4,6
025 Kurtinig a.d. Weinstr.,47,,2,4,6
025 Kurtinig a.d. Weinstr.,48,,2,3,5
025 Kurtinig a.d. Weinstr.,49,,3,3,6
025 Kurtinig a.d. Weinstr.,50,,4,5,9
025 Kurtinig a.d. Weinstr.,51,,5,1,6
025 Kurtinig a.d. Weinstr.,52,,-,5,5
025 Kurtinig a.d. Weinstr.,53,,3,2,5
025 Kurtinig a.d. Weinstr.,54,,3,2,5
025 Kurtinig a.d. Weinstr.,55,,4,3,7
025 Kurtinig a.d. Weinstr.,56,,2,2,4
025 Kurtinig a.d. Weinstr.,57,,3,1,4
025 Kurtinig a.d. Weinstr.,58,,2,2,4
025 Kurtinig a.d. Weinstr.,59,,5,3,8
025 Kurtinig a.d. Weinstr.,60,,2,2,4
025 Kurtinig a.d. Weinstr.,61,,3,3,6
025 Kurtinig a.d. Weinstr.,62,,6,3,9
025 Kurtinig a.d. Weinstr.,63,,-,6,6
025 Kurtinig a.d. Weinstr.,64,,1,4,5
025 Kurtinig a.d. Weinstr.,65,,1,2,3
025 Kurtinig a.d. Weinstr.,66,,3,3,6
025 Kurtinig a.d. Weinstr.,67,,2,2,4
025 Kurtinig a.d. Weinstr.,68,,4,4,8
025 Kurtinig a.d. Weinstr.,69,,1,3,4
025 Kurtinig a.d. Weinstr.,70,,2,4,6
025 Kurtinig a.d. Weinstr.,71,,2,4,6
025 Kurtinig a.d. Weinstr.,72,,5,1,6
025 Kurtinig a.d. Weinstr.,73,,-,5,5
025 Kurtinig a.d. Weinstr.,74,,2,6,8
025 Kurtinig a.d. Weinstr.,75,,1,1,2
025 Kurtinig a.d. Weinstr.,76,,1,3,4
025 Kurtinig a.d. Weinstr.,77,,2,1,3
025 Kurtinig a.d. Weinstr.,78,,2,1,3
025 Kurtinig a.d. Weinstr.,79,,-,2,2
025 Kurtinig a.d. Weinstr.,80,,1,1,2
025 Kurtinig a.d. Weinstr.,81,,-,1,1
025 Kurtinig a.d. Weinstr.,82,,-,1,1
025 Kurtinig a.d. Weinstr.,83,,-,3,3
025 Kurtinig a.d. Weinstr.,84,,-,2,2
025 Kurtinig a.d. Weinstr.,85,,1,-,1
025 Kurtinig a.d. Weinstr.,86,,1,1,2
025 Kurtinig a.d. Weinstr.,89,,1,1,2
025 Kurtinig a.d. Weinstr.,92,,1,-,1
025 Kurtinig a.d. Weinstr.,94,,-,2,2
025 Kurtinig a.d. Weinstr.,Insgesamt,,288,297,585
026 Corvara,0,,8,7,15
026 Corvara,1,,4,6,10
026 Corvara,2,,8,4,12
026 Corvara,3,,8,9,17
026 Corvara,4,,5,4,9
026 Corvara,5,,7,3,10
026 Corvara,6,,6,11,17
026 Corvara,7,,2,6,8
026 Corvara,8,,10,5,15
026 Corvara,9,,5,5,10
026 Corvara,10,,6,3,9
026 Corvara,11,,10,7,17
026 Corvara,12,,3,-,3
026 Corvara,13,,6,8,14
026 Corvara,14,,8,3,11
026 Corvara,15,,7,7,14
026 Corvara,16,,8,11,19
026 Corvara,17,,15,2,17
026 Corvara,18,,11,7,18
026 Corvara,19,,11,7,18
026 Corvara,20,,10,3,13
026 Corvara,21,,16,7,23
026 Corvara,22,,11,5,16
026 Corvara,23,,10,21,31
026 Corvara,24,,7,15,22
026 Corvara,25,,12,9,21
026 Corvara,26,,8,7,15
026 Corvara,27,,11,7,18
026 Corvara,28,,11,11,22
026 Corvara,29,,15,11,26
026 Corvara,30,,8,13,21
026 Corvara,31,,15,21,36
026 Corvara,32,,13,16,29
026 Corvara,33,,14,14,28
026 Corvara,34,,8,7,15
026 Corvara,35,,12,10,22
026 Corvara,36,,14,13,27
026 Corvara,37,,8,7,15
026 Corvara,38,,15,13,28
026 Corvara,39,,7,8,15
026 Corvara,40,,12,6,18
026 Corvara,41,,7,5,12
026 Corvara,42,,3,9,12
026 Corvara,43,,13,8,21
026 Corvara,44,,8,8,16
026 Corvara,45,,6,13,19
026 Corvara,46,,5,8,13
026 Corvara,47,,6,8,14
026 Corvara,48,,7,8,15
026 Corvara,49,,3,9,12
026 Corvara,50,,6,6,12
026 Corvara,51,,3,10,13
026 Corvara,52,,14,11,25
026 Corvara,53,,5,5,10
026 Corvara,54,,9,9,18
026 Corvara,55,,7,10,17
026 Corvara,56,,6,9,15
026 Corvara,57,,15,12,27
026 Corvara,58,,9,7,16
026 Corvara,59,,10,5,15
026 Corvara,60,,4,8,12
026 Corvara,61,,5,8,13
026 Corvara,62,,6,8,14
026 Corvara,63,,9,5,14
026 Corvara,64,,9,8,17
026 Corvara,65,,5,4,9
026 Corvara,66,,7,4,11
026 Corvara,67,,7,12,19
026 Corvara,68,,7,3,10
026 Corvara,69,,5,6,11
026 Corvara,70,,3,2,5
026 Corvara,71,,7,4,11
026 Corvara,72,,3,4,7
026 Corvara,73,,1,3,4
026 Corvara,74,,3,1,4
026 Corvara,75,,5,3,8
026 Corvara,76,,3,6,9
026 Corvara,77,,4,1,5
026 Corvara,78,,4,1,5
026 Corvara,79,,2,4,6
026 Corvara,80,,1,1,2
026 Corvara,81,,1,2,3
026 Corvara,82,,-,2,2
026 Corvara,84,,1,3,4
026 Corvara,85,,1,6,7
026 Corvara,86,,2,5,7
026 Corvara,87,,2,-,2
026 Corvara,88,,1,2,3
026 Corvara,89,,-,3,3
026 Corvara,90,,-,2,2
026 Corvara,91,,-,1,1
026 Corvara,92,,1,3,4
026 Corvara,95,,1,-,1
026 Corvara,Insgesamt,,637,624,1.261
027 Graun im Vinschgau,0,,11,17,28
027 Graun im Vinschgau,1,,13,16,29
027 Graun im Vinschgau,2,,22,17,39
027 Graun im Vinschgau,3,,17,17,34
027 Graun im Vinschgau,4,,19,10,29
027 Graun im Vinschgau,5,,19,14,33
027 Graun im Vinschgau,6,,17,15,32
027 Graun im Vinschgau,7,,9,14,23
027 Graun im Vinschgau,8,,18,20,38
027 Graun im Vinschgau,9,,25,19,44
027 Graun im Vinschgau,10,,23,11,34
027 Graun im Vinschgau,11,,16,11,27
027 Graun im Vinschgau,12,,8,8,16
027 Graun im Vinschgau,13,,20,10,30
027 Graun im Vinschgau,14,,20,15,35
027 Graun im Vinschgau,15,,7,16,23
027 Graun im Vinschgau,16,,21,18,39
027 Graun im Vinschgau,17,,22,17,39
027 Graun im Vinschgau,18,,24,13,37
027 Graun im Vinschgau,19,,13,23,36
027 Graun im Vinschgau,20,,19,16,35
027 Graun im Vinschgau,21,,21,21,42
027 Graun im Vinschgau,22,,15,20,35
027 Graun im Vinschgau,23,,24,20,44
027 Graun im Vinschgau,24,,20,11,31
027 Graun im Vinschgau,25,,22,22,44
027 Graun im Vinschgau,26,,24,21,45
027 Graun im Vinschgau,27,,25,13,38
027 Graun im Vinschgau,28,,24,17,41
027 Graun im Vinschgau,29,,28,19,47
027 Graun im Vinschgau,30,,18,23,41
027 Graun im Vinschgau,31,,31,21,52
027 Graun im Vinschgau,32,,20,24,44
027 Graun im Vinschgau,33,,16,20,36
027 Graun im Vinschgau,34,,22,22,44
027 Graun im Vinschgau,35,,23,20,43
027 Graun im Vinschgau,36,,23,23,46
027 Graun im Vinschgau,37,,21,14,35
027 Graun im Vinschgau,38,,21,22,43
027 Graun im Vinschgau,39,,25,11,36
027 Graun im Vinschgau,40,,20,15,35
027 Graun im Vinschgau,41,,13,13,26
027 Graun im Vinschgau,42,,15,11,26
027 Graun im Vinschgau,43,,16,10,26
027 Graun im Vinschgau,44,,17,17,34
027 Graun im Vinschgau,45,,18,8,26
027 Graun im Vinschgau,46,,17,10,27
027 Graun im Vinschgau,47,,13,15,28
027 Graun im Vinschgau,48,,12,12,24
027 Graun im Vinschgau,49,,8,21,29
027 Graun im Vinschgau,50,,12,12,24
027 Graun im Vinschgau,51,,5,11,16
027 Graun im Vinschgau,52,,8,7,15
027 Graun im Vinschgau,53,,9,8,17
027 Graun im Vinschgau,54,,11,9,20
027 Graun im Vinschgau,55,,10,13,23
027 Graun im Vinschgau,56,,9,13,22
027 Graun im Vinschgau,57,,15,10,25
027 Graun im Vinschgau,58,,14,9,23
027 Graun im Vinschgau,59,,12,14,26
027 Graun im Vinschgau,60,,11,12,23
027 Graun im Vinschgau,61,,11,3,14
027 Graun im Vinschgau,62,,15,14,29
027 Graun im Vinschgau,63,,9,9,18
027 Graun im Vinschgau,64,,13,10,23
027 Graun im Vinschgau,65,,8,7,15
027 Graun im Vinschgau,66,,13,8,21
027 Graun im Vinschgau,67,,13,11,24
027 Graun im Vinschgau,68,,6,9,15
027 Graun im Vinschgau,69,,15,15,30
027 Graun im Vinschgau,70,,12,13,25
027 Graun im Vinschgau,71,,6,9,15
027 Graun im Vinschgau,72,,9,14,23
027 Graun im Vinschgau,73,,6,5,11
027 Graun im Vinschgau,74,,10,9,19
027 Graun im Vinschgau,75,,7,15,22
027 Graun im Vinschgau,76,,9,8,17
027 Graun im Vinschgau,77,,6,13,19
027 Graun im Vinschgau,78,,6,3,9
027 Graun im Vinschgau,79,,1,7,8
027 Graun im Vinschgau,80,,3,2,5
027 Graun im Vinschgau,81,,-,4,4
027 Graun im Vinschgau,82,,2,2,4
027 Graun im Vinschgau,83,,3,4,7
027 Graun im Vinschgau,84,,5,7,12
027 Graun im Vinschgau,85,,2,5,7
027 Graun im Vinschgau,86,,1,4,5
027 Graun im Vinschgau,87,,1,6,7
027 Graun im Vinschgau,88,,3,-,3
027 Graun im Vinschgau,89,,1,2,3
027 Graun im Vinschgau,90,,-,4,4
027 Graun im Vinschgau,91,,1,3,4
027 Graun im Vinschgau,92,,-,1,1
027 Graun im Vinschgau,94,,1,-,1
027 Graun im Vinschgau,95,,-,1,1
027 Graun im Vinschgau,Insgesamt,,1.249,1.158,2.407
028 Toblach,0,,21,10,31
028 Toblach,1,,26,16,42
028 Toblach,2,,32,19,51
028 Toblach,3,,18,11,29
028 Toblach,4,,22,18,40
028 Toblach,5,,18,21,39
028 Toblach,6,,16,16,32
028 Toblach,7,,16,29,45
028 Toblach,8,,17,23,40
028 Toblach,9,,10,16,26
028 Toblach,10,,14,24,38
028 Toblach,11,,31,16,47
028 Toblach,12,,15,22,37
028 Toblach,13,,24,23,47
028 Toblach,14,,21,28,49
028 Toblach,15,,22,20,42
028 Toblach,16,,24,28,52
028 Toblach,17,,23,23,46
028 Toblach,18,,23,20,43
028 Toblach,19,,22,28,50
028 Toblach,20,,26,25,51
028 Toblach,21,,15,29,44
028 Toblach,22,,26,28,54
028 Toblach,23,,25,21,46
028 Toblach,24,,30,19,49
028 Toblach,25,,36,23,59
028 Toblach,26,,33,37,70
028 Toblach,27,,32,22,54
028 Toblach,28,,26,24,50
028 Toblach,29,,30,28,58
028 Toblach,30,,35,30,65
028 Toblach,31,,28,26,54
028 Toblach,32,,29,29,58
028 Toblach,33,,32,27,59
028 Toblach,34,,36,32,68
028 Toblach,35,,31,28,59
028 Toblach,36,,38,28,66
028 Toblach,37,,22,31,53
028 Toblach,38,,19,17,36
028 Toblach,39,,40,26,66
028 Toblach,40,,22,15,37
028 Toblach,41,,29,21,50
028 Toblach,42,,19,28,47
028 Toblach,43,,19,25,44
028 Toblach,44,,24,20,44
028 Toblach,45,,19,25,44
028 Toblach,46,,18,16,34
028 Toblach,47,,28,12,40
028 Toblach,48,,16,16,32
028 Toblach,49,,21,14,35
028 Toblach,50,,14,25,39
028 Toblach,51,,20,14,34
028 Toblach,52,,14,15,29
028 Toblach,53,,13,16,29
028 Toblach,54,,19,11,30
028 Toblach,55,,16,18,34
028 Toblach,56,,13,20,33
028 Toblach,57,,16,12,28
028 Toblach,58,,14,13,27
028 Toblach,59,,16,13,29
028 Toblach,60,,16,8,24
028 Toblach,61,,5,11,16
028 Toblach,62,,11,16,27
028 Toblach,63,,8,19,27
028 Toblach,64,,16,17,33
028 Toblach,65,,10,11,21
028 Toblach,66,,13,16,29
028 Toblach,67,,18,16,34
028 Toblach,68,,10,11,21
028 Toblach,69,,11,17,28
028 Toblach,70,,16,14,30
028 Toblach,71,,10,15,25
028 Toblach,72,,10,15,25
028 Toblach,73,,16,9,25
028 Toblach,74,,10,9,19
028 Toblach,75,,10,10,20
028 Toblach,76,,5,18,23
028 Toblach,77,,8,11,19
028 Toblach,78,,4,9,13
028 Toblach,79,,5,15,20
028 Toblach,80,,5,5,10
028 Toblach,81,,5,4,9
028 Toblach,82,,3,6,9
028 Toblach,83,,1,11,12
028 Toblach,84,,2,8,10
028 Toblach,85,,2,6,8
028 Toblach,86,,1,3,4
028 Toblach,87,,2,4,6
028 Toblach,88,,1,5,6
028 Toblach,89,,1,3,4
028 Toblach,90,,4,3,7
028 Toblach,91,,1,3,4
028 Toblach,92,,1,2,3
028 Toblach,93,,-,1,1
028 Toblach,94,,-,1,1
028 Toblach,97,,-,1,1
028 Toblach,108,,1,-,1
028 Toblach,Insgesamt,,1.616,1.623,3.239
029 Neumarkt,0,,18,33,51
029 Neumarkt,1,,18,13,31
029 Neumarkt,2,,17,20,37
029 Neumarkt,3,,19,23,42
029 Neumarkt,4,,22,21,43
029 Neumarkt,5,,22,34,56
029 Neumarkt,6,,22,24,46
029 Neumarkt,7,,26,19,45
029 Neumarkt,8,,28,23,51
029 Neumarkt,9,,23,33,56
029 Neumarkt,10,,21,23,44
029 Neumarkt,11,,29,30,59
029 Neumarkt,12,,22,17,39
029 Neumarkt,13,,23,15,38
029 Neumarkt,14,,15,23,38
029 Neumarkt,15,,13,24,37
029 Neumarkt,16,,22,23,45
029 Neumarkt,17,,23,19,42
029 Neumarkt,18,,21,18,39
029 Neumarkt,19,,22,18,40
029 Neumarkt,20,,33,19,52
029 Neumarkt,21,,16,13,29
029 Neumarkt,22,,29,30,59
029 Neumarkt,23,,28,26,54
029 Neumarkt,24,,23,34,57
029 Neumarkt,25,,24,23,47
029 Neumarkt,26,,31,38,69
029 Neumarkt,27,,32,37,69
029 Neumarkt,28,,37,25,62
029 Neumarkt,29,,33,31,64
029 Neumarkt,30,,33,46,79
029 Neumarkt,31,,40,37,77
029 Neumarkt,32,,49,38,87
029 Neumarkt,33,,49,33,82
029 Neumarkt,34,,51,40,91
029 Neumarkt,35,,42,39,81
029 Neumarkt,36,,49,30,79
029 Neumarkt,37,,32,35,67
029 Neumarkt,38,,46,51,97
029 Neumarkt,39,,49,37,86
029 Neumarkt,40,,32,35,67
029 Neumarkt,41,,34,30,64
029 Neumarkt,42,,32,25,57
029 Neumarkt,43,,43,41,84
029 Neumarkt,44,,38,25,63
029 Neumarkt,45,,22,20,42
029 Neumarkt,46,,27,23,50
029 Neumarkt,47,,21,22,43
029 Neumarkt,48,,26,21,47
029 Neumarkt,49,,21,27,48
029 Neumarkt,50,,23,22,45
029 Neumarkt,51,,26,29,55
029 Neumarkt,52,,38,30,68
029 Neumarkt,53,,26,25,51
029 Neumarkt,54,,25,15,40
029 Neumarkt,55,,25,22,47
029 Neumarkt,56,,24,23,47
029 Neumarkt,57,,37,25,62
029 Neumarkt,58,,33,33,66
029 Neumarkt,59,,21,28,49
029 Neumarkt,60,,19,20,39
029 Neumarkt,61,,25,21,46
029 Neumarkt,62,,21,19,40
029 Neumarkt,63,,22,22,44
029 Neumarkt,64,,17,23,40
029 Neumarkt,65,,19,19,38
029 Neumarkt,66,,20,22,42
029 Neumarkt,67,,26,30,56
029 Neumarkt,68,,19,27,46
029 Neumarkt,69,,16,18,34
029 Neumarkt,70,,11,21,32
029 Neumarkt,71,,22,20,42
029 Neumarkt,72,,21,21,42
029 Neumarkt,73,,16,21,37
029 Neumarkt,74,,14,17,31
029 Neumarkt,75,,16,28,44
029 Neumarkt,76,,11,17,28
029 Neumarkt,77,,7,27,34
029 Neumarkt,78,,13,20,33
029 Neumarkt,79,,4,12,16
029 Neumarkt,80,,6,5,11
029 Neumarkt,81,,5,8,13
029 Neumarkt,82,,3,7,10
029 Neumarkt,83,,2,8,10
029 Neumarkt,84,,8,12,20
029 Neumarkt,85,,6,6,12
029 Neumarkt,86,,3,8,11
029 Neumarkt,87,,3,10,13
029 Neumarkt,88,,4,7,11
029 Neumarkt,89,,4,5,9
029 Neumarkt,90,,2,4,6
029 Neumarkt,91,,-,2,2
029 Neumarkt,92,,1,2,3
029 Neumarkt,93,,1,1,2
029 Neumarkt,94,,-,1,1
029 Neumarkt,95,,-,2,2
029 Neumarkt,100,,-,1,1
029 Neumarkt,Insgesamt,,2.113,2.150,4.263
030 Pfalzen,0,,12,12,24
030 Pfalzen,1,,9,14,23
030 Pfalzen,2,,13,14,27
030 Pfalzen,3,,23,16,39
030 Pfalzen,4,,10,12,22
030 Pfalzen,5,,12,16,28
030 Pfalzen,6,,13,21,34
030 Pfalzen,7,,13,20,33
030 Pfalzen,8,,19,10,29
030 Pfalzen,9,,16,20,36
030 Pfalzen,10,,12,8,20
030 Pfalzen,11,,11,23,34
030 Pfalzen,12,,18,18,36
030 Pfalzen,13,,22,13,35
030 Pfalzen,14,,16,10,26
030 Pfalzen,15,,11,11,22
030 Pfalzen,16,,18,19,37
030 Pfalzen,17,,18,19,37
030 Pfalzen,18,,22,17,39
030 Pfalzen,19,,15,20,35
030 Pfalzen,20,,16,19,35
030 Pfalzen,21,,20,17,37
030 Pfalzen,22,,17,11,28
030 Pfalzen,23,,9,18,27
030 Pfalzen,24,,22,19,41
030 Pfalzen,25,,15,19,34
030 Pfalzen,26,,16,16,32
030 Pfalzen,27,,21,19,40
030 Pfalzen,28,,16,18,34
030 Pfalzen,29,,29,14,43
030 Pfalzen,30,,27,28,55
030 Pfalzen,31,,19,22,41
030 Pfalzen,32,,22,22,44
030 Pfalzen,33,,26,26,52
030 Pfalzen,34,,24,16,40
030 Pfalzen,35,,27,17,44
030 Pfalzen,36,,19,26,45
030 Pfalzen,37,,22,17,39
030 Pfalzen,38,,20,14,34
030 Pfalzen,39,,13,13,26
030 Pfalzen,40,,15,20,35
030 Pfalzen,41,,21,18,39
030 Pfalzen,42,,16,14,30
030 Pfalzen,43,,15,11,26
030 Pfalzen,44,,13,13,26
030 Pfalzen,45,,14,11,25
030 Pfalzen,46,,10,10,20
030 Pfalzen,47,,17,16,33
030 Pfalzen,48,,11,11,22
030 Pfalzen,49,,14,6,20
030 Pfalzen,50,,9,10,19
030 Pfalzen,51,,12,4,16
030 Pfalzen,52,,9,9,18
030 Pfalzen,53,,7,9,16
030 Pfalzen,54,,11,6,17
030 Pfalzen,55,,8,12,20
030 Pfalzen,56,,6,14,20
030 Pfalzen,57,,12,8,20
030 Pfalzen,58,,13,9,22
030 Pfalzen,59,,10,6,16
030 Pfalzen,60,,11,11,22
030 Pfalzen,61,,7,6,13
030 Pfalzen,62,,2,9,11
030 Pfalzen,63,,8,5,13
030 Pfalzen,64,,8,12,20
030 Pfalzen,65,,7,8,15
030 Pfalzen,66,,10,6,16
030 Pfalzen,67,,13,7,20
030 Pfalzen,68,,10,11,21
030 Pfalzen,69,,11,6,17
030 Pfalzen,70,,4,6,10
030 Pfalzen,71,,6,5,11
030 Pfalzen,72,,5,4,9
030 Pfalzen,73,,7,4,11
030 Pfalzen,74,,4,11,15
030 Pfalzen,75,,6,8,14
030 Pfalzen,76,,5,3,8
030 Pfalzen,77,,-,8,8
030 Pfalzen,78,,3,7,10
030 Pfalzen,79,,4,4,8
030 Pfalzen,80,,1,1,2
030 Pfalzen,81,,1,2,3
030 Pfalzen,82,,-,2,2
030 Pfalzen,83,,2,-,2
030 Pfalzen,84,,2,6,8
030 Pfalzen,85,,1,3,4
030 Pfalzen,86,,1,1,2
030 Pfalzen,87,,-,4,4
030 Pfalzen,88,,-,4,4
030 Pfalzen,89,,4,2,6
030 Pfalzen,90,,2,1,3
030 Pfalzen,Insgesamt,,1.091,1.068,2.159
031 Völs am Schlern,0,,26,27,53
031 Völs am Schlern,1,,20,23,43
031 Völs am Schlern,2,,16,22,38
031 Völs am Schlern,3,,23,23,46
031 Völs am Schlern,4,,23,11,34
031 Völs am Schlern,5,,17,19,36
031 Völs am Schlern,6,,20,16,36
031 Völs am Schlern,7,,14,20,34
031 Völs am Schlern,8,,19,20,39
031 Völs am Schlern,9,,18,14,32
031 Völs am Schlern,10,,16,14,30
031 Völs am Schlern,11,,17,15,32
031 Völs am Schlern,12,,21,12,33
031 Völs am Schlern,13,,18,14,32
031 Völs am Schlern,14,,15,6,21
031 Völs am Schlern,15,,11,22,33
031 Völs am Schlern,16,,20,22,42
031 Völs am Schlern,17,,26,18,44
031 Völs am Schlern,18,,29,13,42
031 Völs am Schlern,19,,19,25,44
031 Völs am Schlern,20,,24,18,42
031 Völs am Schlern,21,,21,22,43
031 Völs am Schlern,22,,26,21,47
031 Völs am Schlern,23,,20,22,42
031 Völs am Schlern,24,,24,26,50
031 Völs am Schlern,25,,27,32,59
031 Völs am Schlern,26,,34,29,63
031 Völs am Schlern,27,,33,36,69
031 Völs am Schlern,28,,26,28,54
031 Völs am Schlern,29,,34,38,72
031 Völs am Schlern,30,,33,35,68
031 Völs am Schlern,31,,31,25,56
031 Völs am Schlern,32,,41,24,65
031 Völs am Schlern,33,,29,26,55
031 Völs am Schlern,34,,27,20,47
031 Völs am Schlern,35,,36,26,62
031 Völs am Schlern,36,,27,17,44
031 Völs am Schlern,37,,23,20,43
031 Völs am Schlern,38,,27,23,50
031 Völs am Schlern,39,,20,13,33
031 Völs am Schlern,40,,23,17,40
031 Völs am Schlern,41,,23,19,42
031 Völs am Schlern,42,,18,19,37
031 Völs am Schlern,43,,16,12,28
031 Völs am Schlern,44,,19,25,44
031 Völs am Schlern,45,,17,24,41
031 Völs am Schlern,46,,18,17,35
031 Völs am Schlern,47,,17,19,36
031 Völs am Schlern,48,,23,16,39
031 Völs am Schlern,49,,18,8,26
031 Völs am Schlern,50,,16,15,31
031 Völs am Schlern,51,,16,18,34
031 Völs am Schlern,52,,15,12,27
031 Völs am Schlern,53,,11,13,24
031 Völs am Schlern,54,,17,10,27
031 Völs am Schlern,55,,13,23,36
031 Völs am Schlern,56,,15,14,29
031 Völs am Schlern,57,,21,19,40
031 Völs am Schlern,58,,11,18,29
031 Völs am Schlern,59,,14,10,24
031 Völs am Schlern,60,,13,13,26
031 Völs am Schlern,61,,11,9,20
031 Völs am Schlern,62,,11,20,31
031 Völs am Schlern,63,,17,12,29
031 Völs am Schlern,64,,15,9,24
031 Völs am Schlern,65,,8,13,21
031 Völs am Schlern,66,,15,8,23
031 Völs am Schlern,67,,13,15,28
031 Völs am Schlern,68,,7,14,21
031 Völs am Schlern,69,,7,12,19
031 Völs am Schlern,70,,8,12,20
031 Völs am Schlern,71,,11,11,22
031 Völs am Schlern,72,,12,6,18
031 Völs am Schlern,73,,11,11,22
031 Völs am Schlern,74,,12,13,25
031 Völs am Schlern,75,,5,7,12
031 Völs am Schlern,76,,5,9,14
031 Völs am Schlern,77,,4,12,16
031 Völs am Schlern,78,,4,7,11
031 Völs am Schlern,79,,1,10,11
031 Völs am Schlern,80,,2,5,7
031 Völs am Schlern,81,,1,6,7
031 Völs am Schlern,82,,4,2,6
031 Völs am Schlern,83,,4,6,10
031 Völs am Schlern,84,,6,4,10
031 Völs am Schlern,85,,7,2,9
031 Völs am Schlern,86,,2,3,5
031 Völs am Schlern,87,,1,7,8
031 Völs am Schlern,88,,1,2,3
031 Völs am Schlern,89,,2,4,6
031 Völs am Schlern,90,,1,4,5
031 Völs am Schlern,91,,-,4,4
031 Völs am Schlern,93,,-,1,1
031 Völs am Schlern,94,,1,1,2
031 Völs am Schlern,Insgesamt,,1.514,1.459,2.973
032 Franzensfeste,0,,4,4,8
032 Franzensfeste,1,,5,2,7
032 Franzensfeste,2,,7,4,11
032 Franzensfeste,3,,5,1,6
032 Franzensfeste,4,,5,5,10
032 Franzensfeste,5,,4,5,9
032 Franzensfeste,6,,6,10,16
032 Franzensfeste,7,,5,3,8
032 Franzensfeste,8,,1,4,5
032 Franzensfeste,9,,5,5,10
032 Franzensfeste,10,,4,3,7
032 Franzensfeste,11,,4,3,7
032 Franzensfeste,12,,5,2,7
032 Franzensfeste,13,,3,8,11
032 Franzensfeste,14,,3,4,7
032 Franzensfeste,15,,7,4,11
032 Franzensfeste,16,,2,7,9
032 Franzensfeste,17,,7,4,11
032 Franzensfeste,18,,4,9,13
032 Franzensfeste,19,,12,5,17
032 Franzensfeste,20,,4,5,9
032 Franzensfeste,21,,3,2,5
032 Franzensfeste,22,,4,5,9
032 Franzensfeste,23,,9,7,16
032 Franzensfeste,24,,6,8,14
032 Franzensfeste,25,,3,6,9
032 Franzensfeste,26,,3,11,14
032 Franzensfeste,27,,8,3,11
032 Franzensfeste,28,,8,8,16
032 Franzensfeste,29,,4,5,9
032 Franzensfeste,30,,8,9,17
032 Franzensfeste,31,,9,5,14
032 Franzensfeste,32,,7,7,14
032 Franzensfeste,33,,10,6,16
032 Franzensfeste,34,,15,9,24
032 Franzensfeste,35,,8,9,17
032 Franzensfeste,36,,10,2,12
032 Franzensfeste,37,,5,10,15
032 Franzensfeste,38,,5,6,11
032 Franzensfeste,39,,8,8,16
032 Franzensfeste,40,,11,1,12
032 Franzensfeste,41,,4,5,9
032 Franzensfeste,42,,5,7,12
032 Franzensfeste,43,,9,7,16
032 Franzensfeste,44,,4,11,15
032 Franzensfeste,45,,8,6,14
032 Franzensfeste,46,,5,3,8
032 Franzensfeste,47,,7,1,8
032 Franzensfeste,48,,10,3,13
032 Franzensfeste,49,,2,4,6
032 Franzensfeste,50,,4,5,9
032 Franzensfeste,51,,3,4,7
032 Franzensfeste,52,,8,5,13
032 Franzensfeste,53,,4,8,12
032 Franzensfeste,54,,4,9,13
032 Franzensfeste,55,,5,2,7
032 Franzensfeste,56,,5,1,6
032 Franzensfeste,57,,5,3,8
032 Franzensfeste,58,,5,4,9
032 Franzensfeste,59,,7,5,12
032 Franzensfeste,60,,2,4,6
032 Franzensfeste,61,,7,6,13
032 Franzensfeste,62,,4,2,6
032 Franzensfeste,63,,3,3,6
032 Franzensfeste,64,,3,3,6
032 Franzensfeste,65,,3,5,8
032 Franzensfeste,66,,4,6,10
032 Franzensfeste,67,,2,8,10
032 Franzensfeste,68,,7,4,11
032 Franzensfeste,69,,4,8,12
032 Franzensfeste,70,,2,2,4
032 Franzensfeste,71,,3,7,10
032 Franzensfeste,72,,4,9,13
032 Franzensfeste,73,,5,1,6
032 Franzensfeste,74,,6,5,11
032 Franzensfeste,75,,4,8,12
032 Franzensfeste,76,,5,5,10
032 Franzensfeste,77,,2,4,6
032 Franzensfeste,78,,1,4,5
032 Franzensfeste,79,,2,1,3
032 Franzensfeste,80,,-,3,3
032 Franzensfeste,81,,1,-,1
032 Franzensfeste,83,,1,3,4
032 Franzensfeste,84,,1,3,4
032 Franzensfeste,85,,2,1,3
032 Franzensfeste,86,,1,1,2
032 Franzensfeste,87,,-,1,1
032 Franzensfeste,88,,1,-,1
032 Franzensfeste,89,,-,2,2
032 Franzensfeste,90,,-,1,1
032 Franzensfeste,92,,1,-,1
032 Franzensfeste,94,,-,1,1
032 Franzensfeste,96,,-,1,1
032 Franzensfeste,104,,1,-,1
032 Franzensfeste,Insgesamt,,432,429,861
033 Villnöss,0,,26,23,49
033 Villnöss,1,,17,24,41
033 Villnöss,2,,21,21,42
033 Villnöss,3,,16,13,29
033 Villnöss,4,,16,12,28
033 Villnöss,5,,17,11,28
033 Villnöss,6,,12,14,26
033 Villnöss,7,,21,16,37
033 Villnöss,8,,14,13,27
033 Villnöss,9,,11,7,18
033 Villnöss,10,,16,23,39
033 Villnöss,11,,19,19,38
033 Villnöss,12,,10,16,26
033 Villnöss,13,,18,17,35
033 Villnöss,14,,15,14,29
033 Villnöss,15,,17,14,31
033 Villnöss,16,,11,15,26
033 Villnöss,17,,12,18,30
033 Villnöss,18,,20,9,29
033 Villnöss,19,,11,12,23
033 Villnöss,20,,15,13,28
033 Villnöss,21,,18,14,32
033 Villnöss,22,,16,12,28
033 Villnöss,23,,24,15,39
033 Villnöss,24,,21,22,43
033 Villnöss,25,,13,20,33
033 Villnöss,26,,20,23,43
033 Villnöss,27,,28,27,55
033 Villnöss,28,,21,31,52
033 Villnöss,29,,30,21,51
033 Villnöss,30,,26,21,47
033 Villnöss,31,,24,20,44
033 Villnöss,32,,26,22,48
033 Villnöss,33,,32,27,59
033 Villnöss,34,,33,26,59
033 Villnöss,35,,31,18,49
033 Villnöss,36,,25,21,46
033 Villnöss,37,,24,15,39
033 Villnöss,38,,19,13,32
033 Villnöss,39,,11,11,22
033 Villnöss,40,,8,14,22
033 Villnöss,41,,13,12,25
033 Villnöss,42,,13,14,27
033 Villnöss,43,,13,2,15
033 Villnöss,44,,16,13,29
033 Villnöss,45,,13,13,26
033 Villnöss,46,,15,11,26
033 Villnöss,47,,9,9,18
033 Villnöss,48,,7,10,17
033 Villnöss,49,,9,14,23
033 Villnöss,50,,9,9,18
033 Villnöss,51,,11,11,22
033 Villnöss,52,,8,5,13
033 Villnöss,53,,7,5,12
033 Villnöss,54,,9,15,24
033 Villnöss,55,,13,10,23
033 Villnöss,56,,13,18,31
033 Villnöss,57,,13,10,23
033 Villnöss,58,,9,18,27
033 Villnöss,59,,12,13,25
033 Villnöss,60,,13,9,22
033 Villnöss,61,,11,14,25
033 Villnöss,62,,7,16,23
033 Villnöss,63,,5,10,15
033 Villnöss,64,,12,9,21
033 Villnöss,65,,11,12,23
033 Villnöss,66,,16,14,30
033 Villnöss,67,,10,11,21
033 Villnöss,68,,13,11,24
033 Villnöss,69,,11,12,23
033 Villnöss,70,,16,7,23
033 Villnöss,71,,8,11,19
033 Villnöss,72,,6,9,15
033 Villnöss,73,,9,7,16
033 Villnöss,74,,7,13,20
033 Villnöss,75,,7,13,20
033 Villnöss,76,,5,13,18
033 Villnöss,77,,1,8,9
033 Villnöss,78,,2,7,9
033 Villnöss,79,,3,4,7
033 Villnöss,80,,1,3,4
033 Villnöss,81,,3,4,7
033 Villnöss,82,,1,1,2
033 Villnöss,83,,3,4,7
033 Villnöss,84,,5,3,8
033 Villnöss,85,,2,3,5
033 Villnöss,86,,1,2,3
033 Villnöss,87,,1,1,2
033 Villnöss,88,,1,3,4
033 Villnöss,89,,1,4,5
033 Villnöss,90,,-,4,4
033 Villnöss,91,,1,1,2
033 Villnöss,92,,2,2,4
033 Villnöss,93,,-,1,1
033 Villnöss,98,,1,-,1
033 Villnöss,Insgesamt,,1.193,1.175,2.368
034 Gais,0,,24,20,44
034 Gais,1,,23,13,36
034 Gais,2,,8,21,29
034 Gais,3,,25,19,44
034 Gais,4,,22,22,44
034 Gais,5,,12,19,31
034 Gais,6,,21,27,48
034 Gais,7,,25,29,54
034 Gais,8,,14,20,34
034 Gais,9,,16,13,29
034 Gais,10,,20,17,37
034 Gais,11,,16,20,36
034 Gais,12,,18,17,35
034 Gais,13,,21,16,37
034 Gais,14,,23,15,38
034 Gais,15,,22,18,40
034 Gais,16,,18,18,36
034 Gais,17,,22,20,42
034 Gais,18,,23,20,43
034 Gais,19,,25,14,39
034 Gais,20,,19,17,36
034 Gais,21,,15,21,36
034 Gais,22,,24,21,45
034 Gais,23,,21,18,39
034 Gais,24,,27,30,57
034 Gais,25,,27,22,49
034 Gais,26,,22,39,61
034 Gais,27,,28,24,52
034 Gais,28,,27,26,53
034 Gais,29,,35,35,70
034 Gais,30,,24,23,47
034 Gais,31,,22,27,49
034 Gais,32,,31,17,48
034 Gais,33,,31,27,58
034 Gais,34,,28,27,55
034 Gais,35,,16,15,31
034 Gais,36,,31,19,50
034 Gais,37,,19,28,47
034 Gais,38,,17,11,28
034 Gais,39,,19,21,40
034 Gais,40,,25,19,44
034 Gais,41,,12,15,27
034 Gais,42,,27,18,45
034 Gais,43,,15,12,27
034 Gais,44,,16,13,29
034 Gais,45,,15,13,28
034 Gais,46,,15,13,28
034 Gais,47,,16,17,33
034 Gais,48,,19,19,38
034 Gais,49,,16,10,26
034 Gais,50,,24,13,37
034 Gais,51,,23,13,36
034 Gais,52,,14,17,31
034 Gais,53,,11,7,18
034 Gais,54,,13,13,26
034 Gais,55,,13,15,28
034 Gais,56,,15,10,25
034 Gais,57,,21,12,33
034 Gais,58,,18,11,29
034 Gais,59,,11,12,23
034 Gais,60,,14,12,26
034 Gais,61,,17,14,31
034 Gais,62,,9,11,20
034 Gais,63,,14,8,22
034 Gais,64,,7,6,13
034 Gais,65,,5,7,12
034 Gais,66,,9,9,18
034 Gais,67,,12,7,19
034 Gais,68,,5,8,13
034 Gais,69,,5,4,9
034 Gais,70,,9,7,16
034 Gais,71,,6,7,13
034 Gais,72,,10,6,16
034 Gais,73,,6,2,8
034 Gais,74,,3,5,8
034 Gais,75,,5,8,13
034 Gais,76,,3,3,6
034 Gais,77,,3,-,3
034 Gais,78,,2,-,2
034 Gais,79,,1,-,1
034 Gais,80,,2,1,3
034 Gais,81,,1,3,4
034 Gais,82,,-,2,2
034 Gais,84,,1,1,2
034 Gais,85,,3,-,3
034 Gais,86,,-,1,1
034 Gais,87,,1,1,2
034 Gais,88,,-,1,1
034 Gais,Insgesamt,,1.373,1.252,2.625
035 Gargazon,0,,13,4,17
035 Gargazon,1,,7,13,20
035 Gargazon,2,,8,5,13
035 Gargazon,3,,9,4,13
035 Gargazon,4,,3,7,10
035 Gargazon,5,,10,6,16
035 Gargazon,6,,11,8,19
035 Gargazon,7,,17,10,27
035 Gargazon,8,,4,11,15
035 Gargazon,9,,9,6,15
035 Gargazon,10,,9,4,13
035 Gargazon,11,,6,9,15
035 Gargazon,12,,5,10,15
035 Gargazon,13,,10,4,14
035 Gargazon,14,,11,3,14
035 Gargazon,15,,4,7,11
035 Gargazon,16,,5,8,13
035 Gargazon,17,,10,5,15
035 Gargazon,18,,6,11,17
035 Gargazon,19,,6,7,13
035 Gargazon,20,,2,8,10
035 Gargazon,21,,4,4,8
035 Gargazon,22,,5,2,7
035 Gargazon,23,,8,4,12
035 Gargazon,24,,8,10,18
035 Gargazon,25,,10,6,16
035 Gargazon,26,,8,13,21
035 Gargazon,27,,11,13,24
035 Gargazon,28,,10,8,18
035 Gargazon,29,,12,12,24
035 Gargazon,30,,15,17,32
035 Gargazon,31,,15,17,32
035 Gargazon,32,,11,11,22
035 Gargazon,33,,11,8,19
035 Gargazon,34,,12,13,25
035 Gargazon,35,,13,17,30
035 Gargazon,36,,11,10,21
035 Gargazon,37,,9,12,21
035 Gargazon,38,,8,12,20
035 Gargazon,39,,16,11,27
035 Gargazon,40,,8,7,15
035 Gargazon,41,,17,10,27
035 Gargazon,42,,13,6,19
035 Gargazon,43,,7,2,9
035 Gargazon,44,,9,10,19
035 Gargazon,45,,15,8,23
035 Gargazon,46,,3,7,10
035 Gargazon,47,,11,7,18
035 Gargazon,48,,7,7,14
035 Gargazon,49,,5,10,15
035 Gargazon,50,,9,8,17
035 Gargazon,51,,5,10,15
035 Gargazon,52,,7,13,20
035 Gargazon,53,,8,4,12
035 Gargazon,54,,2,5,7
035 Gargazon,55,,3,8,11
035 Gargazon,56,,9,10,19
035 Gargazon,57,,11,11,22
035 Gargazon,58,,6,15,21
035 Gargazon,59,,10,6,16
035 Gargazon,60,,10,7,17
035 Gargazon,61,,7,12,19
035 Gargazon,62,,5,4,9
035 Gargazon,63,,15,2,17
035 Gargazon,64,,8,7,15
035 Gargazon,65,,4,11,15
035 Gargazon,66,,7,2,9
035 Gargazon,67,,5,7,12
035 Gargazon,68,,6,6,12
035 Gargazon,69,,3,10,13
035 Gargazon,70,,4,5,9
035 Gargazon,71,,5,5,10
035 Gargazon,72,,5,3,8
035 Gargazon,73,,5,6,11
035 Gargazon,74,,1,4,5
035 Gargazon,75,,5,6,11
035 Gargazon,76,,3,8,11
035 Gargazon,77,,6,6,12
035 Gargazon,78,,4,2,6
035 Gargazon,79,,2,2,4
035 Gargazon,80,,1,2,3
035 Gargazon,81,,-,2,2
035 Gargazon,82,,-,2,2
035 Gargazon,83,,2,2,4
035 Gargazon,84,,3,1,4
035 Gargazon,85,,2,4,6
035 Gargazon,86,,2,4,6
035 Gargazon,89,,-,2,2
035 Gargazon,90,,-,1,1
035 Gargazon,91,,1,1,2
035 Gargazon,92,,-,1,1
035 Gargazon,94,,-,1,1
035 Gargazon,Insgesamt,,648,652,1.300
036 Glurns,0,,8,4,12
036 Glurns,1,,4,7,11
036 Glurns,2,,7,5,12
036 Glurns,3,,7,4,11
036 Glurns,4,,1,3,4
036 Glurns,5,,8,7,15
036 Glurns,6,,4,8,12
036 Glurns,7,,6,3,9
036 Glurns,8,,8,6,14
036 Glurns,9,,4,3,7
036 Glurns,10,,6,9,15
036 Glurns,11,,7,6,13
036 Glurns,12,,6,8,14
036 Glurns,13,,3,3,6
036 Glurns,14,,7,7,14
036 Glurns,15,,9,6,15
036 Glurns,16,,11,9,20
036 Glurns,17,,7,8,15
036 Glurns,18,,13,8,21
036 Glurns,19,,6,8,14
036 Glurns,20,,5,8,13
036 Glurns,21,,5,5,10
036 Glurns,22,,10,4,14
036 Glurns,23,,7,8,15
036 Glurns,24,,7,6,13
036 Glurns,25,,3,3,6
036 Glurns,26,,5,7,12
036 Glurns,27,,4,8,12
036 Glurns,28,,2,-,2
036 Glurns,29,,4,6,10
036 Glurns,30,,8,5,13
036 Glurns,31,,7,9,16
036 Glurns,32,,5,7,12
036 Glurns,33,,1,6,7
036 Glurns,34,,8,3,11
036 Glurns,35,,7,9,16
036 Glurns,36,,4,6,10
036 Glurns,37,,4,6,10
036 Glurns,38,,8,8,16
036 Glurns,39,,12,9,21
036 Glurns,40,,4,10,14
036 Glurns,41,,6,13,19
036 Glurns,42,,7,5,12
036 Glurns,43,,11,7,18
036 Glurns,44,,12,4,16
036 Glurns,45,,9,9,18
036 Glurns,46,,5,10,15
036 Glurns,47,,8,10,18
036 Glurns,48,,6,5,11
036 Glurns,49,,6,3,9
036 Glurns,50,,7,5,12
036 Glurns,51,,11,7,18
036 Glurns,52,,9,2,11
036 Glurns,53,,7,1,8
036 Glurns,54,,4,4,8
036 Glurns,55,,1,4,5
036 Glurns,56,,5,5,10
036 Glurns,57,,5,2,7
036 Glurns,58,,5,1,6
036 Glurns,59,,1,3,4
036 Glurns,60,,4,4,8
036 Glurns,61,,5,5,10
036 Glurns,62,,-,1,1
036 Glurns,63,,2,4,6
036 Glurns,64,,1,6,7
036 Glurns,65,,1,1,2
036 Glurns,66,,8,3,11
036 Glurns,67,,4,2,6
036 Glurns,68,,6,2,8
036 Glurns,69,,5,7,12
036 Glurns,70,,1,3,4
036 Glurns,71,,1,3,4
036 Glurns,72,,-,2,2
036 Glurns,73,,1,6,7
036 Glurns,74,,2,2,4
036 Glurns,75,,-,1,1
036 Glurns,76,,1,-,1
036 Glurns,77,,2,3,5
036 Glurns,78,,1,2,3
036 Glurns,79,,1,3,4
036 Glurns,80,,-,3,3
036 Glurns,81,,1,2,3
036 Glurns,83,,-,4,4
036 Glurns,84,,-,4,4
036 Glurns,85,,1,4,5
036 Glurns,86,,-,3,3
036 Glurns,87,,1,3,4
036 Glurns,88,,-,1,1
036 Glurns,89,,-,1,1
036 Glurns,91,,-,1,1
036 Glurns,94,,-,1,1
036 Glurns,Insgesamt,,426,442,868
037 Latsch,0,,26,22,48
037 Latsch,1,,36,40,76
037 Latsch,2,,36,33,69
037 Latsch,3,,45,34,79
037 Latsch,4,,37,23,60
037 Latsch,5,,33,28,61
037 Latsch,6,,33,34,67
037 Latsch,7,,28,34,62
037 Latsch,8,,33,51,84
037 Latsch,9,,34,30,64
037 Latsch,10,,41,34,75
037 Latsch,11,,30,36,66
037 Latsch,12,,34,25,59
037 Latsch,13,,31,34,65
037 Latsch,14,,35,35,70
037 Latsch,15,,27,31,58
037 Latsch,16,,29,47,76
037 Latsch,17,,26,34,60
037 Latsch,18,,31,35,66
037 Latsch,19,,34,26,60
037 Latsch,20,,30,23,53
037 Latsch,21,,28,35,63
037 Latsch,22,,21,19,40
037 Latsch,23,,34,31,65
037 Latsch,24,,27,30,57
037 Latsch,25,,32,35,67
037 Latsch,26,,29,39,68
037 Latsch,27,,38,34,72
037 Latsch,28,,37,37,74
037 Latsch,29,,37,40,77
037 Latsch,30,,44,56,100
037 Latsch,31,,44,47,91
037 Latsch,32,,32,47,79
037 Latsch,33,,53,49,102
037 Latsch,34,,59,39,98
037 Latsch,35,,55,51,106
037 Latsch,36,,42,44,86
037 Latsch,37,,47,39,86
037 Latsch,38,,42,56,98
037 Latsch,39,,46,44,90
037 Latsch,40,,40,29,69
037 Latsch,41,,26,31,57
037 Latsch,42,,32,32,64
037 Latsch,43,,36,28,64
037 Latsch,44,,32,21,53
037 Latsch,45,,29,21,50
037 Latsch,46,,41,19,60
037 Latsch,47,,21,34,55
037 Latsch,48,,32,15,47
037 Latsch,49,,16,22,38
037 Latsch,50,,16,22,38
037 Latsch,51,,19,16,35
037 Latsch,52,,19,22,41
037 Latsch,53,,20,18,38
037 Latsch,54,,25,13,38
037 Latsch,55,,26,24,50
037 Latsch,56,,30,24,54
037 Latsch,57,,18,26,44
037 Latsch,58,,21,26,47
037 Latsch,59,,17,20,37
037 Latsch,60,,20,29,49
037 Latsch,61,,14,29,43
037 Latsch,62,,21,14,35
037 Latsch,63,,28,15,43
037 Latsch,64,,22,26,48
037 Latsch,65,,20,22,42
037 Latsch,66,,25,21,46
037 Latsch,67,,18,18,36
037 Latsch,68,,22,20,42
037 Latsch,69,,19,16,35
037 Latsch,70,,19,20,39
037 Latsch,71,,18,32,50
037 Latsch,72,,23,16,39
037 Latsch,73,,20,22,42
037 Latsch,74,,11,17,28
037 Latsch,75,,13,22,35
037 Latsch,76,,11,24,35
037 Latsch,77,,16,19,35
037 Latsch,78,,10,11,21
037 Latsch,79,,7,13,20
037 Latsch,80,,3,5,8
037 Latsch,81,,4,8,12
037 Latsch,82,,1,5,6
037 Latsch,83,,4,5,9
037 Latsch,84,,4,9,13
037 Latsch,85,,4,12,16
037 Latsch,86,,5,3,8
037 Latsch,87,,3,6,9
037 Latsch,88,,2,4,6
037 Latsch,89,,1,7,8
037 Latsch,90,,3,4,7
037 Latsch,91,,1,-,1
037 Latsch,92,,1,5,6
037 Latsch,93,,-,1,1
037 Latsch,94,,1,1,2
037 Latsch,98,,-,1,1
037 Latsch,Insgesamt,,2.346,2.406,4.752
038 Algund,0,,21,19,40
038 Algund,1,,22,20,42
038 Algund,2,,18,20,38
038 Algund,3,,30,22,52
038 Algund,4,,26,14,40
038 Algund,5,,28,20,48
038 Algund,6,,31,17,48
038 Algund,7,,25,21,46
038 Algund,8,,28,16,44
038 Algund,9,,20,30,50
038 Algund,10,,19,24,43
038 Algund,11,,27,18,45
038 Algund,12,,20,32,52
038 Algund,13,,24,20,44
038 Algund,14,,22,19,41
038 Algund,15,,23,26,49
038 Algund,16,,25,21,46
038 Algund,17,,23,21,44
038 Algund,18,,26,27,53
038 Algund,19,,18,20,38
038 Algund,20,,16,29,45
038 Algund,21,,18,26,44
038 Algund,22,,22,24,46
038 Algund,23,,24,17,41
038 Algund,24,,19,25,44
038 Algund,25,,27,18,45
038 Algund,26,,32,35,67
038 Algund,27,,23,31,54
038 Algund,28,,49,27,76
038 Algund,29,,38,27,65
038 Algund,30,,39,29,68
038 Algund,31,,36,35,71
038 Algund,32,,30,35,65
038 Algund,33,,32,38,70
038 Algund,34,,42,27,69
038 Algund,35,,35,44,79
038 Algund,36,,31,37,68
038 Algund,37,,26,41,67
038 Algund,38,,27,39,66
038 Algund,39,,36,26,62
038 Algund,40,,38,29,67
038 Algund,41,,28,26,54
038 Algund,42,,30,27,57
038 Algund,43,,23,23,46
038 Algund,44,,27,22,49
038 Algund,45,,15,31,46
038 Algund,46,,26,21,47
038 Algund,47,,22,25,47
038 Algund,48,,20,22,42
038 Algund,49,,25,25,50
038 Algund,50,,26,21,47
038 Algund,51,,22,17,39
038 Algund,52,,31,21,52
038 Algund,53,,21,19,40
038 Algund,54,,24,24,48
038 Algund,55,,21,20,41
038 Algund,56,,19,35,54
038 Algund,57,,21,21,42
038 Algund,58,,15,19,34
038 Algund,59,,23,23,46
038 Algund,60,,23,18,41
038 Algund,61,,16,9,25
038 Algund,62,,18,22,40
038 Algund,63,,15,17,32
038 Algund,64,,19,15,34
038 Algund,65,,24,13,37
038 Algund,66,,17,20,37
038 Algund,67,,15,17,32
038 Algund,68,,15,16,31
038 Algund,69,,14,15,29
038 Algund,70,,15,16,31
038 Algund,71,,10,6,16
038 Algund,72,,17,15,32
038 Algund,73,,11,10,21
038 Algund,74,,8,11,19
038 Algund,75,,7,9,16
038 Algund,76,,11,12,23
038 Algund,77,,11,9,20
038 Algund,78,,14,7,21
038 Algund,79,,7,7,14
038 Algund,80,,8,6,14
038 Algund,81,,4,1,5
038 Algund,82,,2,3,5
038 Algund,83,,7,4,11
038 Algund,84,,5,4,9
038 Algund,85,,2,1,3
038 Algund,86,,5,3,8
038 Algund,87,,2,1,3
038 Algund,88,,3,4,7
038 Algund,89,,1,-,1
038 Algund,90,,1,4,5
038 Algund,91,,1,1,2
038 Algund,92,,-,1,1
038 Algund,Insgesamt,,1.883,1.805,3.688
039 Lajen,0,,21,13,34
039 Lajen,1,,12,19,31
039 Lajen,2,,16,9,25
039 Lajen,3,,8,11,19
039 Lajen,4,,11,12,23
039 Lajen,5,,13,13,26
039 Lajen,6,,15,11,26
039 Lajen,7,,19,18,37
039 Lajen,8,,8,10,18
039 Lajen,9,,17,14,31
039 Lajen,10,,13,9,22
039 Lajen,11,,13,6,19
039 Lajen,12,,18,13,31
039 Lajen,13,,19,11,30
039 Lajen,14,,8,13,21
039 Lajen,15,,9,18,27
039 Lajen,16,,20,15,35
039 Lajen,17,,10,22,32
039 Lajen,18,,20,18,38
039 Lajen,19,,19,12,31
039 Lajen,20,,23,17,40
039 Lajen,21,,18,11,29
039 Lajen,22,,19,13,32
039 Lajen,23,,17,24,41
039 Lajen,24,,27,16,43
039 Lajen,25,,16,14,30
039 Lajen,26,,18,23,41
039 Lajen,27,,17,23,40
039 Lajen,28,,19,21,40
039 Lajen,29,,27,19,46
039 Lajen,30,,19,20,39
039 Lajen,31,,23,21,44
039 Lajen,32,,20,16,36
039 Lajen,33,,29,14,43
039 Lajen,34,,22,17,39
039 Lajen,35,,15,9,24
039 Lajen,36,,28,14,42
039 Lajen,37,,13,24,37
039 Lajen,38,,12,9,21
039 Lajen,39,,15,21,36
039 Lajen,40,,19,12,31
039 Lajen,41,,14,11,25
039 Lajen,42,,12,13,25
039 Lajen,43,,13,11,24
039 Lajen,44,,5,13,18
039 Lajen,45,,9,9,18
039 Lajen,46,,8,10,18
039 Lajen,47,,8,13,21
039 Lajen,48,,13,15,28
039 Lajen,49,,5,13,18
039 Lajen,50,,10,15,25
039 Lajen,51,,14,6,20
039 Lajen,52,,12,11,23
039 Lajen,53,,13,9,22
039 Lajen,54,,11,8,19
039 Lajen,55,,12,13,25
039 Lajen,56,,20,12,32
039 Lajen,57,,18,16,34
039 Lajen,58,,15,11,26
039 Lajen,59,,17,10,27
039 Lajen,60,,7,15,22
039 Lajen,61,,7,8,15
039 Lajen,62,,7,8,15
039 Lajen,63,,8,9,17
039 Lajen,64,,8,8,16
039 Lajen,65,,5,13,18
039 Lajen,66,,10,4,14
039 Lajen,67,,5,8,13
039 Lajen,68,,8,4,12
039 Lajen,69,,5,5,10
039 Lajen,70,,8,10,18
039 Lajen,71,,9,11,20
039 Lajen,72,,11,7,18
039 Lajen,73,,6,9,15
039 Lajen,74,,7,7,14
039 Lajen,75,,8,9,17
039 Lajen,76,,4,7,11
039 Lajen,77,,5,9,14
039 Lajen,78,,2,3,5
039 Lajen,79,,3,5,8
039 Lajen,80,,1,3,4
039 Lajen,81,,1,2,3
039 Lajen,82,,-,3,3
039 Lajen,83,,3,3,6
039 Lajen,84,,1,4,5
039 Lajen,85,,2,2,4
039 Lajen,86,,2,2,4
039 Lajen,87,,2,-,2
039 Lajen,88,,2,2,4
039 Lajen,89,,2,3,5
039 Lajen,90,,2,3,5
039 Lajen,91,,-,3,3
039 Lajen,92,,1,2,3
039 Lajen,95,,-,2,2
039 Lajen,Insgesamt,,1.086,1.037,2.123
040 Leifers,0,,84,99,183
040 Leifers,1,,103,95,198
040 Leifers,2,,99,84,183
040 Leifers,3,,93,97,190
040 Leifers,4,,87,89,176
040 Leifers,5,,78,68,146
040 Leifers,6,,84,74,158
040 Leifers,7,,85,82,167
040 Leifers,8,,93,78,171
040 Leifers,9,,67,78,145
040 Leifers,10,,72,80,152
040 Leifers,11,,62,70,132
040 Leifers,12,,78,82,160
040 Leifers,13,,75,65,140
040 Leifers,14,,74,71,145
040 Leifers,15,,76,92,168
040 Leifers,16,,60,59,119
040 Leifers,17,,68,63,131
040 Leifers,18,,73,67,140
040 Leifers,19,,65,83,148
040 Leifers,20,,72,71,143
040 Leifers,21,,84,97,181
040 Leifers,22,,91,78,169
040 Leifers,23,,96,109,205
040 Leifers,24,,127,118,245
040 Leifers,25,,126,107,233
040 Leifers,26,,131,119,250
040 Leifers,27,,132,127,259
040 Leifers,28,,122,127,249
040 Leifers,29,,149,120,269
040 Leifers,30,,133,153,286
040 Leifers,31,,152,142,294
040 Leifers,32,,155,128,283
040 Leifers,33,,164,142,306
040 Leifers,34,,166,154,320
040 Leifers,35,,145,153,298
040 Leifers,36,,138,124,262
040 Leifers,37,,141,144,285
040 Leifers,38,,135,119,254
040 Leifers,39,,119,108,227
040 Leifers,40,,99,110,209
040 Leifers,41,,100,116,216
040 Leifers,42,,138,132,270
040 Leifers,43,,106,121,227
040 Leifers,44,,91,103,194
040 Leifers,45,,116,121,237
040 Leifers,46,,107,97,204
040 Leifers,47,,108,94,202
040 Leifers,48,,97,86,183
040 Leifers,49,,101,100,201
040 Leifers,50,,113,105,218
040 Leifers,51,,104,102,206
040 Leifers,52,,129,152,281
040 Leifers,53,,80,85,165
040 Leifers,54,,103,94,197
040 Leifers,55,,101,94,195
040 Leifers,56,,97,97,194
040 Leifers,57,,91,84,175
040 Leifers,58,,99,94,193
040 Leifers,59,,99,94,193
040 Leifers,60,,93,80,173
040 Leifers,61,,66,85,151
040 Leifers,62,,65,68,133
040 Leifers,63,,58,70,128
040 Leifers,64,,71,64,135
040 Leifers,65,,66,65,131
040 Leifers,66,,72,79,151
040 Leifers,67,,57,68,125
040 Leifers,68,,60,68,128
040 Leifers,69,,48,62,110
040 Leifers,70,,50,44,94
040 Leifers,71,,41,66,107
040 Leifers,72,,37,55,92
040 Leifers,73,,31,53,84
040 Leifers,74,,33,56,89
040 Leifers,75,,32,41,73
040 Leifers,76,,34,43,77
040 Leifers,77,,22,29,51
040 Leifers,78,,20,26,46
040 Leifers,79,,15,37,52
040 Leifers,80,,9,20,29
040 Leifers,81,,3,14,17
040 Leifers,82,,8,16,24
040 Leifers,83,,4,18,22
040 Leifers,84,,8,26,34
040 Leifers,85,,14,22,36
040 Leifers,86,,9,28,37
040 Leifers,87,,7,20,27
040 Leifers,88,,3,18,21
040 Leifers,89,,7,9,16
040 Leifers,90,,3,7,10
040 Leifers,91,,2,5,7
040 Leifers,92,,1,8,9
040 Leifers,93,,1,5,6
040 Leifers,94,,1,6,7
040 Leifers,95,,1,2,3
040 Leifers,96,,-,2,2
040 Leifers,97,,-,1,1
040 Leifers,98,,-,2,2
040 Leifers,Insgesamt,,7.285,7.485,14.770
041 Lana,0,,56,56,112
041 Lana,1,,51,62,113
041 Lana,2,,62,68,130
041 Lana,3,,56,57,113
041 Lana,4,,56,68,124
041 Lana,5,,56,53,109
041 Lana,6,,56,58,114
041 Lana,7,,50,56,106
041 Lana,8,,44,60,104
041 Lana,9,,46,72,118
041 Lana,10,,59,46,105
041 Lana,11,,68,44,112
041 Lana,12,,54,48,102
041 Lana,13,,60,54,114
041 Lana,14,,59,48,107
041 Lana,15,,63,57,120
041 Lana,16,,63,49,112
041 Lana,17,,47,61,108
041 Lana,18,,51,46,97
041 Lana,19,,54,63,117
041 Lana,20,,62,51,113
041 Lana,21,,69,50,119
041 Lana,22,,54,48,102
041 Lana,23,,57,60,117
041 Lana,24,,68,59,127
041 Lana,25,,64,78,142
041 Lana,26,,80,78,158
041 Lana,27,,70,77,147
041 Lana,28,,72,91,163
041 Lana,29,,113,74,187
041 Lana,30,,72,80,152
041 Lana,31,,91,93,184
041 Lana,32,,81,95,176
041 Lana,33,,87,86,173
041 Lana,34,,96,89,185
041 Lana,35,,99,81,180
041 Lana,36,,85,74,159
041 Lana,37,,83,86,169
041 Lana,38,,76,73,149
041 Lana,39,,83,71,154
041 Lana,40,,71,83,154
041 Lana,41,,72,71,143
041 Lana,42,,58,57,115
041 Lana,43,,63,68,131
041 Lana,44,,61,61,122
041 Lana,45,,57,63,120
041 Lana,46,,49,57,106
041 Lana,47,,56,63,119
041 Lana,48,,51,55,106
041 Lana,49,,53,53,106
041 Lana,50,,55,64,119
041 Lana,51,,54,43,97
041 Lana,52,,65,61,126
041 Lana,53,,43,49,92
041 Lana,54,,50,56,106
041 Lana,55,,64,59,123
041 Lana,56,,62,66,128
041 Lana,57,,52,49,101
041 Lana,58,,40,47,87
041 Lana,59,,55,53,108
041 Lana,60,,45,59,104
041 Lana,61,,36,42,78
041 Lana,62,,46,50,96
041 Lana,63,,39,39,78
041 Lana,64,,39,45,84
041 Lana,65,,35,43,78
041 Lana,66,,34,34,68
041 Lana,67,,30,46,76
041 Lana,68,,28,39,67
041 Lana,69,,25,39,64
041 Lana,70,,38,34,72
041 Lana,71,,32,38,70
041 Lana,72,,27,41,68
041 Lana,73,,34,42,76
041 Lana,74,,14,27,41
041 Lana,75,,20,33,53
041 Lana,76,,27,40,67
041 Lana,77,,18,36,54
041 Lana,78,,20,37,57
041 Lana,79,,12,29,41
041 Lana,80,,3,13,16
041 Lana,81,,4,21,25
041 Lana,82,,4,7,11
041 Lana,83,,14,24,38
041 Lana,84,,12,14,26
041 Lana,85,,9,26,35
041 Lana,86,,7,12,19
041 Lana,87,,8,20,28
041 Lana,88,,4,13,17
041 Lana,89,,5,12,17
041 Lana,90,,3,10,13
041 Lana,91,,1,7,8
041 Lana,92,,3,9,12
041 Lana,93,,3,2,5
041 Lana,94,,-,3,3
041 Lana,95,,1,3,4
041 Lana,96,,-,2,2
041 Lana,97,,1,3,4
041 Lana,98,,1,-,1
041 Lana,99,,1,-,1
041 Lana,Insgesamt,,4.487,4.792,9.279
042 Laas,0,,29,30,59
042 Laas,1,,27,26,53
042 Laas,2,,32,33,65
042 Laas,3,,32,23,55
042 Laas,4,,26,25,51
042 Laas,5,,23,20,43
042 Laas,6,,14,25,39
042 Laas,7,,25,21,46
042 Laas,8,,22,25,47
042 Laas,9,,21,23,44
042 Laas,10,,23,19,42
042 Laas,11,,28,23,51
042 Laas,12,,33,21,54
042 Laas,13,,28,28,56
042 Laas,14,,28,26,54
042 Laas,15,,22,38,60
042 Laas,16,,34,24,58
042 Laas,17,,24,28,52
042 Laas,18,,17,23,40
042 Laas,19,,30,31,61
042 Laas,20,,32,20,52
042 Laas,21,,25,21,46
042 Laas,22,,23,29,52
042 Laas,23,,29,25,54
042 Laas,24,,37,24,61
042 Laas,25,,29,36,65
042 Laas,26,,26,24,50
042 Laas,27,,28,28,56
042 Laas,28,,38,25,63
042 Laas,29,,39,40,79
042 Laas,30,,43,24,67
042 Laas,31,,33,25,58
042 Laas,32,,33,27,60
042 Laas,33,,37,35,72
042 Laas,34,,30,31,61
042 Laas,35,,31,28,59
042 Laas,36,,34,27,61
042 Laas,37,,28,27,55
042 Laas,38,,34,22,56
042 Laas,39,,35,29,64
042 Laas,40,,28,24,52
042 Laas,41,,20,26,46
042 Laas,42,,24,18,42
042 Laas,43,,17,14,31
042 Laas,44,,16,24,40
042 Laas,45,,25,12,37
042 Laas,46,,29,25,54
042 Laas,47,,16,16,32
042 Laas,48,,23,24,47
042 Laas,49,,20,20,40
042 Laas,50,,16,20,36
042 Laas,51,,28,13,41
042 Laas,52,,14,14,28
042 Laas,53,,16,12,28
042 Laas,54,,12,15,27
042 Laas,55,,13,16,29
042 Laas,56,,17,20,37
042 Laas,57,,16,21,37
042 Laas,58,,24,25,49
042 Laas,59,,15,25,40
042 Laas,60,,21,13,34
042 Laas,61,,16,14,30
042 Laas,62,,23,15,38
042 Laas,63,,18,21,39
042 Laas,64,,12,19,31
042 Laas,65,,23,12,35
042 Laas,66,,17,18,35
042 Laas,67,,20,23,43
042 Laas,68,,19,21,40
042 Laas,69,,16,13,29
042 Laas,70,,15,13,28
042 Laas,71,,15,19,34
042 Laas,72,,18,12,30
042 Laas,73,,12,15,27
042 Laas,74,,11,20,31
042 Laas,75,,16,12,28
042 Laas,76,,9,20,29
042 Laas,77,,5,8,13
042 Laas,78,,8,11,19
042 Laas,79,,5,10,15
042 Laas,80,,6,4,10
042 Laas,81,,3,3,6
042 Laas,82,,3,4,7
042 Laas,83,,-,2,2
042 Laas,84,,2,8,10
042 Laas,85,,2,8,10
042 Laas,86,,3,7,10
042 Laas,87,,1,4,5
042 Laas,88,,5,3,8
042 Laas,89,,3,4,7
042 Laas,90,,-,3,3
042 Laas,91,,-,2,2
042 Laas,92,,-,2,2
042 Laas,93,,-,2,2
042 Laas,94,,1,-,1
042 Laas,96,,-,1,1
042 Laas,97,,-,1,1
042 Laas,98,,-,1,1
042 Laas,Insgesamt,,1.879,1.811,3.690
043 Laurein,0,,2,3,5
043 Laurein,1,,3,5,8
043 Laurein,2,,-,2,2
043 Laurein,3,,3,3,6
043 Laurein,4,,2,3,5
043 Laurein,5,,1,5,6
043 Laurein,6,,1,1,2
043 Laurein,7,,1,1,2
043 Laurein,8,,4,-,4
043 Laurein,9,,3,2,5
043 Laurein,10,,1,-,1
043 Laurein,11,,2,2,4
043 Laurein,12,,4,2,6
043 Laurein,13,,2,2,4
043 Laurein,14,,1,2,3
043 Laurein,16,,2,2,4
043 Laurein,17,,3,1,4
043 Laurein,18,,2,-,2
043 Laurein,19,,2,-,2
043 Laurein,20,,2,5,7
043 Laurein,21,,1,2,3
043 Laurein,22,,5,1,6
043 Laurein,23,,-,6,6
043 Laurein,24,,1,5,6
043 Laurein,25,,5,1,6
043 Laurein,26,,1,3,4
043 Laurein,27,,6,5,11
043 Laurein,28,,5,2,7
043 Laurein,29,,5,5,10
043 Laurein,30,,-,2,2
043 Laurein,31,,5,7,12
043 Laurein,32,,6,3,9
043 Laurein,33,,6,2,8
043 Laurein,34,,3,3,6
043 Laurein,35,,1,2,3
043 Laurein,36,,1,2,3
043 Laurein,37,,5,6,11
043 Laurein,38,,2,1,3
043 Laurein,39,,4,4,8
043 Laurein,40,,3,2,5
043 Laurein,41,,7,-,7
043 Laurein,43,,2,-,2
043 Laurein,44,,4,1,5
043 Laurein,45,,2,1,3
043 Laurein,46,,2,2,4
043 Laurein,48,,2,1,3
043 Laurein,49,,3,2,5
043 Laurein,50,,2,-,2
043 Laurein,51,,2,3,5
043 Laurein,52,,-,1,1
043 Laurein,53,,-,1,1
043 Laurein,54,,-,1,1
043 Laurein,55,,1,-,1
043 Laurein,56,,2,-,2
043 Laurein,58,,4,2,6
043 Laurein,59,,3,3,6
043 Laurein,60,,1,1,2
043 Laurein,61,,2,1,3
043 Laurein,62,,1,2,3
043 Laurein,63,,1,3,4
043 Laurein,64,,2,5,7
043 Laurein,65,,1,3,4
043 Laurein,66,,4,2,6
043 Laurein,67,,1,3,4
043 Laurein,68,,2,5,7
043 Laurein,69,,3,-,3
043 Laurein,70,,5,1,6
043 Laurein,71,,5,1,6
043 Laurein,72,,2,2,4
043 Laurein,73,,4,2,6
043 Laurein,74,,-,2,2
043 Laurein,75,,1,-,1
043 Laurein,76,,-,3,3
043 Laurein,77,,1,-,1
043 Laurein,78,,2,2,4
043 Laurein,79,,-,1,1
043 Laurein,82,,1,-,1
043 Laurein,84,,-,2,2
043 Laurein,85,,1,1,2
043 Laurein,86,,1,-,1
043 Laurein,87,,-,1,1
043 Laurein,88,,1,1,2
043 Laurein,91,,1,-,1
043 Laurein,92,,-,1,1
043 Laurein,Insgesamt,,185,168,353
044 Lüsen,0,,8,11,19
044 Lüsen,1,,13,7,20
044 Lüsen,2,,8,13,21
044 Lüsen,3,,9,12,21
044 Lüsen,4,,14,14,28
044 Lüsen,5,,9,9,18
044 Lüsen,6,,11,10,21
044 Lüsen,7,,8,10,18
044 Lüsen,8,,6,11,17
044 Lüsen,9,,18,8,26
044 Lüsen,10,,10,9,19
044 Lüsen,11,,7,8,15
044 Lüsen,12,,12,12,24
044 Lüsen,13,,3,3,6
044 Lüsen,14,,9,18,27
044 Lüsen,15,,6,11,17
044 Lüsen,16,,15,10,25
044 Lüsen,17,,11,14,25
044 Lüsen,18,,15,13,28
044 Lüsen,19,,8,10,18
044 Lüsen,20,,16,18,34
044 Lüsen,21,,7,9,16
044 Lüsen,22,,15,11,26
044 Lüsen,23,,12,12,24
044 Lüsen,24,,17,12,29
044 Lüsen,25,,10,6,16
044 Lüsen,26,,11,10,21
044 Lüsen,27,,16,11,27
044 Lüsen,28,,18,17,35
044 Lüsen,29,,8,13,21
044 Lüsen,30,,14,16,30
044 Lüsen,31,,13,21,34
044 Lüsen,32,,14,15,29
044 Lüsen,33,,18,14,32
044 Lüsen,34,,15,9,24
044 Lüsen,35,,13,8,21
044 Lüsen,36,,9,13,22
044 Lüsen,37,,12,10,22
044 Lüsen,38,,8,13,21
044 Lüsen,39,,7,4,11
044 Lüsen,40,,12,12,24
044 Lüsen,41,,9,9,18
044 Lüsen,42,,9,9,18
044 Lüsen,43,,7,7,14
044 Lüsen,44,,14,5,19
044 Lüsen,45,,8,10,18
044 Lüsen,46,,10,4,14
044 Lüsen,47,,5,7,12
044 Lüsen,48,,6,7,13
044 Lüsen,49,,8,12,20
044 Lüsen,50,,8,2,10
044 Lüsen,51,,7,4,11
044 Lüsen,52,,10,5,15
044 Lüsen,53,,4,9,13
044 Lüsen,54,,4,7,11
044 Lüsen,55,,7,7,14
044 Lüsen,56,,2,6,8
044 Lüsen,57,,7,4,11
044 Lüsen,58,,5,9,14
044 Lüsen,59,,9,7,16
044 Lüsen,60,,9,4,13
044 Lüsen,61,,8,5,13
044 Lüsen,62,,6,9,15
044 Lüsen,63,,7,5,12
044 Lüsen,64,,4,5,9
044 Lüsen,65,,7,3,10
044 Lüsen,66,,3,11,14
044 Lüsen,67,,8,5,13
044 Lüsen,68,,4,6,10
044 Lüsen,69,,6,8,14
044 Lüsen,70,,8,8,16
044 Lüsen,71,,7,4,11
044 Lüsen,72,,2,8,10
044 Lüsen,73,,4,6,10
044 Lüsen,74,,4,3,7
044 Lüsen,75,,5,4,9
044 Lüsen,76,,2,4,6
044 Lüsen,77,,2,7,9
044 Lüsen,78,,3,6,9
044 Lüsen,79,,3,2,5
044 Lüsen,80,,-,4,4
044 Lüsen,81,,1,2,3
044 Lüsen,82,,-,2,2
044 Lüsen,83,,-,4,4
044 Lüsen,84,,2,2,4
044 Lüsen,85,,4,4,8
044 Lüsen,86,,2,2,4
044 Lüsen,87,,1,-,1
044 Lüsen,88,,-,1,1
044 Lüsen,89,,1,1,2
044 Lüsen,94,,1,-,1
044 Lüsen,95,,1,-,1
044 Lüsen,98,,-,1,1
044 Lüsen,Insgesamt,,719,733,1.452
045 Margreid a.d. Weinstr.,0,,4,12,16
045 Margreid a.d. Weinstr.,1,,8,13,21
045 Margreid a.d. Weinstr.,2,,5,4,9
045 Margreid a.d. Weinstr.,3,,1,7,8
045 Margreid a.d. Weinstr.,4,,6,8,14
045 Margreid a.d. Weinstr.,5,,3,14,17
045 Margreid a.d. Weinstr.,6,,4,2,6
045 Margreid a.d. Weinstr.,7,,7,6,13
045 Margreid a.d. Weinstr.,8,,6,10,16
045 Margreid a.d. Weinstr.,9,,7,6,13
045 Margreid a.d. Weinstr.,10,,8,6,14
045 Margreid a.d. Weinstr.,11,,8,5,13
045 Margreid a.d. Weinstr.,12,,6,11,17
045 Margreid a.d. Weinstr.,13,,11,-,11
045 Margreid a.d. Weinstr.,14,,4,12,16
045 Margreid a.d. Weinstr.,15,,6,9,15
045 Margreid a.d. Weinstr.,16,,8,10,18
045 Margreid a.d. Weinstr.,17,,14,2,16
045 Margreid a.d. Weinstr.,18,,2,1,3
045 Margreid a.d. Weinstr.,19,,9,4,13
045 Margreid a.d. Weinstr.,20,,7,4,11
045 Margreid a.d. Weinstr.,21,,8,6,14
045 Margreid a.d. Weinstr.,22,,11,9,20
045 Margreid a.d. Weinstr.,23,,7,4,11
045 Margreid a.d. Weinstr.,24,,3,9,12
045 Margreid a.d. Weinstr.,25,,10,11,21
045 Margreid a.d. Weinstr.,26,,9,6,15
045 Margreid a.d. Weinstr.,27,,11,9,20
045 Margreid a.d. Weinstr.,28,,10,9,19
045 Margreid a.d. Weinstr.,29,,10,9,19
045 Margreid a.d. Weinstr.,30,,21,15,36
045 Margreid a.d. Weinstr.,31,,12,16,28
045 Margreid a.d. Weinstr.,32,,20,13,33
045 Margreid a.d. Weinstr.,33,,13,6,19
045 Margreid a.d. Weinstr.,34,,7,7,14
045 Margreid a.d. Weinstr.,35,,13,12,25
045 Margreid a.d. Weinstr.,36,,7,12,19
045 Margreid a.d. Weinstr.,37,,13,11,24
045 Margreid a.d. Weinstr.,38,,14,9,23
045 Margreid a.d. Weinstr.,39,,9,13,22
045 Margreid a.d. Weinstr.,40,,8,6,14
045 Margreid a.d. Weinstr.,41,,10,4,14
045 Margreid a.d. Weinstr.,42,,13,5,18
045 Margreid a.d. Weinstr.,43,,8,6,14
045 Margreid a.d. Weinstr.,44,,6,5,11
045 Margreid a.d. Weinstr.,45,,9,7,16
045 Margreid a.d. Weinstr.,46,,6,9,15
045 Margreid a.d. Weinstr.,47,,4,8,12
045 Margreid a.d. Weinstr.,48,,5,6,11
045 Margreid a.d. Weinstr.,49,,9,5,14
045 Margreid a.d. Weinstr.,50,,7,8,15
045 Margreid a.d. Weinstr.,51,,6,7,13
045 Margreid a.d. Weinstr.,52,,5,5,10
045 Margreid a.d. Weinstr.,53,,6,7,13
045 Margreid a.d. Weinstr.,54,,4,6,10
045 Margreid a.d. Weinstr.,55,,7,4,11
045 Margreid a.d. Weinstr.,56,,11,5,16
045 Margreid a.d. Weinstr.,57,,7,7,14
045 Margreid a.d. Weinstr.,58,,5,3,8
045 Margreid a.d. Weinstr.,59,,3,5,8
045 Margreid a.d. Weinstr.,60,,5,7,12
045 Margreid a.d. Weinstr.,61,,6,4,10
045 Margreid a.d. Weinstr.,62,,7,5,12
045 Margreid a.d. Weinstr.,63,,2,7,9
045 Margreid a.d. Weinstr.,64,,5,3,8
045 Margreid a.d. Weinstr.,65,,4,5,9
045 Margreid a.d. Weinstr.,66,,4,7,11
045 Margreid a.d. Weinstr.,67,,6,6,12
045 Margreid a.d. Weinstr.,68,,7,4,11
045 Margreid a.d. Weinstr.,69,,2,4,6
045 Margreid a.d. Weinstr.,70,,7,3,10
045 Margreid a.d. Weinstr.,71,,3,6,9
045 Margreid a.d. Weinstr.,72,,5,7,12
045 Margreid a.d. Weinstr.,73,,3,3,6
045 Margreid a.d. Weinstr.,74,,1,5,6
045 Margreid a.d. Weinstr.,75,,3,6,9
045 Margreid a.d. Weinstr.,76,,1,3,4
045 Margreid a.d. Weinstr.,77,,1,4,5
045 Margreid a.d. Weinstr.,78,,1,1,2
045 Margreid a.d. Weinstr.,79,,3,6,9
045 Margreid a.d. Weinstr.,80,,1,1,2
045 Margreid a.d. Weinstr.,81,,-,1,1
045 Margreid a.d. Weinstr.,82,,2,4,6
045 Margreid a.d. Weinstr.,83,,1,2,3
045 Margreid a.d. Weinstr.,84,,-,1,1
045 Margreid a.d. Weinstr.,85,,2,2,4
045 Margreid a.d. Weinstr.,86,,1,2,3
045 Margreid a.d. Weinstr.,87,,-,5,5
045 Margreid a.d. Weinstr.,88,,1,2,3
045 Margreid a.d. Weinstr.,89,,1,-,1
045 Margreid a.d. Weinstr.,90,,1,-,1
045 Margreid a.d. Weinstr.,91,,-,2,2
045 Margreid a.d. Weinstr.,92,,-,2,2
045 Margreid a.d. Weinstr.,Insgesamt,,567,570,1.137
046 Mals,0,,35,28,63
046 Mals,1,,37,34,71
046 Mals,2,,33,24,57
046 Mals,3,,33,40,73
046 Mals,4,,38,30,68
046 Mals,5,,33,32,65
046 Mals,6,,33,31,64
046 Mals,7,,33,32,65
046 Mals,8,,37,26,63
046 Mals,9,,39,36,75
046 Mals,10,,31,26,57
046 Mals,11,,32,29,61
046 Mals,12,,30,32,62
046 Mals,13,,36,37,73
046 Mals,14,,37,36,73
046 Mals,15,,30,31,61
046 Mals,16,,35,33,68
046 Mals,17,,35,37,72
046 Mals,18,,35,32,67
046 Mals,19,,33,31,64
046 Mals,20,,42,35,77
046 Mals,21,,31,24,55
046 Mals,22,,38,26,64
046 Mals,23,,41,38,79
046 Mals,24,,45,30,75
046 Mals,25,,29,38,67
046 Mals,26,,36,51,87
046 Mals,27,,38,51,89
046 Mals,28,,48,46,94
046 Mals,29,,50,45,95
046 Mals,30,,59,42,101
046 Mals,31,,46,30,76
046 Mals,32,,58,44,102
046 Mals,33,,48,38,86
046 Mals,34,,49,45,94
046 Mals,35,,51,52,103
046 Mals,36,,39,29,68
046 Mals,37,,52,39,91
046 Mals,38,,32,41,73
046 Mals,39,,31,36,67
046 Mals,40,,32,23,55
046 Mals,41,,41,34,75
046 Mals,42,,36,27,63
046 Mals,43,,30,27,57
046 Mals,44,,21,20,41
046 Mals,45,,33,31,64
046 Mals,46,,28,22,50
046 Mals,47,,34,22,56
046 Mals,48,,37,20,57
046 Mals,49,,19,28,47
046 Mals,50,,28,16,44
046 Mals,51,,23,21,44
046 Mals,52,,26,28,54
046 Mals,53,,13,18,31
046 Mals,54,,30,13,43
046 Mals,55,,27,18,45
046 Mals,56,,25,25,50
046 Mals,57,,20,19,39
046 Mals,58,,22,27,49
046 Mals,59,,26,25,51
046 Mals,60,,23,21,44
046 Mals,61,,15,31,46
046 Mals,62,,21,17,38
046 Mals,63,,16,18,34
046 Mals,64,,16,19,35
046 Mals,65,,18,23,41
046 Mals,66,,19,13,32
046 Mals,67,,15,18,33
046 Mals,68,,26,19,45
046 Mals,69,,24,19,43
046 Mals,70,,24,16,40
046 Mals,71,,21,16,37
046 Mals,72,,10,22,32
046 Mals,73,,15,20,35
046 Mals,74,,12,19,31
046 Mals,75,,8,16,24
046 Mals,76,,15,17,32
046 Mals,77,,14,15,29
046 Mals,78,,6,20,26
046 Mals,79,,7,22,29
046 Mals,80,,3,7,10
046 Mals,81,,5,4,9
046 Mals,82,,3,7,10
046 Mals,83,,6,11,17
046 Mals,84,,5,8,13
046 Mals,85,,11,19,30
046 Mals,86,,5,6,11
046 Mals,87,,3,7,10
046 Mals,88,,1,8,9
046 Mals,89,,2,2,4
046 Mals,90,,3,4,7
046 Mals,91,,2,1,3
046 Mals,92,,1,1,2
046 Mals,94,,-,1,1
046 Mals,95,,-,1,1
046 Mals,98,,-,1,1
046 Mals,99,,-,2,2
046 Mals,Insgesamt,,2.474,2.352,4.826
047 Enneberg,0,,21,11,32
047 Enneberg,1,,24,14,38
047 Enneberg,2,,18,13,31
047 Enneberg,3,,21,8,29
047 Enneberg,4,,20,15,35
047 Enneberg,5,,20,18,38
047 Enneberg,6,,15,14,29
047 Enneberg,7,,17,24,41
047 Enneberg,8,,15,17,32
047 Enneberg,9,,20,15,35
047 Enneberg,10,,22,15,37
047 Enneberg,11,,17,13,30
047 Enneberg,12,,18,10,28
047 Enneberg,13,,23,16,39
047 Enneberg,14,,19,19,38
047 Enneberg,15,,15,16,31
047 Enneberg,16,,24,20,44
047 Enneberg,17,,22,20,42
047 Enneberg,18,,25,19,44
047 Enneberg,19,,11,21,32
047 Enneberg,20,,13,25,38
047 Enneberg,21,,19,21,40
047 Enneberg,22,,12,17,29
047 Enneberg,23,,13,27,40
047 Enneberg,24,,25,33,58
047 Enneberg,25,,20,25,45
047 Enneberg,26,,23,28,51
047 Enneberg,27,,34,30,64
047 Enneberg,28,,26,23,49
047 Enneberg,29,,29,20,49
047 Enneberg,30,,22,21,43
047 Enneberg,31,,25,21,46
047 Enneberg,32,,21,26,47
047 Enneberg,33,,29,22,51
047 Enneberg,34,,24,24,48
047 Enneberg,35,,25,20,45
047 Enneberg,36,,15,14,29
047 Enneberg,37,,20,18,38
047 Enneberg,38,,14,17,31
047 Enneberg,39,,24,14,38
047 Enneberg,40,,21,8,29
047 Enneberg,41,,16,14,30
047 Enneberg,42,,14,17,31
047 Enneberg,43,,14,13,27
047 Enneberg,44,,14,12,26
047 Enneberg,45,,17,20,37
047 Enneberg,46,,14,18,32
047 Enneberg,47,,17,11,28
047 Enneberg,48,,11,16,27
047 Enneberg,49,,18,8,26
047 Enneberg,50,,15,13,28
047 Enneberg,51,,9,11,20
047 Enneberg,52,,15,17,32
047 Enneberg,53,,9,13,22
047 Enneberg,54,,20,15,35
047 Enneberg,55,,18,11,29
047 Enneberg,56,,12,20,32
047 Enneberg,57,,14,10,24
047 Enneberg,58,,13,7,20
047 Enneberg,59,,18,11,29
047 Enneberg,60,,14,20,34
047 Enneberg,61,,17,13,30
047 Enneberg,62,,14,14,28
047 Enneberg,63,,15,16,31
047 Enneberg,64,,8,12,20
047 Enneberg,65,,12,9,21
047 Enneberg,66,,9,17,26
047 Enneberg,67,,13,11,24
047 Enneberg,68,,16,16,32
047 Enneberg,69,,10,6,16
047 Enneberg,70,,10,14,24
047 Enneberg,71,,12,9,21
047 Enneberg,72,,8,9,17
047 Enneberg,73,,11,7,18
047 Enneberg,74,,5,10,15
047 Enneberg,75,,7,13,20
047 Enneberg,76,,8,7,15
047 Enneberg,77,,4,12,16
047 Enneberg,78,,7,5,12
047 Enneberg,79,,2,4,6
047 Enneberg,80,,5,3,8
047 Enneberg,81,,-,8,8
047 Enneberg,82,,1,8,9
047 Enneberg,83,,2,5,7
047 Enneberg,84,,3,5,8
047 Enneberg,85,,3,5,8
047 Enneberg,86,,-,6,6
047 Enneberg,87,,3,7,10
047 Enneberg,88,,3,3,6
047 Enneberg,89,,3,1,4
047 Enneberg,90,,-,5,5
047 Enneberg,91,,1,2,3
047 Enneberg,92,,1,-,1
047 Enneberg,93,,-,2,2
047 Enneberg,94,,1,2,3
047 Enneberg,Insgesamt,,1.347,1.315,2.662
048 Marling,0,,14,8,22
048 Marling,1,,13,11,24
048 Marling,2,,15,13,28
048 Marling,3,,19,11,30
048 Marling,4,,9,8,17
048 Marling,5,,15,9,24
048 Marling,6,,17,15,32
048 Marling,7,,12,10,22
048 Marling,8,,10,15,25
048 Marling,9,,10,16,26
048 Marling,10,,11,14,25
048 Marling,11,,5,10,15
048 Marling,12,,12,10,22
048 Marling,13,,11,15,26
048 Marling,14,,11,6,17
048 Marling,15,,10,10,20
048 Marling,16,,12,8,20
048 Marling,17,,14,11,25
048 Marling,18,,12,7,19
048 Marling,19,,16,16,32
048 Marling,20,,16,13,29
048 Marling,21,,12,17,29
048 Marling,22,,18,16,34
048 Marling,23,,15,15,30
048 Marling,24,,11,12,23
048 Marling,25,,15,21,36
048 Marling,26,,13,14,27
048 Marling,27,,26,14,40
048 Marling,28,,14,16,30
048 Marling,29,,24,22,46
048 Marling,30,,27,14,41
048 Marling,31,,20,19,39
048 Marling,32,,23,26,49
048 Marling,33,,24,17,41
048 Marling,34,,24,18,42
048 Marling,35,,33,28,61
048 Marling,36,,24,20,44
048 Marling,37,,25,14,39
048 Marling,38,,20,19,39
048 Marling,39,,17,15,32
048 Marling,40,,17,10,27
048 Marling,41,,10,12,22
048 Marling,42,,11,13,24
048 Marling,43,,10,7,17
048 Marling,44,,17,12,29
048 Marling,45,,11,16,27
048 Marling,46,,15,15,30
048 Marling,47,,8,13,21
048 Marling,48,,19,16,35
048 Marling,49,,19,17,36
048 Marling,50,,9,17,26
048 Marling,51,,18,13,31
048 Marling,52,,14,15,29
048 Marling,53,,19,12,31
048 Marling,54,,15,14,29
048 Marling,55,,11,18,29
048 Marling,56,,12,11,23
048 Marling,57,,23,18,41
048 Marling,58,,12,13,25
048 Marling,59,,15,18,33
048 Marling,60,,13,13,26
048 Marling,61,,12,17,29
048 Marling,62,,15,8,23
048 Marling,63,,7,15,22
048 Marling,64,,14,11,25
048 Marling,65,,8,13,21
048 Marling,66,,11,9,20
048 Marling,67,,13,10,23
048 Marling,68,,7,11,18
048 Marling,69,,8,9,17
048 Marling,70,,9,4,13
048 Marling,71,,11,10,21
048 Marling,72,,6,14,20
048 Marling,73,,6,18,24
048 Marling,74,,4,9,13
048 Marling,75,,7,8,15
048 Marling,76,,4,5,9
048 Marling,77,,5,9,14
048 Marling,78,,-,3,3
048 Marling,79,,5,6,11
048 Marling,80,,1,6,7
048 Marling,81,,2,2,4
048 Marling,82,,1,3,4
048 Marling,83,,3,4,7
048 Marling,84,,2,5,7
048 Marling,85,,2,5,7
048 Marling,86,,2,6,8
048 Marling,88,,1,4,5
048 Marling,89,,3,2,5
048 Marling,90,,4,1,5
048 Marling,91,,-,4,4
048 Marling,92,,1,-,1
048 Marling,93,,-,3,3
048 Marling,94,,1,1,2
048 Marling,Insgesamt,,1.122,1.101,2.223
049 Martell,0,,5,5,10
049 Martell,1,,5,7,12
049 Martell,2,,4,6,10
049 Martell,3,,8,7,15
049 Martell,4,,7,9,16
049 Martell,5,,7,7,14
049 Martell,6,,5,5,10
049 Martell,7,,8,6,14
049 Martell,8,,6,5,11
049 Martell,9,,9,3,12
049 Martell,10,,4,1,5
049 Martell,11,,8,4,12
049 Martell,12,,-,4,4
049 Martell,13,,6,7,13
049 Martell,14,,6,4,10
049 Martell,15,,9,4,13
049 Martell,16,,6,6,12
049 Martell,17,,8,5,13
049 Martell,18,,9,5,14
049 Martell,19,,8,7,15
049 Martell,20,,3,6,9
049 Martell,21,,5,5,10
049 Martell,22,,6,7,13
049 Martell,23,,2,6,8
049 Martell,24,,6,9,15
049 Martell,25,,8,7,15
049 Martell,26,,4,7,11
049 Martell,27,,11,5,16
049 Martell,28,,6,3,9
049 Martell,29,,6,15,21
049 Martell,30,,9,7,16
049 Martell,31,,5,8,13
049 Martell,32,,15,5,20
049 Martell,33,,18,8,26
049 Martell,34,,9,9,18
049 Martell,35,,15,2,17
049 Martell,36,,12,9,21
049 Martell,37,,7,5,12
049 Martell,38,,10,3,13
049 Martell,39,,7,6,13
049 Martell,40,,7,6,13
049 Martell,41,,7,3,10
049 Martell,42,,4,4,8
049 Martell,43,,7,2,9
049 Martell,44,,7,6,13
049 Martell,45,,5,4,9
049 Martell,46,,5,3,8
049 Martell,47,,6,8,14
049 Martell,48,,3,4,7
049 Martell,49,,4,2,6
049 Martell,50,,6,4,10
049 Martell,51,,5,3,8
049 Martell,52,,3,-,3
049 Martell,53,,6,1,7
049 Martell,54,,1,3,4
049 Martell,55,,2,3,5
049 Martell,56,,5,6,11
049 Martell,57,,4,4,8
049 Martell,58,,6,2,8
049 Martell,59,,2,5,7
049 Martell,60,,1,6,7
049 Martell,61,,3,5,8
049 Martell,62,,3,4,7
049 Martell,63,,4,9,13
049 Martell,64,,9,1,10
049 Martell,65,,6,5,11
049 Martell,66,,2,4,6
049 Martell,67,,6,1,7
049 Martell,68,,7,4,11
049 Martell,69,,5,4,9
049 Martell,70,,3,6,9
049 Martell,71,,3,3,6
049 Martell,72,,3,9,12
049 Martell,73,,2,3,5
049 Martell,74,,4,7,11
049 Martell,75,,1,7,8
049 Martell,76,,2,2,4
049 Martell,77,,1,2,3
049 Martell,78,,-,1,1
049 Martell,79,,1,1,2
049 Martell,80,,2,3,5
049 Martell,81,,1,-,1
049 Martell,82,,-,1,1
049 Martell,83,,4,4,8
049 Martell,84,,-,1,1
049 Martell,85,,1,-,1
049 Martell,86,,1,-,1
049 Martell,87,,3,3,6
049 Martell,88,,-,1,1
049 Martell,89,,-,1,1
049 Martell,91,,-,1,1
049 Martell,92,,1,-,1
049 Martell,95,,-,1,1
049 Martell,Insgesamt,,466,412,878
050 Mölten,0,,9,16,25
050 Mölten,1,,9,8,17
050 Mölten,2,,17,10,27
050 Mölten,3,,10,10,20
050 Mölten,4,,12,5,17
050 Mölten,5,,13,11,24
050 Mölten,6,,7,13,20
050 Mölten,7,,12,6,18
050 Mölten,8,,13,5,18
050 Mölten,9,,12,6,18
050 Mölten,10,,7,8,15
050 Mölten,11,,9,8,17
050 Mölten,12,,10,6,16
050 Mölten,13,,7,13,20
050 Mölten,14,,6,3,9
050 Mölten,15,,7,15,22
050 Mölten,16,,9,6,15
050 Mölten,17,,12,6,18
050 Mölten,18,,12,8,20
050 Mölten,19,,11,9,20
050 Mölten,20,,10,6,16
050 Mölten,21,,7,12,19
050 Mölten,22,,7,17,24
050 Mölten,23,,15,11,26
050 Mölten,24,,13,9,22
050 Mölten,25,,12,13,25
050 Mölten,26,,13,7,20
050 Mölten,27,,14,11,25
050 Mölten,28,,15,12,27
050 Mölten,29,,16,14,30
050 Mölten,30,,16,17,33
050 Mölten,31,,19,13,32
050 Mölten,32,,15,13,28
050 Mölten,33,,10,15,25
050 Mölten,34,,23,12,35
050 Mölten,35,,16,6,22
050 Mölten,36,,11,10,21
050 Mölten,37,,17,9,26
050 Mölten,38,,6,7,13
050 Mölten,39,,14,4,18
050 Mölten,40,,2,11,13
050 Mölten,41,,5,2,7
050 Mölten,42,,4,7,11
050 Mölten,43,,16,7,23
050 Mölten,44,,7,5,12
050 Mölten,45,,5,7,12
050 Mölten,46,,5,4,9
050 Mölten,47,,6,4,10
050 Mölten,48,,8,9,17
050 Mölten,49,,6,5,11
050 Mölten,50,,4,4,8
050 Mölten,51,,4,7,11
050 Mölten,52,,11,2,13
050 Mölten,53,,5,5,10
050 Mölten,54,,2,6,8
050 Mölten,55,,14,8,22
050 Mölten,56,,6,10,16
050 Mölten,57,,10,3,13
050 Mölten,58,,7,7,14
050 Mölten,59,,5,7,12
050 Mölten,60,,2,3,5
050 Mölten,61,,5,6,11
050 Mölten,62,,5,6,11
050 Mölten,63,,10,6,16
050 Mölten,64,,9,6,15
050 Mölten,65,,10,9,19
050 Mölten,66,,3,5,8
050 Mölten,67,,12,2,14
050 Mölten,68,,6,5,11
050 Mölten,69,,3,7,10
050 Mölten,70,,3,6,9
050 Mölten,71,,5,4,9
050 Mölten,72,,3,5,8
050 Mölten,73,,2,4,6
050 Mölten,74,,2,3,5
050 Mölten,75,,7,6,13
050 Mölten,76,,4,2,6
050 Mölten,77,,1,7,8
050 Mölten,78,,3,7,10
050 Mölten,79,,-,5,5
050 Mölten,80,,2,2,4
050 Mölten,81,,1,1,2
050 Mölten,82,,2,2,4
050 Mölten,83,,-,2,2
050 Mölten,84,,-,7,7
050 Mölten,85,,3,2,5
050 Mölten,86,,-,2,2
050 Mölten,87,,-,1,1
050 Mölten,88,,-,1,1
050 Mölten,89,,-,3,3
050 Mölten,92,,-,1,1
050 Mölten,94,,-,1,1
050 Mölten,Insgesamt,,708,639,1.347
051 Meran,0,,140,129,269
051 Meran,1,,181,146,327
051 Meran,2,,174,144,318
051 Meran,3,,150,139,289
051 Meran,4,,155,152,307
051 Meran,5,,117,130,247
051 Meran,6,,155,135,290
051 Meran,7,,138,162,300
051 Meran,8,,146,149,295
051 Meran,9,,161,141,302
051 Meran,10,,160,113,273
051 Meran,11,,153,137,290
051 Meran,12,,151,108,259
051 Meran,13,,124,170,294
051 Meran,14,,151,137,288
051 Meran,15,,139,144,283
051 Meran,16,,138,145,283
051 Meran,17,,159,148,307
051 Meran,18,,152,135,287
051 Meran,19,,134,151,285
051 Meran,20,,168,159,327
051 Meran,21,,167,191,358
051 Meran,22,,179,206,385
051 Meran,23,,198,200,398
051 Meran,24,,251,232,483
051 Meran,25,,221,218,439
051 Meran,26,,246,233,479
051 Meran,27,,255,244,499
051 Meran,28,,271,276,547
051 Meran,29,,300,283,583
051 Meran,30,,311,299,610
051 Meran,31,,314,301,615
051 Meran,32,,326,293,619
051 Meran,33,,329,297,626
051 Meran,34,,335,303,638
051 Meran,35,,338,257,595
051 Meran,36,,252,272,524
051 Meran,37,,304,286,590
051 Meran,38,,288,261,549
051 Meran,39,,268,240,508
051 Meran,40,,257,227,484
051 Meran,41,,234,237,471
051 Meran,42,,223,208,431
051 Meran,43,,198,218,416
051 Meran,44,,184,224,408
051 Meran,45,,191,217,408
051 Meran,46,,230,227,457
051 Meran,47,,215,207,422
051 Meran,48,,206,229,435
051 Meran,49,,226,249,475
051 Meran,50,,229,256,485
051 Meran,51,,231,288,519
051 Meran,52,,250,305,555
051 Meran,53,,223,224,447
051 Meran,54,,222,241,463
051 Meran,55,,277,245,522
051 Meran,56,,270,305,575
051 Meran,57,,237,279,516
051 Meran,58,,210,220,430
051 Meran,59,,218,258,476
051 Meran,60,,203,234,437
051 Meran,61,,201,236,437
051 Meran,62,,185,208,393
051 Meran,63,,186,215,401
051 Meran,64,,173,193,366
051 Meran,65,,165,184,349
051 Meran,66,,146,214,360
051 Meran,67,,142,194,336
051 Meran,68,,154,197,351
051 Meran,69,,138,157,295
051 Meran,70,,146,214,360
051 Meran,71,,128,173,301
051 Meran,72,,133,202,335
051 Meran,73,,104,181,285
051 Meran,74,,104,192,296
051 Meran,75,,95,189,284
051 Meran,76,,103,216,319
051 Meran,77,,72,201,273
051 Meran,78,,95,193,288
051 Meran,79,,67,140,207
051 Meran,80,,57,103,160
051 Meran,81,,47,90,137
051 Meran,82,,36,90,126
051 Meran,83,,54,110,164
051 Meran,84,,55,138,193
051 Meran,85,,55,116,171
051 Meran,86,,52,118,170
051 Meran,87,,32,90,122
051 Meran,88,,35,89,124
051 Meran,89,,28,77,105
051 Meran,90,,29,53,82
051 Meran,91,,12,35,47
051 Meran,92,,12,41,53
051 Meran,93,,4,25,29
051 Meran,94,,6,27,33
051 Meran,95,,3,16,19
051 Meran,96,,4,8,12
051 Meran,97,,4,6,10
051 Meran,98,,1,1,2
051 Meran,99,,-,2,2
051 Meran,100,,-,3,3
051 Meran,104,,-,2,2
051 Meran,106,,-,1,1
051 Meran,Insgesamt,,16.096,17.904,34.000
052 Welsberg-Taisten,0,,18,11,29
052 Welsberg-Taisten,1,,22,22,44
052 Welsberg-Taisten,2,,16,16,32
052 Welsberg-Taisten,3,,17,14,31
052 Welsberg-Taisten,4,,12,16,28
052 Welsberg-Taisten,5,,14,19,33
052 Welsberg-Taisten,6,,10,10,20
052 Welsberg-Taisten,7,,19,19,38
052 Welsberg-Taisten,8,,12,18,30
052 Welsberg-Taisten,9,,7,17,24
052 Welsberg-Taisten,10,,15,16,31
052 Welsberg-Taisten,11,,16,14,30
052 Welsberg-Taisten,12,,10,14,24
052 Welsberg-Taisten,13,,9,14,23
052 Welsberg-Taisten,14,,25,14,39
052 Welsberg-Taisten,15,,19,19,38
052 Welsberg-Taisten,16,,19,14,33
052 Welsberg-Taisten,17,,10,13,23
052 Welsberg-Taisten,18,,16,18,34
052 Welsberg-Taisten,19,,25,15,40
052 Welsberg-Taisten,20,,20,15,35
052 Welsberg-Taisten,21,,12,19,31
052 Welsberg-Taisten,22,,17,14,31
052 Welsberg-Taisten,23,,15,22,37
052 Welsberg-Taisten,24,,26,20,46
052 Welsberg-Taisten,25,,27,9,36
052 Welsberg-Taisten,26,,16,27,43
052 Welsberg-Taisten,27,,30,20,50
052 Welsberg-Taisten,28,,26,21,47
052 Welsberg-Taisten,29,,22,23,45
052 Welsberg-Taisten,30,,24,13,37
052 Welsberg-Taisten,31,,31,22,53
052 Welsberg-Taisten,32,,24,25,49
052 Welsberg-Taisten,33,,24,21,45
052 Welsberg-Taisten,34,,30,23,53
052 Welsberg-Taisten,35,,26,24,50
052 Welsberg-Taisten,36,,19,25,44
052 Welsberg-Taisten,37,,21,18,39
052 Welsberg-Taisten,38,,13,16,29
052 Welsberg-Taisten,39,,23,20,43
052 Welsberg-Taisten,40,,26,18,44
052 Welsberg-Taisten,41,,12,19,31
052 Welsberg-Taisten,42,,21,20,41
052 Welsberg-Taisten,43,,19,12,31
052 Welsberg-Taisten,44,,18,13,31
052 Welsberg-Taisten,45,,19,13,32
052 Welsberg-Taisten,46,,19,12,31
052 Welsberg-Taisten,47,,17,9,26
052 Welsberg-Taisten,48,,17,15,32
052 Welsberg-Taisten,49,,14,13,27
052 Welsberg-Taisten,50,,17,16,33
052 Welsberg-Taisten,51,,10,10,20
052 Welsberg-Taisten,52,,12,13,25
052 Welsberg-Taisten,53,,9,13,22
052 Welsberg-Taisten,54,,14,11,25
052 Welsberg-Taisten,55,,13,12,25
052 Welsberg-Taisten,56,,10,12,22
052 Welsberg-Taisten,57,,18,20,38
052 Welsberg-Taisten,58,,8,13,21
052 Welsberg-Taisten,59,,15,13,28
052 Welsberg-Taisten,60,,15,10,25
052 Welsberg-Taisten,61,,10,8,18
052 Welsberg-Taisten,62,,11,10,21
052 Welsberg-Taisten,63,,3,16,19
052 Welsberg-Taisten,64,,17,16,33
052 Welsberg-Taisten,65,,12,11,23
052 Welsberg-Taisten,66,,11,13,24
052 Welsberg-Taisten,67,,9,12,21
052 Welsberg-Taisten,68,,12,9,21
052 Welsberg-Taisten,69,,11,12,23
052 Welsberg-Taisten,70,,7,21,28
052 Welsberg-Taisten,71,,11,12,23
052 Welsberg-Taisten,72,,8,7,15
052 Welsberg-Taisten,73,,1,8,9
052 Welsberg-Taisten,74,,7,12,19
052 Welsberg-Taisten,75,,7,11,18
052 Welsberg-Taisten,76,,6,8,14
052 Welsberg-Taisten,77,,5,11,16
052 Welsberg-Taisten,78,,7,9,16
052 Welsberg-Taisten,79,,-,8,8
052 Welsberg-Taisten,80,,4,1,5
052 Welsberg-Taisten,81,,2,4,6
052 Welsberg-Taisten,82,,3,1,4
052 Welsberg-Taisten,83,,5,6,11
052 Welsberg-Taisten,84,,4,3,7
052 Welsberg-Taisten,85,,-,5,5
052 Welsberg-Taisten,86,,1,5,6
052 Welsberg-Taisten,87,,-,5,5
052 Welsberg-Taisten,88,,2,6,8
052 Welsberg-Taisten,89,,-,7,7
052 Welsberg-Taisten,90,,-,2,2
052 Welsberg-Taisten,91,,1,2,3
052 Welsberg-Taisten,92,,-,1,1
052 Welsberg-Taisten,94,,-,1,1
052 Welsberg-Taisten,98,,1,-,1
052 Welsberg-Taisten,110,,-,1,1
052 Welsberg-Taisten,Insgesamt,,1.258,1.261,2.519
053 Montan,0,,6,9,15
053 Montan,1,,6,8,14
053 Montan,2,,12,9,21
053 Montan,3,,14,16,30
053 Montan,4,,11,5,16
053 Montan,5,,6,8,14
053 Montan,6,,8,10,18
053 Montan,7,,13,10,23
053 Montan,8,,10,8,18
053 Montan,9,,9,10,19
053 Montan,10,,12,13,25
053 Montan,11,,9,16,25
053 Montan,12,,13,5,18
053 Montan,13,,10,8,18
053 Montan,14,,7,3,10
053 Montan,15,,10,5,15
053 Montan,16,,9,8,17
053 Montan,17,,10,7,17
053 Montan,18,,4,4,8
053 Montan,19,,10,9,19
053 Montan,20,,9,6,15
053 Montan,21,,6,4,10
053 Montan,22,,5,5,10
053 Montan,23,,10,8,18
053 Montan,24,,7,7,14
053 Montan,25,,11,5,16
053 Montan,26,,11,3,14
053 Montan,27,,14,8,22
053 Montan,28,,11,12,23
053 Montan,29,,10,13,23
053 Montan,30,,13,17,30
053 Montan,31,,10,12,22
053 Montan,32,,10,15,25
053 Montan,33,,25,12,37
053 Montan,34,,17,13,30
053 Montan,35,,12,16,28
053 Montan,36,,13,15,28
053 Montan,37,,19,11,30
053 Montan,38,,13,12,25
053 Montan,39,,11,11,22
053 Montan,40,,14,9,23
053 Montan,41,,17,10,27
053 Montan,42,,6,14,20
053 Montan,43,,7,11,18
053 Montan,44,,12,12,24
053 Montan,45,,11,7,18
053 Montan,46,,12,3,15
053 Montan,47,,7,6,13
053 Montan,48,,4,4,8
053 Montan,49,,9,3,12
053 Montan,50,,4,6,10
053 Montan,51,,7,9,16
053 Montan,52,,5,2,7
053 Montan,53,,3,4,7
053 Montan,54,,3,5,8
053 Montan,55,,6,7,13
053 Montan,56,,6,6,12
053 Montan,57,,8,4,12
053 Montan,58,,9,7,16
053 Montan,59,,8,9,17
053 Montan,60,,9,9,18
053 Montan,61,,2,7,9
053 Montan,62,,7,11,18
053 Montan,63,,1,9,10
053 Montan,64,,4,6,10
053 Montan,65,,16,5,21
053 Montan,66,,5,8,13
053 Montan,67,,9,11,20
053 Montan,68,,11,12,23
053 Montan,69,,8,9,17
053 Montan,70,,9,3,12
053 Montan,71,,8,5,13
053 Montan,72,,8,9,17
053 Montan,73,,5,8,13
053 Montan,74,,3,8,11
053 Montan,75,,6,11,17
053 Montan,76,,5,9,14
053 Montan,77,,6,4,10
053 Montan,78,,2,8,10
053 Montan,79,,2,5,7
053 Montan,80,,1,3,4
053 Montan,81,,2,6,8
053 Montan,82,,-,3,3
053 Montan,83,,1,9,10
053 Montan,84,,3,5,8
053 Montan,85,,1,5,6
053 Montan,86,,2,3,5
053 Montan,87,,2,2,4
053 Montan,88,,3,-,3
053 Montan,89,,-,2,2
053 Montan,90,,1,4,5
053 Montan,91,,1,1,2
053 Montan,95,,-,1,1
053 Montan,97,,-,1,1
053 Montan,Insgesamt,,727,716,1.443
054 Moos in Passeier,0,,13,19,32
054 Moos in Passeier,1,,12,18,30
054 Moos in Passeier,2,,18,20,38
054 Moos in Passeier,3,,9,13,22
054 Moos in Passeier,4,,18,21,39
054 Moos in Passeier,5,,21,13,34
054 Moos in Passeier,6,,18,18,36
054 Moos in Passeier,7,,18,21,39
054 Moos in Passeier,8,,16,13,29
054 Moos in Passeier,9,,18,19,37
054 Moos in Passeier,10,,14,20,34
054 Moos in Passeier,11,,16,14,30
054 Moos in Passeier,12,,17,15,32
054 Moos in Passeier,13,,19,13,32
054 Moos in Passeier,14,,23,21,44
054 Moos in Passeier,15,,16,14,30
054 Moos in Passeier,16,,17,22,39
054 Moos in Passeier,17,,20,19,39
054 Moos in Passeier,18,,20,23,43
054 Moos in Passeier,19,,21,16,37
054 Moos in Passeier,20,,27,19,46
054 Moos in Passeier,21,,22,19,41
054 Moos in Passeier,22,,14,16,30
054 Moos in Passeier,23,,27,22,49
054 Moos in Passeier,24,,26,14,40
054 Moos in Passeier,25,,15,26,41
054 Moos in Passeier,26,,23,15,38
054 Moos in Passeier,27,,24,19,43
054 Moos in Passeier,28,,25,12,37
054 Moos in Passeier,29,,23,18,41
054 Moos in Passeier,30,,18,24,42
054 Moos in Passeier,31,,23,20,43
054 Moos in Passeier,32,,26,21,47
054 Moos in Passeier,33,,23,11,34
054 Moos in Passeier,34,,26,11,37
054 Moos in Passeier,35,,17,18,35
054 Moos in Passeier,36,,12,22,34
054 Moos in Passeier,37,,9,9,18
054 Moos in Passeier,38,,18,16,34
054 Moos in Passeier,39,,19,15,34
054 Moos in Passeier,40,,14,16,30
054 Moos in Passeier,41,,21,9,30
054 Moos in Passeier,42,,9,8,17
054 Moos in Passeier,43,,11,9,20
054 Moos in Passeier,44,,17,9,26
054 Moos in Passeier,45,,7,9,16
054 Moos in Passeier,46,,8,5,13
054 Moos in Passeier,47,,12,9,21
054 Moos in Passeier,48,,9,9,18
054 Moos in Passeier,49,,17,9,26
054 Moos in Passeier,50,,6,7,13
054 Moos in Passeier,51,,21,11,32
054 Moos in Passeier,52,,9,8,17
054 Moos in Passeier,53,,8,6,14
054 Moos in Passeier,54,,9,9,18
054 Moos in Passeier,55,,15,12,27
054 Moos in Passeier,56,,6,12,18
054 Moos in Passeier,57,,11,15,26
054 Moos in Passeier,58,,8,10,18
054 Moos in Passeier,59,,5,7,12
054 Moos in Passeier,60,,10,9,19
054 Moos in Passeier,61,,6,6,12
054 Moos in Passeier,62,,8,8,16
054 Moos in Passeier,63,,9,8,17
054 Moos in Passeier,64,,10,14,24
054 Moos in Passeier,65,,9,11,20
054 Moos in Passeier,66,,9,4,13
054 Moos in Passeier,67,,11,8,19
054 Moos in Passeier,68,,11,8,19
054 Moos in Passeier,69,,8,13,21
054 Moos in Passeier,70,,4,10,14
054 Moos in Passeier,71,,8,6,14
054 Moos in Passeier,72,,11,4,15
054 Moos in Passeier,73,,9,7,16
054 Moos in Passeier,74,,3,8,11
054 Moos in Passeier,75,,4,3,7
054 Moos in Passeier,76,,3,5,8
054 Moos in Passeier,77,,2,3,5
054 Moos in Passeier,78,,2,4,6
054 Moos in Passeier,79,,1,4,5
054 Moos in Passeier,80,,2,2,4
054 Moos in Passeier,81,,3,2,5
054 Moos in Passeier,82,,1,3,4
054 Moos in Passeier,83,,2,1,3
054 Moos in Passeier,84,,1,7,8
054 Moos in Passeier,85,,1,3,4
054 Moos in Passeier,86,,-,3,3
054 Moos in Passeier,87,,1,1,2
054 Moos in Passeier,88,,-,2,2
054 Moos in Passeier,89,,-,2,2
054 Moos in Passeier,90,,1,-,1
054 Moos in Passeier,92,,1,1,2
054 Moos in Passeier,Insgesamt,,1.135,1.058,2.193
055 Nals,0,,14,8,22
055 Nals,1,,13,4,17
055 Nals,2,,12,10,22
055 Nals,3,,6,6,12
055 Nals,4,,10,9,19
055 Nals,5,,8,12,20
055 Nals,6,,13,9,22
055 Nals,7,,9,12,21
055 Nals,8,,10,8,18
055 Nals,9,,11,8,19
055 Nals,10,,8,13,21
055 Nals,11,,11,10,21
055 Nals,12,,5,2,7
055 Nals,13,,13,5,18
055 Nals,14,,8,10,18
055 Nals,15,,5,8,13
055 Nals,16,,7,13,20
055 Nals,17,,10,9,19
055 Nals,18,,14,9,23
055 Nals,19,,9,6,15
055 Nals,20,,11,9,20
055 Nals,21,,6,4,10
055 Nals,22,,10,14,24
055 Nals,23,,3,8,11
055 Nals,24,,20,11,31
055 Nals,25,,9,7,16
055 Nals,26,,10,14,24
055 Nals,27,,12,12,24
055 Nals,28,,17,14,31
055 Nals,29,,10,14,24
055 Nals,30,,16,19,35
055 Nals,31,,14,14,28
055 Nals,32,,14,10,24
055 Nals,33,,19,15,34
055 Nals,34,,20,17,37
055 Nals,35,,11,22,33
055 Nals,36,,15,12,27
055 Nals,37,,15,14,29
055 Nals,38,,11,9,20
055 Nals,39,,14,12,26
055 Nals,40,,16,16,32
055 Nals,41,,9,10,19
055 Nals,42,,7,10,17
055 Nals,43,,19,15,34
055 Nals,44,,7,7,14
055 Nals,45,,7,7,14
055 Nals,46,,8,7,15
055 Nals,47,,4,12,16
055 Nals,48,,7,10,17
055 Nals,49,,10,9,19
055 Nals,50,,11,12,23
055 Nals,51,,12,5,17
055 Nals,52,,6,13,19
055 Nals,53,,7,11,18
055 Nals,54,,6,11,17
055 Nals,55,,13,6,19
055 Nals,56,,5,8,13
055 Nals,57,,13,5,18
055 Nals,58,,8,10,18
055 Nals,59,,10,9,19
055 Nals,60,,7,8,15
055 Nals,61,,3,13,16
055 Nals,62,,5,4,9
055 Nals,63,,7,6,13
055 Nals,64,,6,6,12
055 Nals,65,,10,11,21
055 Nals,66,,6,5,11
055 Nals,67,,3,7,10
055 Nals,68,,5,6,11
055 Nals,69,,10,8,18
055 Nals,70,,7,9,16
055 Nals,71,,6,6,12
055 Nals,72,,8,6,14
055 Nals,73,,6,5,11
055 Nals,74,,3,2,5
055 Nals,75,,1,6,7
055 Nals,76,,3,7,10
055 Nals,77,,3,10,13
055 Nals,78,,1,1,2
055 Nals,79,,1,5,6
055 Nals,80,,2,-,2
055 Nals,81,,1,-,1
055 Nals,82,,-,1,1
055 Nals,83,,4,3,7
055 Nals,84,,-,5,5
055 Nals,85,,1,1,2
055 Nals,86,,2,2,4
055 Nals,87,,-,3,3
055 Nals,88,,1,2,3
055 Nals,89,,-,1,1
055 Nals,90,,1,1,2
055 Nals,92,,1,2,3
055 Nals,93,,-,1,1
055 Nals,95,,1,-,1
055 Nals,Insgesamt,,753,768,1.521
056 Naturns,0,,29,31,60
056 Naturns,1,,23,20,43
056 Naturns,2,,33,34,67
056 Naturns,3,,48,32,80
056 Naturns,4,,36,39,75
056 Naturns,5,,33,40,73
056 Naturns,6,,32,41,73
056 Naturns,7,,44,38,82
056 Naturns,8,,35,31,66
056 Naturns,9,,38,24,62
056 Naturns,10,,43,35,78
056 Naturns,11,,34,19,53
056 Naturns,12,,28,25,53
056 Naturns,13,,38,24,62
056 Naturns,14,,37,20,57
056 Naturns,15,,30,35,65
056 Naturns,16,,37,29,66
056 Naturns,17,,36,49,85
056 Naturns,18,,33,29,62
056 Naturns,19,,40,36,76
056 Naturns,20,,36,41,77
056 Naturns,21,,32,35,67
056 Naturns,22,,33,39,72
056 Naturns,23,,32,36,68
056 Naturns,24,,38,39,77
056 Naturns,25,,43,38,81
056 Naturns,26,,41,39,80
056 Naturns,27,,37,42,79
056 Naturns,28,,41,41,82
056 Naturns,29,,40,50,90
056 Naturns,30,,51,40,91
056 Naturns,31,,45,47,92
056 Naturns,32,,52,43,95
056 Naturns,33,,43,52,95
056 Naturns,34,,48,38,86
056 Naturns,35,,41,48,89
056 Naturns,36,,45,44,89
056 Naturns,37,,39,44,83
056 Naturns,38,,57,40,97
056 Naturns,39,,42,40,82
056 Naturns,40,,31,35,66
056 Naturns,41,,32,33,65
056 Naturns,42,,42,34,76
056 Naturns,43,,32,32,64
056 Naturns,44,,42,33,75
056 Naturns,45,,31,30,61
056 Naturns,46,,37,36,73
056 Naturns,47,,35,37,72
056 Naturns,48,,26,33,59
056 Naturns,49,,27,19,46
056 Naturns,50,,32,26,58
056 Naturns,51,,17,19,36
056 Naturns,52,,26,31,57
056 Naturns,53,,27,18,45
056 Naturns,54,,20,21,41
056 Naturns,55,,27,35,62
056 Naturns,56,,33,34,67
056 Naturns,57,,42,33,75
056 Naturns,58,,21,20,41
056 Naturns,59,,22,20,42
056 Naturns,60,,25,17,42
056 Naturns,61,,24,24,48
056 Naturns,62,,22,19,41
056 Naturns,63,,23,11,34
056 Naturns,64,,21,20,41
056 Naturns,65,,18,15,33
056 Naturns,66,,13,20,33
056 Naturns,67,,12,25,37
056 Naturns,68,,20,25,45
056 Naturns,69,,16,18,34
056 Naturns,70,,18,15,33
056 Naturns,71,,14,20,34
056 Naturns,72,,14,20,34
056 Naturns,73,,16,17,33
056 Naturns,74,,17,17,34
056 Naturns,75,,15,14,29
056 Naturns,76,,7,16,23
056 Naturns,77,,9,19,28
056 Naturns,78,,4,8,12
056 Naturns,79,,4,13,17
056 Naturns,80,,3,5,8
056 Naturns,81,,3,3,6
056 Naturns,82,,4,5,9
056 Naturns,83,,1,10,11
056 Naturns,84,,6,14,20
056 Naturns,85,,5,15,20
056 Naturns,86,,4,8,12
056 Naturns,87,,5,8,13
056 Naturns,88,,7,1,8
056 Naturns,89,,2,8,10
056 Naturns,90,,-,3,3
056 Naturns,91,,1,7,8
056 Naturns,92,,1,1,2
056 Naturns,93,,1,2,3
056 Naturns,94,,-,2,2
056 Naturns,97,,-,1,1
056 Naturns,98,,1,-,1
056 Naturns,Insgesamt,,2.501,2.492,4.993
057 Natz-Schabs,0,,20,17,37
057 Natz-Schabs,1,,17,18,35
057 Natz-Schabs,2,,22,18,40
057 Natz-Schabs,3,,15,12,27
057 Natz-Schabs,4,,19,16,35
057 Natz-Schabs,5,,15,18,33
057 Natz-Schabs,6,,17,14,31
057 Natz-Schabs,7,,24,22,46
057 Natz-Schabs,8,,14,25,39
057 Natz-Schabs,9,,14,24,38
057 Natz-Schabs,10,,23,18,41
057 Natz-Schabs,11,,21,21,42
057 Natz-Schabs,12,,17,21,38
057 Natz-Schabs,13,,19,22,41
057 Natz-Schabs,14,,17,18,35
057 Natz-Schabs,15,,21,19,40
057 Natz-Schabs,16,,11,19,30
057 Natz-Schabs,17,,18,23,41
057 Natz-Schabs,18,,22,12,34
057 Natz-Schabs,19,,12,14,26
057 Natz-Schabs,20,,12,12,24
057 Natz-Schabs,21,,13,10,23
057 Natz-Schabs,22,,11,11,22
057 Natz-Schabs,23,,14,16,30
057 Natz-Schabs,24,,14,20,34
057 Natz-Schabs,25,,14,18,32
057 Natz-Schabs,26,,18,20,38
057 Natz-Schabs,27,,22,18,40
057 Natz-Schabs,28,,26,25,51
057 Natz-Schabs,29,,26,16,42
057 Natz-Schabs,30,,29,13,42
057 Natz-Schabs,31,,27,27,54
057 Natz-Schabs,32,,31,15,46
057 Natz-Schabs,33,,28,33,61
057 Natz-Schabs,34,,29,24,53
057 Natz-Schabs,35,,23,21,44
057 Natz-Schabs,36,,16,20,36
057 Natz-Schabs,37,,19,19,38
057 Natz-Schabs,38,,27,23,50
057 Natz-Schabs,39,,21,19,40
057 Natz-Schabs,40,,22,18,40
057 Natz-Schabs,41,,18,19,37
057 Natz-Schabs,42,,19,21,40
057 Natz-Schabs,43,,20,16,36
057 Natz-Schabs,44,,13,13,26
057 Natz-Schabs,45,,17,15,32
057 Natz-Schabs,46,,15,8,23
057 Natz-Schabs,47,,13,10,23
057 Natz-Schabs,48,,19,16,35
057 Natz-Schabs,49,,22,14,36
057 Natz-Schabs,50,,12,14,26
057 Natz-Schabs,51,,11,13,24
057 Natz-Schabs,52,,15,10,25
057 Natz-Schabs,53,,10,8,18
057 Natz-Schabs,54,,13,13,26
057 Natz-Schabs,55,,9,8,17
057 Natz-Schabs,56,,14,7,21
057 Natz-Schabs,57,,14,9,23
057 Natz-Schabs,58,,3,8,11
057 Natz-Schabs,59,,2,6,8
057 Natz-Schabs,60,,5,6,11
057 Natz-Schabs,61,,12,9,21
057 Natz-Schabs,62,,10,4,14
057 Natz-Schabs,63,,9,7,16
057 Natz-Schabs,64,,7,3,10
057 Natz-Schabs,65,,8,12,20
057 Natz-Schabs,66,,6,8,14
057 Natz-Schabs,67,,8,5,13
057 Natz-Schabs,68,,5,7,12
057 Natz-Schabs,69,,11,2,13
057 Natz-Schabs,70,,5,10,15
057 Natz-Schabs,71,,2,5,7
057 Natz-Schabs,72,,4,8,12
057 Natz-Schabs,73,,4,6,10
057 Natz-Schabs,74,,2,7,9
057 Natz-Schabs,75,,2,9,11
057 Natz-Schabs,76,,6,4,10
057 Natz-Schabs,77,,5,4,9
057 Natz-Schabs,78,,2,9,11
057 Natz-Schabs,79,,-,2,2
057 Natz-Schabs,80,,1,4,5
057 Natz-Schabs,81,,2,2,4
057 Natz-Schabs,82,,1,-,1
057 Natz-Schabs,83,,1,2,3
057 Natz-Schabs,84,,-,1,1
057 Natz-Schabs,85,,2,-,2
057 Natz-Schabs,86,,1,3,4
057 Natz-Schabs,87,,1,1,2
057 Natz-Schabs,89,,2,-,2
057 Natz-Schabs,90,,1,1,2
057 Natz-Schabs,92,,1,-,1
057 Natz-Schabs,Insgesamt,,1.185,1.138,2.323
058 Welschnofen,0,,11,8,19
058 Welschnofen,1,,12,10,22
058 Welschnofen,2,,8,11,19
058 Welschnofen,3,,15,12,27
058 Welschnofen,4,,10,12,22
058 Welschnofen,5,,11,10,21
058 Welschnofen,6,,14,12,26
058 Welschnofen,7,,14,11,25
058 Welschnofen,8,,10,14,24
058 Welschnofen,9,,14,8,22
058 Welschnofen,10,,12,15,27
058 Welschnofen,11,,10,10,20
058 Welschnofen,12,,6,11,17
058 Welschnofen,13,,11,7,18
058 Welschnofen,14,,7,8,15
058 Welschnofen,15,,10,13,23
058 Welschnofen,16,,10,17,27
058 Welschnofen,17,,12,10,22
058 Welschnofen,18,,12,7,19
058 Welschnofen,19,,11,3,14
058 Welschnofen,20,,13,13,26
058 Welschnofen,21,,11,17,28
058 Welschnofen,22,,18,11,29
058 Welschnofen,23,,15,11,26
058 Welschnofen,24,,13,16,29
058 Welschnofen,25,,12,12,24
058 Welschnofen,26,,11,12,23
058 Welschnofen,27,,11,14,25
058 Welschnofen,28,,13,14,27
058 Welschnofen,29,,15,16,31
058 Welschnofen,30,,17,19,36
058 Welschnofen,31,,17,15,32
058 Welschnofen,32,,20,13,33
058 Welschnofen,33,,20,16,36
058 Welschnofen,34,,13,9,22
058 Welschnofen,35,,19,18,37
058 Welschnofen,36,,12,15,27
058 Welschnofen,37,,18,18,36
058 Welschnofen,38,,21,8,29
058 Welschnofen,39,,13,11,24
058 Welschnofen,40,,17,10,27
058 Welschnofen,41,,10,13,23
058 Welschnofen,42,,10,12,22
058 Welschnofen,43,,15,14,29
058 Welschnofen,44,,14,11,25
058 Welschnofen,45,,10,14,24
058 Welschnofen,46,,11,9,20
058 Welschnofen,47,,18,6,24
058 Welschnofen,48,,8,7,15
058 Welschnofen,49,,13,14,27
058 Welschnofen,50,,11,11,22
058 Welschnofen,51,,9,7,16
058 Welschnofen,52,,10,10,20
058 Welschnofen,53,,9,6,15
058 Welschnofen,54,,7,11,18
058 Welschnofen,55,,14,11,25
058 Welschnofen,56,,14,13,27
058 Welschnofen,57,,11,7,18
058 Welschnofen,58,,8,7,15
058 Welschnofen,59,,11,7,18
058 Welschnofen,60,,7,7,14
058 Welschnofen,61,,9,4,13
058 Welschnofen,62,,5,14,19
058 Welschnofen,63,,8,6,14
058 Welschnofen,64,,13,10,23
058 Welschnofen,65,,11,14,25
058 Welschnofen,66,,8,7,15
058 Welschnofen,67,,5,9,14
058 Welschnofen,68,,8,9,17
058 Welschnofen,69,,10,12,22
058 Welschnofen,70,,7,6,13
058 Welschnofen,71,,4,4,8
058 Welschnofen,72,,5,7,12
058 Welschnofen,73,,8,6,14
058 Welschnofen,74,,5,14,19
058 Welschnofen,75,,7,7,14
058 Welschnofen,76,,6,7,13
058 Welschnofen,77,,3,11,14
058 Welschnofen,78,,3,8,11
058 Welschnofen,79,,2,6,8
058 Welschnofen,80,,2,2,4
058 Welschnofen,81,,1,1,2
058 Welschnofen,82,,2,5,7
058 Welschnofen,83,,1,4,5
058 Welschnofen,84,,3,3,6
058 Welschnofen,85,,1,10,11
058 Welschnofen,86,,3,8,11
058 Welschnofen,87,,2,2,4
058 Welschnofen,88,,2,6,8
058 Welschnofen,89,,1,3,4
058 Welschnofen,90,,2,-,2
058 Welschnofen,91,,-,2,2
058 Welschnofen,92,,-,2,2
058 Welschnofen,94,,-,1,1
058 Welschnofen,96,,1,1,2
058 Welschnofen,98,,-,1,1
058 Welschnofen,Insgesamt,,907,906,1.813
059 Deutschnofen,0,,31,13,44
059 Deutschnofen,1,,22,27,49
059 Deutschnofen,2,,17,28,45
059 Deutschnofen,3,,25,25,50
059 Deutschnofen,4,,30,15,45
059 Deutschnofen,5,,21,27,48
059 Deutschnofen,6,,32,28,60
059 Deutschnofen,7,,19,20,39
059 Deutschnofen,8,,35,28,63
059 Deutschnofen,9,,23,21,44
059 Deutschnofen,10,,23,33,56
059 Deutschnofen,11,,20,25,45
059 Deutschnofen,12,,29,18,47
059 Deutschnofen,13,,26,19,45
059 Deutschnofen,14,,34,27,61
059 Deutschnofen,15,,22,22,44
059 Deutschnofen,16,,20,35,55
059 Deutschnofen,17,,20,17,37
059 Deutschnofen,18,,28,19,47
059 Deutschnofen,19,,22,27,49
059 Deutschnofen,20,,24,19,43
059 Deutschnofen,21,,31,23,54
059 Deutschnofen,22,,12,18,30
059 Deutschnofen,23,,20,26,46
059 Deutschnofen,24,,28,32,60
059 Deutschnofen,25,,17,29,46
059 Deutschnofen,26,,21,31,52
059 Deutschnofen,27,,28,24,52
059 Deutschnofen,28,,29,24,53
059 Deutschnofen,29,,42,29,71
059 Deutschnofen,30,,25,27,52
059 Deutschnofen,31,,30,28,58
059 Deutschnofen,32,,31,34,65
059 Deutschnofen,33,,41,23,64
059 Deutschnofen,34,,32,26,58
059 Deutschnofen,35,,30,27,57
059 Deutschnofen,36,,26,28,54
059 Deutschnofen,37,,36,22,58
059 Deutschnofen,38,,43,25,68
059 Deutschnofen,39,,24,21,45
059 Deutschnofen,40,,25,30,55
059 Deutschnofen,41,,22,26,48
059 Deutschnofen,42,,34,25,59
059 Deutschnofen,43,,27,23,50
059 Deutschnofen,44,,26,20,46
059 Deutschnofen,45,,23,18,41
059 Deutschnofen,46,,24,22,46
059 Deutschnofen,47,,23,15,38
059 Deutschnofen,48,,18,21,39
059 Deutschnofen,49,,24,13,37
059 Deutschnofen,50,,25,18,43
059 Deutschnofen,51,,13,14,27
059 Deutschnofen,52,,18,22,40
059 Deutschnofen,53,,18,16,34
059 Deutschnofen,54,,16,18,34
059 Deutschnofen,55,,26,19,45
059 Deutschnofen,56,,19,16,35
059 Deutschnofen,57,,14,25,39
059 Deutschnofen,58,,13,19,32
059 Deutschnofen,59,,26,14,40
059 Deutschnofen,60,,16,23,39
059 Deutschnofen,61,,11,8,19
059 Deutschnofen,62,,15,10,25
059 Deutschnofen,63,,10,12,22
059 Deutschnofen,64,,16,13,29
059 Deutschnofen,65,,9,14,23
059 Deutschnofen,66,,15,14,29
059 Deutschnofen,67,,13,9,22
059 Deutschnofen,68,,12,11,23
059 Deutschnofen,69,,11,11,22
059 Deutschnofen,70,,11,24,35
059 Deutschnofen,71,,10,15,25
059 Deutschnofen,72,,16,11,27
059 Deutschnofen,73,,11,23,34
059 Deutschnofen,74,,7,13,20
059 Deutschnofen,75,,8,12,20
059 Deutschnofen,76,,11,20,31
059 Deutschnofen,77,,7,17,24
059 Deutschnofen,78,,5,12,17
059 Deutschnofen,79,,2,6,8
059 Deutschnofen,80,,3,7,10
059 Deutschnofen,81,,1,5,6
059 Deutschnofen,82,,4,4,8
059 Deutschnofen,83,,6,7,13
059 Deutschnofen,84,,4,12,16
059 Deutschnofen,85,,6,11,17
059 Deutschnofen,86,,1,8,9
059 Deutschnofen,87,,1,7,8
059 Deutschnofen,88,,3,3,6
059 Deutschnofen,89,,-,3,3
059 Deutschnofen,90,,3,-,3
059 Deutschnofen,91,,2,-,2
059 Deutschnofen,92,,2,2,4
059 Deutschnofen,93,,-,1,1
059 Deutschnofen,94,,1,1,2
059 Deutschnofen,95,,1,-,1
059 Deutschnofen,96,,-,1,1
059 Deutschnofen,97,,-,1,1
059 Deutschnofen,Insgesamt,,1.757,1.735,3.492
060 Auer,0,,14,17,31
060 Auer,1,,18,19,37
060 Auer,2,,16,23,39
060 Auer,3,,20,15,35
060 Auer,4,,19,17,36
060 Auer,5,,12,24,36
060 Auer,6,,18,20,38
060 Auer,7,,23,12,35
060 Auer,8,,16,16,32
060 Auer,9,,20,17,37
060 Auer,10,,18,24,42
060 Auer,11,,21,14,35
060 Auer,12,,15,14,29
060 Auer,13,,22,18,40
060 Auer,14,,14,9,23
060 Auer,15,,15,16,31
060 Auer,16,,18,24,42
060 Auer,17,,13,15,28
060 Auer,18,,14,11,25
060 Auer,19,,17,18,35
060 Auer,20,,11,8,19
060 Auer,21,,14,16,30
060 Auer,22,,18,24,42
060 Auer,23,,10,13,23
060 Auer,24,,21,24,45
060 Auer,25,,27,15,42
060 Auer,26,,16,22,38
060 Auer,27,,26,23,49
060 Auer,28,,23,17,40
060 Auer,29,,21,26,47
060 Auer,30,,25,35,60
060 Auer,31,,28,23,51
060 Auer,32,,27,33,60
060 Auer,33,,31,27,58
060 Auer,34,,31,18,49
060 Auer,35,,33,33,66
060 Auer,36,,21,24,45
060 Auer,37,,38,31,69
060 Auer,38,,24,33,57
060 Auer,39,,34,29,63
060 Auer,40,,31,19,50
060 Auer,41,,24,25,49
060 Auer,42,,30,27,57
060 Auer,43,,16,26,42
060 Auer,44,,19,12,31
060 Auer,45,,15,20,35
060 Auer,46,,21,19,40
060 Auer,47,,17,20,37
060 Auer,48,,15,23,38
060 Auer,49,,12,13,25
060 Auer,50,,26,15,41
060 Auer,51,,15,22,37
060 Auer,52,,19,24,43
060 Auer,53,,13,13,26
060 Auer,54,,22,15,37
060 Auer,55,,17,19,36
060 Auer,56,,16,20,36
060 Auer,57,,23,15,38
060 Auer,58,,13,9,22
060 Auer,59,,13,19,32
060 Auer,60,,18,21,39
060 Auer,61,,12,13,25
060 Auer,62,,9,10,19
060 Auer,63,,9,15,24
060 Auer,64,,19,16,35
060 Auer,65,,6,10,16
060 Auer,66,,4,17,21
060 Auer,67,,13,10,23
060 Auer,68,,11,10,21
060 Auer,69,,10,15,25
060 Auer,70,,12,11,23
060 Auer,71,,10,14,24
060 Auer,72,,7,16,23
060 Auer,73,,15,11,26
060 Auer,74,,12,9,21
060 Auer,75,,10,15,25
060 Auer,76,,5,18,23
060 Auer,77,,5,12,17
060 Auer,78,,7,10,17
060 Auer,79,,6,3,9
060 Auer,80,,2,9,11
060 Auer,81,,3,5,8
060 Auer,82,,2,3,5
060 Auer,83,,2,3,5
060 Auer,84,,1,4,5
060 Auer,85,,4,7,11
060 Auer,86,,1,6,7
060 Auer,87,,-,1,1
060 Auer,88,,1,1,2
060 Auer,89,,2,3,5
060 Auer,90,,-,1,1
060 Auer,91,,1,2,3
060 Auer,94,,-,2,2
060 Auer,95,,-,2,2
060 Auer,103,,-,1,1
060 Auer,Insgesamt,,1.418,1.498,2.916
061 St.Ulrich,0,,42,37,79
061 St.Ulrich,1,,31,32,63
061 St.Ulrich,2,,30,23,53
061 St.Ulrich,3,,34,32,66
061 St.Ulrich,4,,27,30,57
061 St.Ulrich,5,,22,30,52
061 St.Ulrich,6,,35,32,67
061 St.Ulrich,7,,31,33,64
061 St.Ulrich,8,,29,22,51
061 St.Ulrich,9,,17,25,42
061 St.Ulrich,10,,18,23,41
061 St.Ulrich,11,,27,18,45
061 St.Ulrich,12,,18,18,36
061 St.Ulrich,13,,24,21,45
061 St.Ulrich,14,,23,18,41
061 St.Ulrich,15,,20,20,40
061 St.Ulrich,16,,24,26,50
061 St.Ulrich,17,,21,24,45
061 St.Ulrich,18,,24,29,53
061 St.Ulrich,19,,30,22,52
061 St.Ulrich,20,,22,24,46
061 St.Ulrich,21,,24,23,47
061 St.Ulrich,22,,33,35,68
061 St.Ulrich,23,,36,32,68
061 St.Ulrich,24,,38,26,64
061 St.Ulrich,25,,40,24,64
061 St.Ulrich,26,,45,42,87
061 St.Ulrich,27,,38,36,74
061 St.Ulrich,28,,41,32,73
061 St.Ulrich,29,,52,40,92
061 St.Ulrich,30,,47,44,91
061 St.Ulrich,31,,35,37,72
061 St.Ulrich,32,,42,34,76
061 St.Ulrich,33,,33,35,68
061 St.Ulrich,34,,42,44,86
061 St.Ulrich,35,,40,35,75
061 St.Ulrich,36,,32,36,68
061 St.Ulrich,37,,30,24,54
061 St.Ulrich,38,,35,30,65
061 St.Ulrich,39,,38,25,63
061 St.Ulrich,40,,24,18,42
061 St.Ulrich,41,,26,35,61
061 St.Ulrich,42,,18,29,47
061 St.Ulrich,43,,27,37,64
061 St.Ulrich,44,,26,35,61
061 St.Ulrich,45,,29,17,46
061 St.Ulrich,46,,15,27,42
061 St.Ulrich,47,,26,24,50
061 St.Ulrich,48,,25,24,49
061 St.Ulrich,49,,18,28,46
061 St.Ulrich,50,,31,31,62
061 St.Ulrich,51,,22,23,45
061 St.Ulrich,52,,39,26,65
061 St.Ulrich,53,,21,19,40
061 St.Ulrich,54,,31,32,63
061 St.Ulrich,55,,41,39,80
061 St.Ulrich,56,,33,37,70
061 St.Ulrich,57,,42,45,87
061 St.Ulrich,58,,32,29,61
061 St.Ulrich,59,,20,20,40
061 St.Ulrich,60,,27,28,55
061 St.Ulrich,61,,24,27,51
061 St.Ulrich,62,,25,17,42
061 St.Ulrich,63,,15,24,39
061 St.Ulrich,64,,21,13,34
061 St.Ulrich,65,,20,14,34
061 St.Ulrich,66,,16,22,38
061 St.Ulrich,67,,20,16,36
061 St.Ulrich,68,,21,10,31
061 St.Ulrich,69,,19,7,26
061 St.Ulrich,70,,19,13,32
061 St.Ulrich,71,,18,18,36
061 St.Ulrich,72,,11,16,27
061 St.Ulrich,73,,13,10,23
061 St.Ulrich,74,,10,22,32
061 St.Ulrich,75,,12,25,37
061 St.Ulrich,76,,6,20,26
061 St.Ulrich,77,,10,17,27
061 St.Ulrich,78,,11,19,30
061 St.Ulrich,79,,7,13,20
061 St.Ulrich,80,,7,10,17
061 St.Ulrich,81,,2,8,10
061 St.Ulrich,82,,6,7,13
061 St.Ulrich,83,,3,9,12
061 St.Ulrich,84,,10,12,22
061 St.Ulrich,85,,10,21,31
061 St.Ulrich,86,,7,16,23
061 St.Ulrich,87,,1,9,10
061 St.Ulrich,88,,6,4,10
061 St.Ulrich,89,,5,2,7
061 St.Ulrich,90,,3,1,4
061 St.Ulrich,91,,-,8,8
061 St.Ulrich,92,,-,4,4
061 St.Ulrich,93,,1,2,3
061 St.Ulrich,94,,-,3,3
061 St.Ulrich,95,,2,-,2
061 St.Ulrich,96,,-,1,1
061 St.Ulrich,Insgesamt,,2.204,2.216,4.420
062 Partschins,0,,18,13,31
062 Partschins,1,,23,22,45
062 Partschins,2,,15,18,33
062 Partschins,3,,25,15,40
062 Partschins,4,,21,17,38
062 Partschins,5,,23,17,40
062 Partschins,6,,20,17,37
062 Partschins,7,,24,26,50
062 Partschins,8,,23,23,46
062 Partschins,9,,11,24,35
062 Partschins,10,,19,27,46
062 Partschins,11,,17,14,31
062 Partschins,12,,23,20,43
062 Partschins,13,,11,15,26
062 Partschins,14,,20,20,40
062 Partschins,15,,16,23,39
062 Partschins,16,,18,20,38
062 Partschins,17,,20,27,47
062 Partschins,18,,25,17,42
062 Partschins,19,,14,15,29
062 Partschins,20,,15,20,35
062 Partschins,21,,28,19,47
062 Partschins,22,,18,16,34
062 Partschins,23,,27,22,49
062 Partschins,24,,21,13,34
062 Partschins,25,,27,22,49
062 Partschins,26,,24,28,52
062 Partschins,27,,26,25,51
062 Partschins,28,,27,25,52
062 Partschins,29,,33,26,59
062 Partschins,30,,24,29,53
062 Partschins,31,,32,24,56
062 Partschins,32,,36,34,70
062 Partschins,33,,31,35,66
062 Partschins,34,,27,40,67
062 Partschins,35,,38,25,63
062 Partschins,36,,32,23,55
062 Partschins,37,,20,28,48
062 Partschins,38,,24,38,62
062 Partschins,39,,27,18,45
062 Partschins,40,,22,17,39
062 Partschins,41,,21,25,46
062 Partschins,42,,23,19,42
062 Partschins,43,,24,27,51
062 Partschins,44,,9,27,36
062 Partschins,45,,23,14,37
062 Partschins,46,,16,14,30
062 Partschins,47,,19,15,34
062 Partschins,48,,16,20,36
062 Partschins,49,,8,12,20
062 Partschins,50,,19,17,36
062 Partschins,51,,19,17,36
062 Partschins,52,,32,27,59
062 Partschins,53,,14,15,29
062 Partschins,54,,15,18,33
062 Partschins,55,,23,28,51
062 Partschins,56,,14,18,32
062 Partschins,57,,23,31,54
062 Partschins,58,,14,13,27
062 Partschins,59,,12,15,27
062 Partschins,60,,20,15,35
062 Partschins,61,,15,16,31
062 Partschins,62,,13,19,32
062 Partschins,63,,11,10,21
062 Partschins,64,,13,17,30
062 Partschins,65,,15,15,30
062 Partschins,66,,15,10,25
062 Partschins,67,,16,21,37
062 Partschins,68,,14,12,26
062 Partschins,69,,12,11,23
062 Partschins,70,,12,15,27
062 Partschins,71,,11,11,22
062 Partschins,72,,11,10,21
062 Partschins,73,,10,13,23
062 Partschins,74,,5,14,19
062 Partschins,75,,9,12,21
062 Partschins,76,,7,8,15
062 Partschins,77,,16,10,26
062 Partschins,78,,3,8,11
062 Partschins,79,,5,10,15
062 Partschins,80,,2,3,5
062 Partschins,81,,2,5,7
062 Partschins,82,,2,3,5
062 Partschins,83,,3,1,4
062 Partschins,84,,6,8,14
062 Partschins,85,,2,10,12
062 Partschins,86,,1,8,9
062 Partschins,87,,6,3,9
062 Partschins,88,,1,8,9
062 Partschins,89,,-,3,3
062 Partschins,90,,1,1,2
062 Partschins,91,,-,1,1
062 Partschins,92,,3,1,4
062 Partschins,93,,1,1,2
062 Partschins,94,,-,1,1
062 Partschins,95,,1,1,2
062 Partschins,96,,-,1,1
062 Partschins,Insgesamt,,1.553,1.605,3.158
063 Percha,0,,7,10,17
063 Percha,1,,11,17,28
063 Percha,2,,9,5,14
063 Percha,3,,8,8,16
063 Percha,4,,10,11,21
063 Percha,5,,7,9,16
063 Percha,6,,13,6,19
063 Percha,7,,10,9,19
063 Percha,8,,8,7,15
063 Percha,9,,6,8,14
063 Percha,10,,6,5,11
063 Percha,11,,9,17,26
063 Percha,12,,5,7,12
063 Percha,13,,9,13,22
063 Percha,14,,18,9,27
063 Percha,15,,14,9,23
063 Percha,16,,6,11,17
063 Percha,17,,9,6,15
063 Percha,18,,11,5,16
063 Percha,19,,5,12,17
063 Percha,20,,8,11,19
063 Percha,21,,9,8,17
063 Percha,22,,15,10,25
063 Percha,23,,8,6,14
063 Percha,24,,5,10,15
063 Percha,25,,10,7,17
063 Percha,26,,12,16,28
063 Percha,27,,16,8,24
063 Percha,28,,9,12,21
063 Percha,29,,18,12,30
063 Percha,30,,14,15,29
063 Percha,31,,12,13,25
063 Percha,32,,19,6,25
063 Percha,33,,15,21,36
063 Percha,34,,17,11,28
063 Percha,35,,11,17,28
063 Percha,36,,15,11,26
063 Percha,37,,14,11,25
063 Percha,38,,10,6,16
063 Percha,39,,6,8,14
063 Percha,40,,9,8,17
063 Percha,41,,9,4,13
063 Percha,42,,6,12,18
063 Percha,43,,12,11,23
063 Percha,44,,4,4,8
063 Percha,45,,8,6,14
063 Percha,46,,4,8,12
063 Percha,47,,8,7,15
063 Percha,48,,6,8,14
063 Percha,49,,9,5,14
063 Percha,50,,5,4,9
063 Percha,51,,4,7,11
063 Percha,52,,7,8,15
063 Percha,53,,8,5,13
063 Percha,54,,12,4,16
063 Percha,55,,8,7,15
063 Percha,56,,10,7,17
063 Percha,57,,9,6,15
063 Percha,58,,5,5,10
063 Percha,59,,7,6,13
063 Percha,60,,5,9,14
063 Percha,61,,1,5,6
063 Percha,62,,4,5,9
063 Percha,63,,4,5,9
063 Percha,64,,5,6,11
063 Percha,65,,5,5,10
063 Percha,66,,5,3,8
063 Percha,67,,7,2,9
063 Percha,68,,10,4,14
063 Percha,69,,4,5,9
063 Percha,70,,3,4,7
063 Percha,71,,6,4,10
063 Percha,72,,3,8,11
063 Percha,73,,4,6,10
063 Percha,74,,2,3,5
063 Percha,75,,1,5,6
063 Percha,76,,3,2,5
063 Percha,77,,1,2,3
063 Percha,78,,-,2,2
063 Percha,80,,1,1,2
063 Percha,82,,1,1,2
063 Percha,83,,1,1,2
063 Percha,84,,-,4,4
063 Percha,86,,-,3,3
063 Percha,88,,1,-,1
063 Percha,Insgesamt,,651,630,1.281
064 Plaus,0,,4,6,10
064 Plaus,1,,7,3,10
064 Plaus,2,,6,2,8
064 Plaus,3,,2,3,5
064 Plaus,4,,3,2,5
064 Plaus,5,,7,3,10
064 Plaus,6,,5,5,10
064 Plaus,7,,3,8,11
064 Plaus,8,,4,2,6
064 Plaus,9,,3,6,9
064 Plaus,10,,3,2,5
064 Plaus,11,,4,2,6
064 Plaus,12,,-,4,4
064 Plaus,13,,2,4,6
064 Plaus,14,,4,1,5
064 Plaus,15,,2,1,3
064 Plaus,16,,-,4,4
064 Plaus,17,,2,2,4
064 Plaus,18,,-,5,5
064 Plaus,19,,1,3,4
064 Plaus,20,,3,5,8
064 Plaus,21,,1,3,4
064 Plaus,22,,3,1,4
064 Plaus,23,,6,1,7
064 Plaus,24,,4,3,7
064 Plaus,25,,6,2,8
064 Plaus,26,,6,4,10
064 Plaus,27,,5,6,11
064 Plaus,28,,6,5,11
064 Plaus,29,,8,7,15
064 Plaus,30,,2,7,9
064 Plaus,31,,12,7,19
064 Plaus,32,,5,6,11
064 Plaus,33,,9,2,11
064 Plaus,34,,7,8,15
064 Plaus,35,,2,6,8
064 Plaus,36,,5,4,9
064 Plaus,37,,6,2,8
064 Plaus,38,,1,5,6
064 Plaus,39,,8,1,9
064 Plaus,40,,3,3,6
064 Plaus,41,,2,2,4
064 Plaus,42,,6,1,7
064 Plaus,43,,3,3,6
064 Plaus,44,,1,1,2
064 Plaus,45,,3,4,7
064 Plaus,46,,5,2,7
064 Plaus,47,,4,3,7
064 Plaus,48,,1,2,3
064 Plaus,49,,3,3,6
064 Plaus,50,,1,3,4
064 Plaus,51,,3,4,7
064 Plaus,52,,6,3,9
064 Plaus,53,,3,1,4
064 Plaus,54,,2,4,6
064 Plaus,55,,5,1,6
064 Plaus,56,,-,4,4
064 Plaus,57,,4,4,8
064 Plaus,58,,3,2,5
064 Plaus,59,,3,2,5
064 Plaus,60,,1,1,2
064 Plaus,61,,3,4,7
064 Plaus,63,,2,2,4
064 Plaus,64,,4,3,7
064 Plaus,65,,1,3,4
064 Plaus,66,,1,3,4
064 Plaus,67,,2,1,3
064 Plaus,68,,-,1,1
064 Plaus,69,,1,1,2
064 Plaus,70,,1,-,1
064 Plaus,71,,1,1,2
064 Plaus,72,,1,2,3
064 Plaus,73,,1,-,1
064 Plaus,74,,-,4,4
064 Plaus,75,,-,4,4
064 Plaus,76,,1,2,3
064 Plaus,77,,-,1,1
064 Plaus,78,,2,1,3
064 Plaus,79,,-,2,2
064 Plaus,80,,-,2,2
064 Plaus,84,,-,1,1
064 Plaus,86,,1,1,2
064 Plaus,87,,-,1,1
064 Plaus,90,,3,-,3
064 Plaus,Insgesamt,,254,246,500
065 Waidbruck,1,,3,2,5
065 Waidbruck,2,,2,-,2
065 Waidbruck,3,,1,1,2
065 Waidbruck,4,,3,3,6
065 Waidbruck,5,,1,1,2
065 Waidbruck,6,,-,1,1
065 Waidbruck,7,,1,1,2
065 Waidbruck,8,,1,1,2
065 Waidbruck,9,,-,1,1
065 Waidbruck,10,,-,3,3
065 Waidbruck,11,,-,1,1
065 Waidbruck,12,,1,1,2
065 Waidbruck,14,,2,1,3
065 Waidbruck,15,,1,-,1
065 Waidbruck,17,,-,3,3
065 Waidbruck,18,,2,-,2
065 Waidbruck,19,,1,-,1
065 Waidbruck,20,,2,-,2
065 Waidbruck,21,,1,1,2
065 Waidbruck,22,,-,1,1
065 Waidbruck,24,,3,-,3
065 Waidbruck,25,,-,1,1
065 Waidbruck,26,,1,1,2
065 Waidbruck,27,,2,-,2
065 Waidbruck,28,,4,2,6
065 Waidbruck,29,,1,3,4
065 Waidbruck,30,,2,-,2
065 Waidbruck,31,,2,4,6
065 Waidbruck,32,,3,3,6
065 Waidbruck,33,,2,-,2
065 Waidbruck,34,,3,-,3
065 Waidbruck,35,,-,1,1
065 Waidbruck,36,,2,1,3
065 Waidbruck,37,,-,1,1
065 Waidbruck,38,,1,1,2
065 Waidbruck,39,,3,3,6
065 Waidbruck,40,,-,1,1
065 Waidbruck,41,,1,1,2
065 Waidbruck,42,,1,-,1
065 Waidbruck,43,,2,1,3
065 Waidbruck,44,,-,1,1
065 Waidbruck,45,,1,1,2
065 Waidbruck,46,,2,1,3
065 Waidbruck,47,,-,1,1
065 Waidbruck,52,,-,3,3
065 Waidbruck,53,,1,1,2
065 Waidbruck,54,,2,2,4
065 Waidbruck,56,,1,-,1
065 Waidbruck,57,,1,2,3
065 Waidbruck,58,,-,3,3
065 Waidbruck,59,,1,-,1
065 Waidbruck,60,,-,3,3
065 Waidbruck,61,,2,1,3
065 Waidbruck,62,,2,1,3
065 Waidbruck,63,,-,3,3
065 Waidbruck,64,,3,1,4
065 Waidbruck,65,,2,-,2
065 Waidbruck,66,,1,4,5
065 Waidbruck,67,,1,-,1
065 Waidbruck,68,,2,-,2
065 Waidbruck,69,,-,1,1
065 Waidbruck,70,,1,-,1
065 Waidbruck,71,,3,1,4
065 Waidbruck,72,,-,1,1
065 Waidbruck,73,,1,1,2
065 Waidbruck,75,,-,2,2
065 Waidbruck,76,,1,1,2
065 Waidbruck,78,,-,3,3
065 Waidbruck,79,,-,2,2
065 Waidbruck,83,,2,-,2
065 Waidbruck,84,,-,1,1
065 Waidbruck,93,,-,1,1
065 Waidbruck,Insgesamt,,85,88,173
066 Burgstall,0,,9,10,19
066 Burgstall,1,,7,3,10
066 Burgstall,2,,2,10,12
066 Burgstall,3,,9,7,16
066 Burgstall,4,,5,5,10
066 Burgstall,5,,4,11,15
066 Burgstall,6,,7,5,12
066 Burgstall,7,,7,11,18
066 Burgstall,8,,12,8,20
066 Burgstall,9,,8,4,12
066 Burgstall,10,,6,6,12
066 Burgstall,11,,9,9,18
066 Burgstall,12,,9,4,13
066 Burgstall,13,,6,10,16
066 Burgstall,14,,9,11,20
066 Burgstall,15,,6,7,13
066 Burgstall,16,,14,7,21
066 Burgstall,17,,6,8,14
066 Burgstall,18,,10,4,14
066 Burgstall,19,,4,8,12
066 Burgstall,20,,7,6,13
066 Burgstall,21,,2,11,13
066 Burgstall,22,,9,6,15
066 Burgstall,23,,16,9,25
066 Burgstall,24,,6,10,16
066 Burgstall,25,,10,12,22
066 Burgstall,26,,10,17,27
066 Burgstall,27,,13,7,20
066 Burgstall,28,,8,9,17
066 Burgstall,29,,14,8,22
066 Burgstall,30,,13,11,24
066 Burgstall,31,,9,16,25
066 Burgstall,32,,18,12,30
066 Burgstall,33,,20,16,36
066 Burgstall,34,,18,11,29
066 Burgstall,35,,16,13,29
066 Burgstall,36,,17,9,26
066 Burgstall,37,,10,14,24
066 Burgstall,38,,12,8,20
066 Burgstall,39,,4,8,12
066 Burgstall,40,,11,11,22
066 Burgstall,41,,8,8,16
066 Burgstall,42,,13,9,22
066 Burgstall,43,,7,8,15
066 Burgstall,44,,9,11,20
066 Burgstall,45,,7,10,17
066 Burgstall,46,,8,13,21
066 Burgstall,47,,11,8,19
066 Burgstall,48,,11,10,21
066 Burgstall,49,,8,7,15
066 Burgstall,50,,6,12,18
066 Burgstall,51,,7,8,15
066 Burgstall,52,,9,8,17
066 Burgstall,53,,6,10,16
066 Burgstall,54,,11,9,20
066 Burgstall,55,,9,7,16
066 Burgstall,56,,5,6,11
066 Burgstall,57,,9,5,14
066 Burgstall,58,,5,13,18
066 Burgstall,59,,5,8,13
066 Burgstall,60,,11,14,25
066 Burgstall,61,,5,9,14
066 Burgstall,62,,5,6,11
066 Burgstall,63,,7,3,10
066 Burgstall,64,,11,7,18
066 Burgstall,65,,9,4,13
066 Burgstall,66,,4,8,12
066 Burgstall,67,,6,3,9
066 Burgstall,68,,6,7,13
066 Burgstall,69,,2,4,6
066 Burgstall,70,,4,9,13
066 Burgstall,71,,2,12,14
066 Burgstall,72,,5,10,15
066 Burgstall,73,,7,5,12
066 Burgstall,74,,1,9,10
066 Burgstall,75,,5,3,8
066 Burgstall,76,,7,5,12
066 Burgstall,77,,3,3,6
066 Burgstall,78,,3,4,7
066 Burgstall,79,,1,5,6
066 Burgstall,80,,-,1,1
066 Burgstall,81,,2,1,3
066 Burgstall,82,,2,3,5
066 Burgstall,83,,3,4,7
066 Burgstall,84,,1,4,5
066 Burgstall,85,,3,3,6
066 Burgstall,86,,-,6,6
066 Burgstall,87,,-,4,4
066 Burgstall,88,,1,1,2
066 Burgstall,89,,-,2,2
066 Burgstall,90,,1,-,1
066 Burgstall,91,,1,-,1
066 Burgstall,92,,1,-,1
066 Burgstall,96,,-,1,1
066 Burgstall,97,,1,-,1
066 Burgstall,Insgesamt,,666,702,1.368
067 Prad am Stilfser Joch,0,,26,19,45
067 Prad am Stilfser Joch,1,,23,18,41
067 Prad am Stilfser Joch,2,,16,18,34
067 Prad am Stilfser Joch,3,,22,12,34
067 Prad am Stilfser Joch,4,,19,24,43
067 Prad am Stilfser Joch,5,,24,27,51
067 Prad am Stilfser Joch,6,,17,21,38
067 Prad am Stilfser Joch,7,,19,12,31
067 Prad am Stilfser Joch,8,,19,21,40
067 Prad am Stilfser Joch,9,,19,22,41
067 Prad am Stilfser Joch,10,,31,16,47
067 Prad am Stilfser Joch,11,,11,19,30
067 Prad am Stilfser Joch,12,,27,27,54
067 Prad am Stilfser Joch,13,,30,22,52
067 Prad am Stilfser Joch,14,,31,29,60
067 Prad am Stilfser Joch,15,,28,25,53
067 Prad am Stilfser Joch,16,,28,22,50
067 Prad am Stilfser Joch,17,,25,24,49
067 Prad am Stilfser Joch,18,,27,23,50
067 Prad am Stilfser Joch,19,,19,10,29
067 Prad am Stilfser Joch,20,,21,18,39
067 Prad am Stilfser Joch,21,,20,34,54
067 Prad am Stilfser Joch,22,,22,24,46
067 Prad am Stilfser Joch,23,,22,14,36
067 Prad am Stilfser Joch,24,,34,24,58
067 Prad am Stilfser Joch,25,,20,27,47
067 Prad am Stilfser Joch,26,,31,22,53
067 Prad am Stilfser Joch,27,,34,22,56
067 Prad am Stilfser Joch,28,,28,22,50
067 Prad am Stilfser Joch,29,,26,25,51
067 Prad am Stilfser Joch,30,,33,30,63
067 Prad am Stilfser Joch,31,,26,24,50
067 Prad am Stilfser Joch,32,,37,29,66
067 Prad am Stilfser Joch,33,,33,25,58
067 Prad am Stilfser Joch,34,,29,28,57
067 Prad am Stilfser Joch,35,,24,11,35
067 Prad am Stilfser Joch,36,,29,30,59
067 Prad am Stilfser Joch,37,,21,28,49
067 Prad am Stilfser Joch,38,,19,26,45
067 Prad am Stilfser Joch,39,,30,12,42
067 Prad am Stilfser Joch,40,,23,31,54
067 Prad am Stilfser Joch,41,,24,24,48
067 Prad am Stilfser Joch,42,,26,25,51
067 Prad am Stilfser Joch,43,,28,17,45
067 Prad am Stilfser Joch,44,,29,18,47
067 Prad am Stilfser Joch,45,,27,17,44
067 Prad am Stilfser Joch,46,,14,21,35
067 Prad am Stilfser Joch,47,,20,22,42
067 Prad am Stilfser Joch,48,,23,17,40
067 Prad am Stilfser Joch,49,,23,20,43
067 Prad am Stilfser Joch,50,,19,11,30
067 Prad am Stilfser Joch,51,,16,14,30
067 Prad am Stilfser Joch,52,,16,15,31
067 Prad am Stilfser Joch,53,,18,11,29
067 Prad am Stilfser Joch,54,,11,15,26
067 Prad am Stilfser Joch,55,,25,17,42
067 Prad am Stilfser Joch,56,,18,16,34
067 Prad am Stilfser Joch,57,,22,10,32
067 Prad am Stilfser Joch,58,,10,16,26
067 Prad am Stilfser Joch,59,,14,13,27
067 Prad am Stilfser Joch,60,,19,14,33
067 Prad am Stilfser Joch,61,,11,12,23
067 Prad am Stilfser Joch,62,,12,11,23
067 Prad am Stilfser Joch,63,,15,15,30
067 Prad am Stilfser Joch,64,,9,24,33
067 Prad am Stilfser Joch,65,,13,10,23
067 Prad am Stilfser Joch,66,,13,19,32
067 Prad am Stilfser Joch,67,,8,16,24
067 Prad am Stilfser Joch,68,,13,14,27
067 Prad am Stilfser Joch,69,,9,12,21
067 Prad am Stilfser Joch,70,,8,9,17
067 Prad am Stilfser Joch,71,,8,11,19
067 Prad am Stilfser Joch,72,,10,14,24
067 Prad am Stilfser Joch,73,,12,9,21
067 Prad am Stilfser Joch,74,,7,13,20
067 Prad am Stilfser Joch,75,,4,12,16
067 Prad am Stilfser Joch,76,,6,13,19
067 Prad am Stilfser Joch,77,,7,7,14
067 Prad am Stilfser Joch,78,,6,7,13
067 Prad am Stilfser Joch,79,,8,4,12
067 Prad am Stilfser Joch,80,,2,5,7
067 Prad am Stilfser Joch,81,,-,4,4
067 Prad am Stilfser Joch,82,,1,5,6
067 Prad am Stilfser Joch,83,,4,2,6
067 Prad am Stilfser Joch,84,,2,12,14
067 Prad am Stilfser Joch,85,,-,4,4
067 Prad am Stilfser Joch,86,,5,8,13
067 Prad am Stilfser Joch,87,,1,4,5
067 Prad am Stilfser Joch,88,,1,6,7
067 Prad am Stilfser Joch,89,,-,3,3
067 Prad am Stilfser Joch,90,,1,3,4
067 Prad am Stilfser Joch,91,,3,3,6
067 Prad am Stilfser Joch,92,,1,-,1
067 Prad am Stilfser Joch,93,,-,2,2
067 Prad am Stilfser Joch,94,,-,1,1
067 Prad am Stilfser Joch,95,,-,1,1
067 Prad am Stilfser Joch,97,,-,2,2
067 Prad am Stilfser Joch,Insgesamt,,1.625,1.547,3.172
068 Prettau,0,,7,7,14
068 Prettau,1,,4,5,9
068 Prettau,2,,1,2,3
068 Prettau,3,,6,6,12
068 Prettau,4,,5,7,12
068 Prettau,5,,4,8,12
068 Prettau,6,,3,3,6
068 Prettau,7,,1,4,5
068 Prettau,8,,1,7,8
068 Prettau,9,,-,4,4
068 Prettau,10,,5,3,8
068 Prettau,11,,5,1,6
068 Prettau,12,,2,2,4
068 Prettau,13,,2,1,3
068 Prettau,14,,3,6,9
068 Prettau,15,,4,2,6
068 Prettau,16,,2,2,4
068 Prettau,17,,2,1,3
068 Prettau,18,,4,2,6
068 Prettau,19,,5,2,7
068 Prettau,20,,1,-,1
068 Prettau,21,,4,4,8
068 Prettau,22,,1,1,2
068 Prettau,23,,5,4,9
068 Prettau,24,,7,2,9
068 Prettau,25,,7,9,16
068 Prettau,26,,10,6,16
068 Prettau,27,,5,4,9
068 Prettau,28,,3,6,9
068 Prettau,29,,8,8,16
068 Prettau,30,,6,5,11
068 Prettau,31,,11,8,19
068 Prettau,32,,5,2,7
068 Prettau,33,,4,12,16
068 Prettau,34,,8,6,14
068 Prettau,35,,6,7,13
068 Prettau,36,,3,6,9
068 Prettau,37,,6,5,11
068 Prettau,38,,9,4,13
068 Prettau,39,,5,2,7
068 Prettau,40,,7,-,7
068 Prettau,41,,3,1,4
068 Prettau,42,,6,5,11
068 Prettau,43,,6,5,11
068 Prettau,44,,6,2,8
068 Prettau,45,,4,3,7
068 Prettau,46,,4,3,7
068 Prettau,47,,2,2,4
068 Prettau,48,,2,2,4
068 Prettau,49,,2,3,5
068 Prettau,50,,3,2,5
068 Prettau,51,,4,5,9
068 Prettau,52,,9,4,13
068 Prettau,53,,1,3,4
068 Prettau,54,,6,5,11
068 Prettau,55,,4,2,6
068 Prettau,56,,3,2,5
068 Prettau,57,,3,3,6
068 Prettau,58,,4,5,9
068 Prettau,59,,4,4,8
068 Prettau,60,,5,7,12
068 Prettau,61,,2,6,8
068 Prettau,62,,4,3,7
068 Prettau,63,,6,3,9
068 Prettau,64,,1,3,4
068 Prettau,65,,4,3,7
068 Prettau,66,,4,-,4
068 Prettau,67,,2,1,3
068 Prettau,68,,5,4,9
068 Prettau,69,,4,6,10
068 Prettau,70,,-,3,3
068 Prettau,71,,3,1,4
068 Prettau,72,,1,8,9
068 Prettau,73,,1,3,4
068 Prettau,74,,2,1,3
068 Prettau,75,,1,5,6
068 Prettau,76,,2,1,3
068 Prettau,77,,1,2,3
068 Prettau,78,,3,4,7
068 Prettau,79,,3,2,5
068 Prettau,80,,1,3,4
068 Prettau,81,,1,-,1
068 Prettau,82,,2,3,5
068 Prettau,83,,-,1,1
068 Prettau,84,,-,4,4
068 Prettau,85,,-,5,5
068 Prettau,86,,-,2,2
068 Prettau,87,,-,4,4
068 Prettau,89,,-,1,1
068 Prettau,92,,-,1,1
068 Prettau,93,,-,2,2
068 Prettau,98,,-,1,1
068 Prettau,Insgesamt,,321,330,651
069 Proveis,0,,2,1,3
069 Proveis,1,,1,2,3
069 Proveis,2,,2,1,3
069 Proveis,3,,-,4,4
069 Proveis,4,,2,-,2
069 Proveis,5,,2,1,3
069 Proveis,6,,3,1,4
069 Proveis,7,,3,2,5
069 Proveis,8,,-,1,1
069 Proveis,9,,1,1,2
069 Proveis,10,,2,3,5
069 Proveis,11,,2,2,4
069 Proveis,12,,3,1,4
069 Proveis,13,,5,-,5
069 Proveis,14,,3,3,6
069 Proveis,15,,3,3,6
069 Proveis,16,,1,-,1
069 Proveis,17,,2,3,5
069 Proveis,19,,3,1,4
069 Proveis,20,,3,2,5
069 Proveis,21,,2,2,4
069 Proveis,22,,1,3,4
069 Proveis,23,,2,2,4
069 Proveis,24,,6,2,8
069 Proveis,25,,2,-,2
069 Proveis,26,,-,3,3
069 Proveis,27,,1,2,3
069 Proveis,28,,4,3,7
069 Proveis,29,,4,3,7
069 Proveis,30,,5,1,6
069 Proveis,31,,2,1,3
069 Proveis,32,,2,1,3
069 Proveis,33,,1,1,2
069 Proveis,34,,3,-,3
069 Proveis,35,,4,2,6
069 Proveis,36,,5,2,7
069 Proveis,37,,4,1,5
069 Proveis,38,,1,4,5
069 Proveis,39,,4,-,4
069 Proveis,40,,1,3,4
069 Proveis,41,,2,3,5
069 Proveis,42,,4,1,5
069 Proveis,43,,3,4,7
069 Proveis,44,,3,2,5
069 Proveis,45,,2,1,3
069 Proveis,46,,3,3,6
069 Proveis,47,,2,-,2
069 Proveis,48,,1,1,2
069 Proveis,49,,1,-,1
069 Proveis,50,,2,1,3
069 Proveis,51,,1,2,3
069 Proveis,52,,3,-,3
069 Proveis,53,,1,1,2
069 Proveis,54,,2,-,2
069 Proveis,55,,2,1,3
069 Proveis,56,,2,1,3
069 Proveis,57,,1,1,2
069 Proveis,58,,3,-,3
069 Proveis,59,,1,3,4
069 Proveis,60,,-,2,2
069 Proveis,61,,2,1,3
069 Proveis,62,,2,1,3
069 Proveis,63,,1,1,2
069 Proveis,64,,-,1,1
069 Proveis,65,,-,2,2
069 Proveis,66,,1,1,2
069 Proveis,67,,2,1,3
069 Proveis,68,,-,1,1
069 Proveis,69,,3,3,6
069 Proveis,70,,4,1,5
069 Proveis,71,,2,2,4
069 Proveis,72,,1,1,2
069 Proveis,73,,-,3,3
069 Proveis,74,,3,-,3
069 Proveis,75,,1,-,1
069 Proveis,76,,2,2,4
069 Proveis,77,,-,6,6
069 Proveis,78,,-,1,1
069 Proveis,81,,-,1,1
069 Proveis,83,,-,1,1
069 Proveis,84,,-,2,2
069 Proveis,85,,-,1,1
069 Proveis,91,,1,-,1
069 Proveis,Insgesamt,,161,128,289
070 Ratschings,0,,28,24,52
070 Ratschings,1,,33,36,69
070 Ratschings,2,,30,34,64
070 Ratschings,3,,26,25,51
070 Ratschings,4,,21,27,48
070 Ratschings,5,,28,22,50
070 Ratschings,6,,37,32,69
070 Ratschings,7,,26,18,44
070 Ratschings,8,,32,27,59
070 Ratschings,9,,24,19,43
070 Ratschings,10,,36,27,63
070 Ratschings,11,,28,31,59
070 Ratschings,12,,30,26,56
070 Ratschings,13,,29,33,62
070 Ratschings,14,,28,18,46
070 Ratschings,15,,31,22,53
070 Ratschings,16,,35,24,59
070 Ratschings,17,,29,31,60
070 Ratschings,18,,23,23,46
070 Ratschings,19,,34,22,56
070 Ratschings,20,,32,21,53
070 Ratschings,21,,34,20,54
070 Ratschings,22,,24,28,52
070 Ratschings,23,,32,28,60
070 Ratschings,24,,36,24,60
070 Ratschings,25,,29,32,61
070 Ratschings,26,,31,36,67
070 Ratschings,27,,37,42,79
070 Ratschings,28,,29,37,66
070 Ratschings,29,,33,41,74
070 Ratschings,30,,45,37,82
070 Ratschings,31,,37,34,71
070 Ratschings,32,,46,40,86
070 Ratschings,33,,35,48,83
070 Ratschings,34,,50,39,89
070 Ratschings,35,,46,23,69
070 Ratschings,36,,34,37,71
070 Ratschings,37,,32,27,59
070 Ratschings,38,,39,23,62
070 Ratschings,39,,38,26,64
070 Ratschings,40,,30,20,50
070 Ratschings,41,,32,17,49
070 Ratschings,42,,37,19,56
070 Ratschings,43,,16,32,48
070 Ratschings,44,,29,15,44
070 Ratschings,45,,21,25,46
070 Ratschings,46,,21,19,40
070 Ratschings,47,,15,15,30
070 Ratschings,48,,24,20,44
070 Ratschings,49,,23,24,47
070 Ratschings,50,,32,20,52
070 Ratschings,51,,19,15,34
070 Ratschings,52,,24,8,32
070 Ratschings,53,,19,20,39
070 Ratschings,54,,21,11,32
070 Ratschings,55,,15,13,28
070 Ratschings,56,,20,19,39
070 Ratschings,57,,25,21,46
070 Ratschings,58,,19,17,36
070 Ratschings,59,,19,19,38
070 Ratschings,60,,16,21,37
070 Ratschings,61,,19,10,29
070 Ratschings,62,,15,13,28
070 Ratschings,63,,18,17,35
070 Ratschings,64,,13,11,24
070 Ratschings,65,,16,19,35
070 Ratschings,66,,16,14,30
070 Ratschings,67,,12,13,25
070 Ratschings,68,,12,18,30
070 Ratschings,69,,12,22,34
070 Ratschings,70,,11,13,24
070 Ratschings,71,,17,14,31
070 Ratschings,72,,14,15,29
070 Ratschings,73,,14,9,23
070 Ratschings,74,,14,14,28
070 Ratschings,75,,12,10,22
070 Ratschings,76,,8,13,21
070 Ratschings,77,,8,13,21
070 Ratschings,78,,4,14,18
070 Ratschings,79,,4,4,8
070 Ratschings,80,,-,9,9
070 Ratschings,82,,3,3,6
070 Ratschings,83,,4,8,12
070 Ratschings,84,,3,5,8
070 Ratschings,85,,5,4,9
070 Ratschings,86,,2,7,9
070 Ratschings,87,,2,3,5
070 Ratschings,88,,1,-,1
070 Ratschings,89,,1,2,3
070 Ratschings,90,,2,1,3
070 Ratschings,92,,-,2,2
070 Ratschings,93,,1,1,2
070 Ratschings,Insgesamt,,2.047,1.855,3.902
071 Rasen-Antholz,0,,19,14,33
071 Rasen-Antholz,1,,23,21,44
071 Rasen-Antholz,2,,26,15,41
071 Rasen-Antholz,3,,10,16,26
071 Rasen-Antholz,4,,19,11,30
071 Rasen-Antholz,5,,21,16,37
071 Rasen-Antholz,6,,29,18,47
071 Rasen-Antholz,7,,16,16,32
071 Rasen-Antholz,8,,14,26,40
071 Rasen-Antholz,9,,19,18,37
071 Rasen-Antholz,10,,20,16,36
071 Rasen-Antholz,11,,27,9,36
071 Rasen-Antholz,12,,16,21,37
071 Rasen-Antholz,13,,23,13,36
071 Rasen-Antholz,14,,18,17,35
071 Rasen-Antholz,15,,14,18,32
071 Rasen-Antholz,16,,21,24,45
071 Rasen-Antholz,17,,15,15,30
071 Rasen-Antholz,18,,18,11,29
071 Rasen-Antholz,19,,17,18,35
071 Rasen-Antholz,20,,16,16,32
071 Rasen-Antholz,21,,16,22,38
071 Rasen-Antholz,22,,20,23,43
071 Rasen-Antholz,23,,22,26,48
071 Rasen-Antholz,24,,30,26,56
071 Rasen-Antholz,25,,33,22,55
071 Rasen-Antholz,26,,36,15,51
071 Rasen-Antholz,27,,25,24,49
071 Rasen-Antholz,28,,26,32,58
071 Rasen-Antholz,29,,34,30,64
071 Rasen-Antholz,30,,30,29,59
071 Rasen-Antholz,31,,30,28,58
071 Rasen-Antholz,32,,27,19,46
071 Rasen-Antholz,33,,34,26,60
071 Rasen-Antholz,34,,29,20,49
071 Rasen-Antholz,35,,23,22,45
071 Rasen-Antholz,36,,28,19,47
071 Rasen-Antholz,37,,21,26,47
071 Rasen-Antholz,38,,22,22,44
071 Rasen-Antholz,39,,27,21,48
071 Rasen-Antholz,40,,24,16,40
071 Rasen-Antholz,41,,22,12,34
071 Rasen-Antholz,42,,18,16,34
071 Rasen-Antholz,43,,18,15,33
071 Rasen-Antholz,44,,14,12,26
071 Rasen-Antholz,45,,18,11,29
071 Rasen-Antholz,46,,12,14,26
071 Rasen-Antholz,47,,13,12,25
071 Rasen-Antholz,48,,16,8,24
071 Rasen-Antholz,49,,14,9,23
071 Rasen-Antholz,50,,14,9,23
071 Rasen-Antholz,51,,9,13,22
071 Rasen-Antholz,52,,11,15,26
071 Rasen-Antholz,53,,11,9,20
071 Rasen-Antholz,54,,9,8,17
071 Rasen-Antholz,55,,13,14,27
071 Rasen-Antholz,56,,11,14,25
071 Rasen-Antholz,57,,15,13,28
071 Rasen-Antholz,58,,11,17,28
071 Rasen-Antholz,59,,17,13,30
071 Rasen-Antholz,60,,13,8,21
071 Rasen-Antholz,61,,10,12,22
071 Rasen-Antholz,62,,10,12,22
071 Rasen-Antholz,63,,10,8,18
071 Rasen-Antholz,64,,12,10,22
071 Rasen-Antholz,65,,13,15,28
071 Rasen-Antholz,66,,16,11,27
071 Rasen-Antholz,67,,14,14,28
071 Rasen-Antholz,68,,5,11,16
071 Rasen-Antholz,69,,13,4,17
071 Rasen-Antholz,70,,5,4,9
071 Rasen-Antholz,71,,14,11,25
071 Rasen-Antholz,72,,8,6,14
071 Rasen-Antholz,73,,7,13,20
071 Rasen-Antholz,74,,7,12,19
071 Rasen-Antholz,75,,4,12,16
071 Rasen-Antholz,76,,5,6,11
071 Rasen-Antholz,77,,9,6,15
071 Rasen-Antholz,78,,2,7,9
071 Rasen-Antholz,79,,6,7,13
071 Rasen-Antholz,80,,2,3,5
071 Rasen-Antholz,81,,3,4,7
071 Rasen-Antholz,82,,-,2,2
071 Rasen-Antholz,83,,3,3,6
071 Rasen-Antholz,84,,1,5,6
071 Rasen-Antholz,85,,1,4,5
071 Rasen-Antholz,86,,2,3,5
071 Rasen-Antholz,87,,2,3,5
071 Rasen-Antholz,88,,-,2,2
071 Rasen-Antholz,89,,1,5,6
071 Rasen-Antholz,90,,1,3,4
071 Rasen-Antholz,91,,1,2,3
071 Rasen-Antholz,92,,-,1,1
071 Rasen-Antholz,93,,-,1,1
071 Rasen-Antholz,96,,1,-,1
071 Rasen-Antholz,Insgesamt,,1.405,1.281,2.686
072 Ritten,0,,39,48,87
072 Ritten,1,,58,55,113
072 Ritten,2,,45,54,99
072 Ritten,3,,59,47,106
072 Ritten,4,,58,50,108
072 Ritten,5,,60,54,114
072 Ritten,6,,52,68,120
072 Ritten,7,,63,47,110
072 Ritten,8,,60,47,107
072 Ritten,9,,53,46,99
072 Ritten,10,,57,52,109
072 Ritten,11,,49,43,92
072 Ritten,12,,49,43,92
072 Ritten,13,,44,48,92
072 Ritten,14,,45,28,73
072 Ritten,15,,52,42,94
072 Ritten,16,,39,48,87
072 Ritten,17,,45,47,92
072 Ritten,18,,46,36,82
072 Ritten,19,,50,42,92
072 Ritten,20,,44,35,79
072 Ritten,21,,62,38,100
072 Ritten,22,,42,44,86
072 Ritten,23,,57,40,97
072 Ritten,24,,68,59,127
072 Ritten,25,,53,55,108
072 Ritten,26,,52,48,100
072 Ritten,27,,55,74,129
072 Ritten,28,,54,72,126
072 Ritten,29,,48,62,110
072 Ritten,30,,67,64,131
072 Ritten,31,,69,54,123
072 Ritten,32,,57,48,105
072 Ritten,33,,77,50,127
072 Ritten,34,,72,59,131
072 Ritten,35,,65,55,120
072 Ritten,36,,61,64,125
072 Ritten,37,,51,62,113
072 Ritten,38,,65,61,126
072 Ritten,39,,65,50,115
072 Ritten,40,,41,43,84
072 Ritten,41,,41,40,81
072 Ritten,42,,48,43,91
072 Ritten,43,,49,39,88
072 Ritten,44,,40,33,73
072 Ritten,45,,46,32,78
072 Ritten,46,,40,43,83
072 Ritten,47,,45,34,79
072 Ritten,48,,36,42,78
072 Ritten,49,,37,42,79
072 Ritten,50,,52,34,86
072 Ritten,51,,32,28,60
072 Ritten,52,,31,39,70
072 Ritten,53,,22,24,46
072 Ritten,54,,34,41,75
072 Ritten,55,,39,40,79
072 Ritten,56,,45,36,81
072 Ritten,57,,37,38,75
072 Ritten,58,,40,23,63
072 Ritten,59,,38,31,69
072 Ritten,60,,35,34,69
072 Ritten,61,,30,24,54
072 Ritten,62,,25,24,49
072 Ritten,63,,23,34,57
072 Ritten,64,,25,28,53
072 Ritten,65,,21,26,47
072 Ritten,66,,26,24,50
072 Ritten,67,,17,32,49
072 Ritten,68,,17,22,39
072 Ritten,69,,26,19,45
072 Ritten,70,,22,11,33
072 Ritten,71,,23,18,41
072 Ritten,72,,16,21,37
072 Ritten,73,,19,39,58
072 Ritten,74,,19,32,51
072 Ritten,75,,19,26,45
072 Ritten,76,,6,29,35
072 Ritten,77,,14,24,38
072 Ritten,78,,11,26,37
072 Ritten,79,,5,16,21
072 Ritten,80,,4,6,10
072 Ritten,81,,5,11,16
072 Ritten,82,,2,4,6
072 Ritten,83,,6,9,15
072 Ritten,84,,9,14,23
072 Ritten,85,,7,16,23
072 Ritten,86,,5,13,18
072 Ritten,87,,4,11,15
072 Ritten,88,,7,7,14
072 Ritten,89,,4,2,6
072 Ritten,90,,1,7,8
072 Ritten,91,,2,6,8
072 Ritten,93,,-,1,1
072 Ritten,95,,2,3,5
072 Ritten,96,,-,1,1
072 Ritten,Insgesamt,,3.457,3.384,6.841
073 Riffian,0,,12,10,22
073 Riffian,1,,7,7,14
073 Riffian,2,,6,7,13
073 Riffian,3,,8,11,19
073 Riffian,4,,5,7,12
073 Riffian,5,,7,8,15
073 Riffian,6,,8,10,18
073 Riffian,7,,9,12,21
073 Riffian,8,,7,7,14
073 Riffian,9,,12,5,17
073 Riffian,10,,6,12,18
073 Riffian,11,,7,9,16
073 Riffian,12,,8,6,14
073 Riffian,13,,8,2,10
073 Riffian,14,,8,7,15
073 Riffian,15,,9,7,16
073 Riffian,16,,10,11,21
073 Riffian,17,,10,7,17
073 Riffian,18,,5,4,9
073 Riffian,19,,7,10,17
073 Riffian,20,,9,4,13
073 Riffian,21,,11,9,20
073 Riffian,22,,9,1,10
073 Riffian,23,,6,13,19
073 Riffian,24,,10,4,14
073 Riffian,25,,11,9,20
073 Riffian,26,,11,19,30
073 Riffian,27,,13,17,30
073 Riffian,28,,6,11,17
073 Riffian,29,,11,13,24
073 Riffian,30,,12,17,29
073 Riffian,31,,14,12,26
073 Riffian,32,,8,7,15
073 Riffian,33,,12,7,19
073 Riffian,34,,11,8,19
073 Riffian,35,,13,10,23
073 Riffian,36,,10,8,18
073 Riffian,37,,8,9,17
073 Riffian,38,,13,4,17
073 Riffian,39,,6,15,21
073 Riffian,40,,7,6,13
073 Riffian,41,,6,12,18
073 Riffian,42,,11,4,15
073 Riffian,43,,6,11,17
073 Riffian,44,,9,6,15
073 Riffian,45,,10,4,14
073 Riffian,46,,7,3,10
073 Riffian,47,,7,10,17
073 Riffian,48,,4,3,7
073 Riffian,49,,6,6,12
073 Riffian,50,,8,6,14
073 Riffian,51,,4,4,8
073 Riffian,52,,2,6,8
073 Riffian,53,,6,3,9
073 Riffian,54,,8,8,16
073 Riffian,55,,7,7,14
073 Riffian,56,,12,7,19
073 Riffian,57,,8,3,11
073 Riffian,58,,4,3,7
073 Riffian,59,,4,9,13
073 Riffian,60,,10,4,14
073 Riffian,61,,4,6,10
073 Riffian,62,,2,4,6
073 Riffian,63,,1,3,4
073 Riffian,64,,1,3,4
073 Riffian,65,,7,5,12
073 Riffian,66,,4,4,8
073 Riffian,67,,5,9,14
073 Riffian,68,,4,3,7
073 Riffian,69,,3,7,10
073 Riffian,70,,3,3,6
073 Riffian,71,,5,5,10
073 Riffian,72,,6,2,8
073 Riffian,73,,5,3,8
073 Riffian,74,,5,6,11
073 Riffian,75,,4,7,11
073 Riffian,76,,3,2,5
073 Riffian,77,,1,4,5
073 Riffian,78,,4,3,7
073 Riffian,79,,-,1,1
073 Riffian,80,,1,1,2
073 Riffian,81,,-,3,3
073 Riffian,82,,1,-,1
073 Riffian,83,,1,-,1
073 Riffian,84,,1,6,7
073 Riffian,85,,1,4,5
073 Riffian,86,,1,2,3
073 Riffian,87,,1,-,1
073 Riffian,88,,2,-,2
073 Riffian,89,,-,1,1
073 Riffian,90,,2,2,4
073 Riffian,92,,1,-,1
073 Riffian,Insgesamt,,588,580,1.168
074 Mühlbach,0,,14,16,30
074 Mühlbach,1,,16,16,32
074 Mühlbach,2,,15,17,32
074 Mühlbach,3,,10,17,27
074 Mühlbach,4,,20,13,33
074 Mühlbach,5,,18,17,35
074 Mühlbach,6,,13,24,37
074 Mühlbach,7,,12,18,30
074 Mühlbach,8,,12,14,26
074 Mühlbach,9,,14,19,33
074 Mühlbach,10,,20,15,35
074 Mühlbach,11,,21,13,34
074 Mühlbach,12,,18,8,26
074 Mühlbach,13,,16,16,32
074 Mühlbach,14,,16,21,37
074 Mühlbach,15,,18,17,35
074 Mühlbach,16,,25,24,49
074 Mühlbach,17,,23,17,40
074 Mühlbach,18,,17,15,32
074 Mühlbach,19,,18,11,29
074 Mühlbach,20,,24,22,46
074 Mühlbach,21,,21,14,35
074 Mühlbach,22,,18,34,52
074 Mühlbach,23,,19,20,39
074 Mühlbach,24,,17,17,34
074 Mühlbach,25,,24,19,43
074 Mühlbach,26,,23,16,39
074 Mühlbach,27,,25,24,49
074 Mühlbach,28,,28,13,41
074 Mühlbach,29,,26,34,60
074 Mühlbach,30,,37,21,58
074 Mühlbach,31,,23,21,44
074 Mühlbach,32,,26,15,41
074 Mühlbach,33,,20,26,46
074 Mühlbach,34,,16,20,36
074 Mühlbach,35,,23,18,41
074 Mühlbach,36,,23,16,39
074 Mühlbach,37,,25,23,48
074 Mühlbach,38,,21,14,35
074 Mühlbach,39,,22,19,41
074 Mühlbach,40,,18,13,31
074 Mühlbach,41,,17,19,36
074 Mühlbach,42,,19,22,41
074 Mühlbach,43,,18,18,36
074 Mühlbach,44,,14,18,32
074 Mühlbach,45,,20,17,37
074 Mühlbach,46,,17,23,40
074 Mühlbach,47,,14,21,35
074 Mühlbach,48,,19,18,37
074 Mühlbach,49,,11,14,25
074 Mühlbach,50,,18,12,30
074 Mühlbach,51,,11,17,28
074 Mühlbach,52,,25,13,38
074 Mühlbach,53,,10,9,19
074 Mühlbach,54,,15,13,28
074 Mühlbach,55,,13,12,25
074 Mühlbach,56,,15,13,28
074 Mühlbach,57,,18,16,34
074 Mühlbach,58,,14,11,25
074 Mühlbach,59,,13,16,29
074 Mühlbach,60,,15,7,22
074 Mühlbach,61,,5,11,16
074 Mühlbach,62,,9,7,16
074 Mühlbach,63,,7,11,18
074 Mühlbach,64,,14,12,26
074 Mühlbach,65,,10,10,20
074 Mühlbach,66,,8,10,18
074 Mühlbach,67,,8,12,20
074 Mühlbach,68,,16,9,25
074 Mühlbach,69,,9,3,12
074 Mühlbach,70,,14,20,34
074 Mühlbach,71,,8,9,17
074 Mühlbach,72,,10,12,22
074 Mühlbach,73,,6,7,13
074 Mühlbach,74,,6,7,13
074 Mühlbach,75,,5,12,17
074 Mühlbach,76,,6,12,18
074 Mühlbach,77,,4,7,11
074 Mühlbach,78,,6,10,16
074 Mühlbach,79,,2,10,12
074 Mühlbach,80,,1,2,3
074 Mühlbach,81,,3,4,7
074 Mühlbach,82,,1,1,2
074 Mühlbach,83,,-,2,2
074 Mühlbach,84,,4,9,13
074 Mühlbach,85,,3,7,10
074 Mühlbach,86,,-,2,2
074 Mühlbach,87,,-,2,2
074 Mühlbach,88,,2,5,7
074 Mühlbach,89,,1,2,3
074 Mühlbach,91,,-,1,1
074 Mühlbach,92,,-,4,4
074 Mühlbach,93,,1,1,2
074 Mühlbach,Insgesamt,,1.300,1.289,2.589
075 Rodeneck,0,,9,8,17
075 Rodeneck,1,,10,5,15
075 Rodeneck,2,,13,12,25
075 Rodeneck,3,,5,11,16
075 Rodeneck,4,,8,11,19
075 Rodeneck,5,,7,7,14
075 Rodeneck,6,,9,10,19
075 Rodeneck,7,,6,9,15
075 Rodeneck,8,,12,8,20
075 Rodeneck,9,,7,6,13
075 Rodeneck,10,,13,9,22
075 Rodeneck,11,,5,5,10
075 Rodeneck,12,,9,12,21
075 Rodeneck,13,,12,9,21
075 Rodeneck,14,,16,10,26
075 Rodeneck,15,,11,6,17
075 Rodeneck,16,,7,6,13
075 Rodeneck,17,,10,6,16
075 Rodeneck,18,,6,9,15
075 Rodeneck,19,,8,7,15
075 Rodeneck,20,,6,8,14
075 Rodeneck,21,,8,8,16
075 Rodeneck,22,,8,6,14
075 Rodeneck,23,,9,7,16
075 Rodeneck,24,,7,6,13
075 Rodeneck,25,,16,8,24
075 Rodeneck,26,,8,11,19
075 Rodeneck,27,,12,6,18
075 Rodeneck,28,,9,11,20
075 Rodeneck,29,,16,9,25
075 Rodeneck,30,,10,12,22
075 Rodeneck,31,,13,10,23
075 Rodeneck,32,,13,8,21
075 Rodeneck,33,,8,8,16
075 Rodeneck,34,,10,10,20
075 Rodeneck,35,,9,10,19
075 Rodeneck,36,,9,13,22
075 Rodeneck,37,,9,12,21
075 Rodeneck,38,,6,10,16
075 Rodeneck,39,,12,5,17
075 Rodeneck,40,,8,5,13
075 Rodeneck,41,,6,7,13
075 Rodeneck,42,,9,4,13
075 Rodeneck,43,,8,6,14
075 Rodeneck,44,,11,3,14
075 Rodeneck,45,,4,2,6
075 Rodeneck,46,,8,5,13
075 Rodeneck,47,,3,2,5
075 Rodeneck,48,,1,7,8
075 Rodeneck,49,,4,7,11
075 Rodeneck,50,,4,7,11
075 Rodeneck,51,,6,4,10
075 Rodeneck,52,,10,6,16
075 Rodeneck,53,,-,5,5
075 Rodeneck,54,,5,5,10
075 Rodeneck,55,,3,2,5
075 Rodeneck,56,,3,6,9
075 Rodeneck,57,,10,3,13
075 Rodeneck,58,,5,4,9
075 Rodeneck,59,,3,9,12
075 Rodeneck,60,,4,3,7
075 Rodeneck,61,,3,5,8
075 Rodeneck,62,,5,5,10
075 Rodeneck,63,,5,2,7
075 Rodeneck,64,,1,12,13
075 Rodeneck,65,,3,2,5
075 Rodeneck,66,,5,5,10
075 Rodeneck,67,,6,5,11
075 Rodeneck,68,,5,3,8
075 Rodeneck,69,,7,3,10
075 Rodeneck,70,,5,5,10
075 Rodeneck,71,,5,6,11
075 Rodeneck,72,,4,6,10
075 Rodeneck,73,,3,9,12
075 Rodeneck,74,,5,5,10
075 Rodeneck,75,,2,3,5
075 Rodeneck,76,,3,3,6
075 Rodeneck,77,,3,1,4
075 Rodeneck,78,,2,2,4
075 Rodeneck,79,,4,2,6
075 Rodeneck,80,,-,3,3
075 Rodeneck,81,,-,1,1
075 Rodeneck,82,,1,1,2
075 Rodeneck,83,,1,2,3
075 Rodeneck,84,,1,1,2
075 Rodeneck,85,,1,1,2
075 Rodeneck,86,,1,-,1
075 Rodeneck,87,,-,1,1
075 Rodeneck,88,,3,-,3
075 Rodeneck,90,,-,1,1
075 Rodeneck,91,,-,1,1
075 Rodeneck,95,,1,-,1
075 Rodeneck,Insgesamt,,581,542,1.123
076 Salurn,0,,20,27,47
076 Salurn,1,,14,12,26
076 Salurn,2,,20,21,41
076 Salurn,3,,22,10,32
076 Salurn,4,,23,21,44
076 Salurn,5,,15,13,28
076 Salurn,6,,24,17,41
076 Salurn,7,,11,13,24
076 Salurn,8,,10,9,19
076 Salurn,9,,17,15,32
076 Salurn,10,,14,20,34
076 Salurn,11,,19,12,31
076 Salurn,12,,11,16,27
076 Salurn,13,,19,17,36
076 Salurn,14,,12,13,25
076 Salurn,15,,11,16,27
076 Salurn,16,,17,13,30
076 Salurn,17,,16,14,30
076 Salurn,18,,19,16,35
076 Salurn,19,,11,14,25
076 Salurn,20,,13,10,23
076 Salurn,21,,18,17,35
076 Salurn,22,,8,15,23
076 Salurn,23,,13,20,33
076 Salurn,24,,12,17,29
076 Salurn,25,,16,17,33
076 Salurn,26,,19,26,45
076 Salurn,27,,30,17,47
076 Salurn,28,,27,27,54
076 Salurn,29,,23,25,48
076 Salurn,30,,25,17,42
076 Salurn,31,,18,23,41
076 Salurn,32,,26,25,51
076 Salurn,33,,27,26,53
076 Salurn,34,,35,26,61
076 Salurn,35,,36,22,58
076 Salurn,36,,34,22,56
076 Salurn,37,,31,31,62
076 Salurn,38,,24,28,52
076 Salurn,39,,24,25,49
076 Salurn,40,,26,20,46
076 Salurn,41,,17,24,41
076 Salurn,42,,20,15,35
076 Salurn,43,,17,19,36
076 Salurn,44,,25,19,44
076 Salurn,45,,18,17,35
076 Salurn,46,,28,19,47
076 Salurn,47,,29,19,48
076 Salurn,48,,24,17,41
076 Salurn,49,,26,12,38
076 Salurn,50,,16,21,37
076 Salurn,51,,18,16,34
076 Salurn,52,,20,17,37
076 Salurn,53,,16,10,26
076 Salurn,54,,21,21,42
076 Salurn,55,,18,17,35
076 Salurn,56,,19,17,36
076 Salurn,57,,17,16,33
076 Salurn,58,,14,10,24
076 Salurn,59,,11,12,23
076 Salurn,60,,5,13,18
076 Salurn,61,,10,11,21
076 Salurn,62,,14,22,36
076 Salurn,63,,19,16,35
076 Salurn,64,,11,6,17
076 Salurn,65,,12,10,22
076 Salurn,66,,10,22,32
076 Salurn,67,,7,11,18
076 Salurn,68,,10,11,21
076 Salurn,69,,22,13,35
076 Salurn,70,,12,23,35
076 Salurn,71,,6,24,30
076 Salurn,72,,7,16,23
076 Salurn,73,,7,24,31
076 Salurn,74,,12,16,28
076 Salurn,75,,9,10,19
076 Salurn,76,,13,22,35
076 Salurn,77,,7,17,24
076 Salurn,78,,13,12,25
076 Salurn,79,,7,13,20
076 Salurn,80,,6,3,9
076 Salurn,81,,2,5,7
076 Salurn,82,,3,8,11
076 Salurn,83,,7,7,14
076 Salurn,84,,4,12,16
076 Salurn,85,,3,5,8
076 Salurn,86,,4,8,12
076 Salurn,87,,3,8,11
076 Salurn,88,,4,4,8
076 Salurn,89,,2,4,6
076 Salurn,90,,2,5,7
076 Salurn,91,,-,3,3
076 Salurn,92,,-,2,2
076 Salurn,93,,-,1,1
076 Salurn,95,,-,1,1
076 Salurn,96,,-,1,1
076 Salurn,Insgesamt,,1.437,1.472,2.909
077 Innichen,0,,20,13,33
077 Innichen,1,,19,15,34
077 Innichen,2,,14,20,34
077 Innichen,3,,22,12,34
077 Innichen,4,,16,17,33
077 Innichen,5,,21,22,43
077 Innichen,6,,25,18,43
077 Innichen,7,,22,24,46
077 Innichen,8,,17,13,30
077 Innichen,9,,17,22,39
077 Innichen,10,,29,19,48
077 Innichen,11,,21,19,40
077 Innichen,12,,23,18,41
077 Innichen,13,,20,20,40
077 Innichen,14,,20,20,40
077 Innichen,15,,22,16,38
077 Innichen,16,,18,22,40
077 Innichen,17,,15,19,34
077 Innichen,18,,23,17,40
077 Innichen,19,,25,22,47
077 Innichen,20,,9,16,25
077 Innichen,21,,14,21,35
077 Innichen,22,,16,27,43
077 Innichen,23,,24,8,32
077 Innichen,24,,26,25,51
077 Innichen,25,,24,29,53
077 Innichen,26,,26,27,53
077 Innichen,27,,20,21,41
077 Innichen,28,,29,27,56
077 Innichen,29,,26,26,52
077 Innichen,30,,32,29,61
077 Innichen,31,,20,27,47
077 Innichen,32,,30,31,61
077 Innichen,33,,36,31,67
077 Innichen,34,,37,32,69
077 Innichen,35,,32,29,61
077 Innichen,36,,34,26,60
077 Innichen,37,,26,31,57
077 Innichen,38,,36,18,54
077 Innichen,39,,27,25,52
077 Innichen,40,,20,25,45
077 Innichen,41,,21,25,46
077 Innichen,42,,26,16,42
077 Innichen,43,,26,18,44
077 Innichen,44,,22,13,35
077 Innichen,45,,24,17,41
077 Innichen,46,,13,26,39
077 Innichen,47,,12,19,31
077 Innichen,48,,18,20,38
077 Innichen,49,,22,17,39
077 Innichen,50,,17,12,29
077 Innichen,51,,14,16,30
077 Innichen,52,,16,15,31
077 Innichen,53,,13,8,21
077 Innichen,54,,8,13,21
077 Innichen,55,,23,10,33
077 Innichen,56,,17,17,34
077 Innichen,57,,14,16,30
077 Innichen,58,,10,23,33
077 Innichen,59,,14,13,27
077 Innichen,60,,8,11,19
077 Innichen,61,,12,12,24
077 Innichen,62,,10,18,28
077 Innichen,63,,9,19,28
077 Innichen,64,,11,14,25
077 Innichen,65,,12,10,22
077 Innichen,66,,21,16,37
077 Innichen,67,,14,22,36
077 Innichen,68,,16,12,28
077 Innichen,69,,15,17,32
077 Innichen,70,,12,20,32
077 Innichen,71,,8,12,20
077 Innichen,72,,19,13,32
077 Innichen,73,,10,22,32
077 Innichen,74,,10,4,14
077 Innichen,75,,8,14,22
077 Innichen,76,,5,16,21
077 Innichen,77,,9,15,24
077 Innichen,78,,8,13,21
077 Innichen,79,,3,5,8
077 Innichen,80,,2,5,7
077 Innichen,81,,3,2,5
077 Innichen,82,,3,3,6
077 Innichen,83,,4,5,9
077 Innichen,84,,3,3,6
077 Innichen,85,,4,6,10
077 Innichen,86,,2,6,8
077 Innichen,87,,1,1,2
077 Innichen,88,,1,3,4
077 Innichen,89,,3,2,5
077 Innichen,90,,1,4,5
077 Innichen,91,,1,2,3
077 Innichen,92,,1,1,2
077 Innichen,93,,-,1,1
077 Innichen,94,,-,2,2
077 Innichen,96,,-,2,2
077 Innichen,97,,-,1,1
077 Innichen,Insgesamt,,1.532,1.547,3.079
079 Jenesien,0,,17,26,43
079 Jenesien,1,,19,22,41
079 Jenesien,2,,24,11,35
079 Jenesien,3,,28,16,44
079 Jenesien,4,,22,23,45
079 Jenesien,5,,15,20,35
079 Jenesien,6,,26,21,47
079 Jenesien,7,,17,20,37
079 Jenesien,8,,18,15,33
079 Jenesien,9,,19,12,31
079 Jenesien,10,,24,16,40
079 Jenesien,11,,13,19,32
079 Jenesien,12,,16,16,32
079 Jenesien,13,,13,4,17
079 Jenesien,14,,19,14,33
079 Jenesien,15,,17,19,36
079 Jenesien,16,,13,24,37
079 Jenesien,17,,6,20,26
079 Jenesien,18,,14,21,35
079 Jenesien,19,,20,19,39
079 Jenesien,20,,12,14,26
079 Jenesien,21,,18,23,41
079 Jenesien,22,,15,12,27
079 Jenesien,23,,12,13,25
079 Jenesien,24,,18,18,36
079 Jenesien,25,,19,23,42
079 Jenesien,26,,17,24,41
079 Jenesien,27,,31,18,49
079 Jenesien,28,,27,24,51
079 Jenesien,29,,28,17,45
079 Jenesien,30,,21,28,49
079 Jenesien,31,,16,19,35
079 Jenesien,32,,32,27,59
079 Jenesien,33,,31,28,59
079 Jenesien,34,,35,33,68
079 Jenesien,35,,30,22,52
079 Jenesien,36,,26,21,47
079 Jenesien,37,,28,19,47
079 Jenesien,38,,25,12,37
079 Jenesien,39,,24,14,38
079 Jenesien,40,,24,9,33
079 Jenesien,41,,15,15,30
079 Jenesien,42,,16,13,29
079 Jenesien,43,,9,11,20
079 Jenesien,44,,15,15,30
079 Jenesien,45,,14,9,23
079 Jenesien,46,,16,19,35
079 Jenesien,47,,11,9,20
079 Jenesien,48,,11,21,32
079 Jenesien,49,,12,14,26
079 Jenesien,50,,12,7,19
079 Jenesien,51,,14,13,27
079 Jenesien,52,,8,11,19
079 Jenesien,53,,7,15,22
079 Jenesien,54,,13,14,27
079 Jenesien,55,,17,10,27
079 Jenesien,56,,15,10,25
079 Jenesien,57,,16,20,36
079 Jenesien,58,,17,11,28
079 Jenesien,59,,15,18,33
079 Jenesien,60,,22,9,31
079 Jenesien,61,,11,16,27
079 Jenesien,62,,7,19,26
079 Jenesien,63,,6,7,13
079 Jenesien,64,,9,7,16
079 Jenesien,65,,17,11,28
079 Jenesien,66,,8,11,19
079 Jenesien,67,,10,9,19
079 Jenesien,68,,7,15,22
079 Jenesien,69,,11,16,27
079 Jenesien,70,,15,10,25
079 Jenesien,71,,8,10,18
079 Jenesien,72,,11,15,26
079 Jenesien,73,,4,14,18
079 Jenesien,74,,8,11,19
079 Jenesien,75,,9,10,19
079 Jenesien,76,,7,11,18
079 Jenesien,77,,3,7,10
079 Jenesien,78,,3,9,12
079 Jenesien,79,,2,5,7
079 Jenesien,80,,-,1,1
079 Jenesien,81,,2,2,4
079 Jenesien,82,,2,1,3
079 Jenesien,83,,2,4,6
079 Jenesien,84,,3,4,7
079 Jenesien,85,,-,8,8
079 Jenesien,86,,1,5,6
079 Jenesien,87,,3,5,8
079 Jenesien,88,,-,3,3
079 Jenesien,89,,3,-,3
079 Jenesien,90,,2,3,5
079 Jenesien,92,,-,2,2
079 Jenesien,93,,-,1,1
079 Jenesien,94,,-,2,2
079 Jenesien,95,,1,-,1
079 Jenesien,Insgesamt,,1.299,1.294,2.593
080 St.Leonhard in Pass.,0,,22,12,34
080 St.Leonhard in Pass.,1,,26,20,46
080 St.Leonhard in Pass.,2,,27,20,47
080 St.Leonhard in Pass.,3,,21,12,33
080 St.Leonhard in Pass.,4,,27,23,50
080 St.Leonhard in Pass.,5,,23,21,44
080 St.Leonhard in Pass.,6,,24,21,45
080 St.Leonhard in Pass.,7,,24,20,44
080 St.Leonhard in Pass.,8,,24,22,46
080 St.Leonhard in Pass.,9,,37,31,68
080 St.Leonhard in Pass.,10,,22,25,47
080 St.Leonhard in Pass.,11,,30,26,56
080 St.Leonhard in Pass.,12,,34,35,69
080 St.Leonhard in Pass.,13,,24,27,51
080 St.Leonhard in Pass.,14,,30,26,56
080 St.Leonhard in Pass.,15,,29,27,56
080 St.Leonhard in Pass.,16,,31,22,53
080 St.Leonhard in Pass.,17,,24,31,55
080 St.Leonhard in Pass.,18,,29,34,63
080 St.Leonhard in Pass.,19,,28,24,52
080 St.Leonhard in Pass.,20,,31,20,51
080 St.Leonhard in Pass.,21,,35,29,64
080 St.Leonhard in Pass.,22,,20,29,49
080 St.Leonhard in Pass.,23,,29,14,43
080 St.Leonhard in Pass.,24,,32,35,67
080 St.Leonhard in Pass.,25,,32,32,64
080 St.Leonhard in Pass.,26,,33,30,63
080 St.Leonhard in Pass.,27,,35,23,58
080 St.Leonhard in Pass.,28,,27,28,55
080 St.Leonhard in Pass.,29,,28,27,55
080 St.Leonhard in Pass.,30,,30,26,56
080 St.Leonhard in Pass.,31,,29,22,51
080 St.Leonhard in Pass.,32,,38,37,75
080 St.Leonhard in Pass.,33,,29,32,61
080 St.Leonhard in Pass.,34,,23,31,54
080 St.Leonhard in Pass.,35,,28,30,58
080 St.Leonhard in Pass.,36,,25,32,57
080 St.Leonhard in Pass.,37,,28,24,52
080 St.Leonhard in Pass.,38,,30,19,49
080 St.Leonhard in Pass.,39,,23,26,49
080 St.Leonhard in Pass.,40,,24,22,46
080 St.Leonhard in Pass.,41,,23,27,50
080 St.Leonhard in Pass.,42,,24,17,41
080 St.Leonhard in Pass.,43,,26,20,46
080 St.Leonhard in Pass.,44,,21,16,37
080 St.Leonhard in Pass.,45,,31,25,56
080 St.Leonhard in Pass.,46,,21,28,49
080 St.Leonhard in Pass.,47,,27,16,43
080 St.Leonhard in Pass.,48,,19,15,34
080 St.Leonhard in Pass.,49,,25,12,37
080 St.Leonhard in Pass.,50,,24,14,38
080 St.Leonhard in Pass.,51,,20,16,36
080 St.Leonhard in Pass.,52,,16,19,35
080 St.Leonhard in Pass.,53,,10,11,21
080 St.Leonhard in Pass.,54,,17,14,31
080 St.Leonhard in Pass.,55,,11,26,37
080 St.Leonhard in Pass.,56,,9,17,26
080 St.Leonhard in Pass.,57,,15,16,31
080 St.Leonhard in Pass.,58,,24,14,38
080 St.Leonhard in Pass.,59,,21,19,40
080 St.Leonhard in Pass.,60,,14,12,26
080 St.Leonhard in Pass.,61,,20,9,29
080 St.Leonhard in Pass.,62,,19,11,30
080 St.Leonhard in Pass.,63,,13,14,27
080 St.Leonhard in Pass.,64,,11,14,25
080 St.Leonhard in Pass.,65,,13,17,30
080 St.Leonhard in Pass.,66,,13,13,26
080 St.Leonhard in Pass.,67,,8,15,23
080 St.Leonhard in Pass.,68,,8,10,18
080 St.Leonhard in Pass.,69,,11,10,21
080 St.Leonhard in Pass.,70,,8,14,22
080 St.Leonhard in Pass.,71,,6,14,20
080 St.Leonhard in Pass.,72,,9,13,22
080 St.Leonhard in Pass.,73,,8,12,20
080 St.Leonhard in Pass.,74,,5,12,17
080 St.Leonhard in Pass.,75,,7,13,20
080 St.Leonhard in Pass.,76,,6,11,17
080 St.Leonhard in Pass.,77,,3,7,10
080 St.Leonhard in Pass.,78,,5,10,15
080 St.Leonhard in Pass.,79,,6,3,9
080 St.Leonhard in Pass.,80,,1,5,6
080 St.Leonhard in Pass.,81,,-,6,6
080 St.Leonhard in Pass.,82,,2,1,3
080 St.Leonhard in Pass.,83,,2,5,7
080 St.Leonhard in Pass.,84,,3,9,12
080 St.Leonhard in Pass.,85,,-,5,5
080 St.Leonhard in Pass.,86,,1,9,10
080 St.Leonhard in Pass.,87,,4,5,9
080 St.Leonhard in Pass.,88,,-,2,2
080 St.Leonhard in Pass.,89,,2,2,4
080 St.Leonhard in Pass.,90,,3,1,4
080 St.Leonhard in Pass.,91,,1,4,5
080 St.Leonhard in Pass.,92,,2,2,4
080 St.Leonhard in Pass.,93,,1,3,4
080 St.Leonhard in Pass.,94,,-,2,2
080 St.Leonhard in Pass.,96,,-,1,1
080 St.Leonhard in Pass.,Insgesamt,,1.744,1.685,3.429
081 St.Lorenzen,0,,28,26,54
081 St.Lorenzen,1,,16,25,41
081 St.Lorenzen,2,,26,25,51
081 St.Lorenzen,3,,26,12,38
081 St.Lorenzen,4,,31,20,51
081 St.Lorenzen,5,,23,31,54
081 St.Lorenzen,6,,25,20,45
081 St.Lorenzen,7,,20,15,35
081 St.Lorenzen,8,,25,21,46
081 St.Lorenzen,9,,20,19,39
081 St.Lorenzen,10,,19,26,45
081 St.Lorenzen,11,,19,23,42
081 St.Lorenzen,12,,23,20,43
081 St.Lorenzen,13,,24,22,46
081 St.Lorenzen,14,,25,26,51
081 St.Lorenzen,15,,22,20,42
081 St.Lorenzen,16,,30,18,48
081 St.Lorenzen,17,,21,20,41
081 St.Lorenzen,18,,13,17,30
081 St.Lorenzen,19,,24,25,49
081 St.Lorenzen,20,,21,24,45
081 St.Lorenzen,21,,27,20,47
081 St.Lorenzen,22,,25,20,45
081 St.Lorenzen,23,,23,22,45
081 St.Lorenzen,24,,18,28,46
081 St.Lorenzen,25,,35,21,56
081 St.Lorenzen,26,,34,28,62
081 St.Lorenzen,27,,33,22,55
081 St.Lorenzen,28,,26,27,53
081 St.Lorenzen,29,,27,29,56
081 St.Lorenzen,30,,42,35,77
081 St.Lorenzen,31,,34,33,67
081 St.Lorenzen,32,,33,35,68
081 St.Lorenzen,33,,39,21,60
081 St.Lorenzen,34,,27,24,51
081 St.Lorenzen,35,,35,31,66
081 St.Lorenzen,36,,25,33,58
081 St.Lorenzen,37,,23,38,61
081 St.Lorenzen,38,,32,23,55
081 St.Lorenzen,39,,31,27,58
081 St.Lorenzen,40,,30,32,62
081 St.Lorenzen,41,,26,25,51
081 St.Lorenzen,42,,27,27,54
081 St.Lorenzen,43,,18,18,36
081 St.Lorenzen,44,,19,20,39
081 St.Lorenzen,45,,24,16,40
081 St.Lorenzen,46,,20,13,33
081 St.Lorenzen,47,,17,15,32
081 St.Lorenzen,48,,15,18,33
081 St.Lorenzen,49,,12,21,33
081 St.Lorenzen,50,,14,13,27
081 St.Lorenzen,51,,21,9,30
081 St.Lorenzen,52,,21,9,30
081 St.Lorenzen,53,,14,20,34
081 St.Lorenzen,54,,15,16,31
081 St.Lorenzen,55,,14,15,29
081 St.Lorenzen,56,,18,27,45
081 St.Lorenzen,57,,21,18,39
081 St.Lorenzen,58,,14,15,29
081 St.Lorenzen,59,,15,19,34
081 St.Lorenzen,60,,15,15,30
081 St.Lorenzen,61,,18,17,35
081 St.Lorenzen,62,,13,16,29
081 St.Lorenzen,63,,10,18,28
081 St.Lorenzen,64,,16,14,30
081 St.Lorenzen,65,,13,14,27
081 St.Lorenzen,66,,16,12,28
081 St.Lorenzen,67,,10,16,26
081 St.Lorenzen,68,,10,10,20
081 St.Lorenzen,69,,12,20,32
081 St.Lorenzen,70,,17,17,34
081 St.Lorenzen,71,,11,7,18
081 St.Lorenzen,72,,11,13,24
081 St.Lorenzen,73,,10,20,30
081 St.Lorenzen,74,,4,12,16
081 St.Lorenzen,75,,11,12,23
081 St.Lorenzen,76,,7,8,15
081 St.Lorenzen,77,,7,6,13
081 St.Lorenzen,78,,2,9,11
081 St.Lorenzen,79,,6,9,15
081 St.Lorenzen,80,,3,8,11
081 St.Lorenzen,81,,-,6,6
081 St.Lorenzen,82,,2,5,7
081 St.Lorenzen,83,,2,4,6
081 St.Lorenzen,84,,6,4,10
081 St.Lorenzen,85,,2,2,4
081 St.Lorenzen,86,,4,5,9
081 St.Lorenzen,87,,1,3,4
081 St.Lorenzen,88,,1,6,7
081 St.Lorenzen,89,,2,2,4
081 St.Lorenzen,90,,-,2,2
081 St.Lorenzen,91,,1,4,5
081 St.Lorenzen,92,,-,1,1
081 St.Lorenzen,93,,-,2,2
081 St.Lorenzen,94,,1,1,2
081 St.Lorenzen,95,,-,1,1
081 St.Lorenzen,Insgesamt,,1.669,1.659,3.328
082 St.Martin in Thurn,0,,12,11,23
082 St.Martin in Thurn,1,,17,12,29
082 St.Martin in Thurn,2,,23,15,38
082 St.Martin in Thurn,3,,14,13,27
082 St.Martin in Thurn,4,,15,8,23
082 St.Martin in Thurn,5,,9,9,18
082 St.Martin in Thurn,6,,16,14,30
082 St.Martin in Thurn,7,,11,11,22
082 St.Martin in Thurn,8,,6,15,21
082 St.Martin in Thurn,9,,17,15,32
082 St.Martin in Thurn,10,,8,6,14
082 St.Martin in Thurn,11,,14,12,26
082 St.Martin in Thurn,12,,13,10,23
082 St.Martin in Thurn,13,,12,13,25
082 St.Martin in Thurn,14,,8,6,14
082 St.Martin in Thurn,15,,14,9,23
082 St.Martin in Thurn,16,,14,12,26
082 St.Martin in Thurn,17,,16,8,24
082 St.Martin in Thurn,18,,9,13,22
082 St.Martin in Thurn,19,,9,11,20
082 St.Martin in Thurn,20,,17,8,25
082 St.Martin in Thurn,21,,14,11,25
082 St.Martin in Thurn,22,,11,9,20
082 St.Martin in Thurn,23,,8,15,23
082 St.Martin in Thurn,24,,6,11,17
082 St.Martin in Thurn,25,,12,11,23
082 St.Martin in Thurn,26,,11,10,21
082 St.Martin in Thurn,27,,13,16,29
082 St.Martin in Thurn,28,,15,11,26
082 St.Martin in Thurn,29,,14,14,28
082 St.Martin in Thurn,30,,13,19,32
082 St.Martin in Thurn,31,,12,10,22
082 St.Martin in Thurn,32,,17,21,38
082 St.Martin in Thurn,33,,14,20,34
082 St.Martin in Thurn,34,,12,13,25
082 St.Martin in Thurn,35,,16,13,29
082 St.Martin in Thurn,36,,15,13,28
082 St.Martin in Thurn,37,,14,21,35
082 St.Martin in Thurn,38,,15,7,22
082 St.Martin in Thurn,39,,12,12,24
082 St.Martin in Thurn,40,,13,8,21
082 St.Martin in Thurn,41,,12,9,21
082 St.Martin in Thurn,42,,7,7,14
082 St.Martin in Thurn,43,,13,9,22
082 St.Martin in Thurn,44,,8,8,16
082 St.Martin in Thurn,45,,6,11,17
082 St.Martin in Thurn,46,,3,3,6
082 St.Martin in Thurn,47,,7,8,15
082 St.Martin in Thurn,48,,11,6,17
082 St.Martin in Thurn,49,,5,7,12
082 St.Martin in Thurn,50,,9,7,16
082 St.Martin in Thurn,51,,9,6,15
082 St.Martin in Thurn,52,,9,8,17
082 St.Martin in Thurn,53,,7,4,11
082 St.Martin in Thurn,54,,11,8,19
082 St.Martin in Thurn,55,,4,8,12
082 St.Martin in Thurn,56,,7,5,12
082 St.Martin in Thurn,57,,7,7,14
082 St.Martin in Thurn,58,,5,5,10
082 St.Martin in Thurn,59,,5,7,12
082 St.Martin in Thurn,60,,10,7,17
082 St.Martin in Thurn,61,,7,13,20
082 St.Martin in Thurn,62,,4,6,10
082 St.Martin in Thurn,63,,7,6,13
082 St.Martin in Thurn,64,,8,4,12
082 St.Martin in Thurn,65,,2,11,13
082 St.Martin in Thurn,66,,8,7,15
082 St.Martin in Thurn,67,,11,7,18
082 St.Martin in Thurn,68,,7,7,14
082 St.Martin in Thurn,69,,6,8,14
082 St.Martin in Thurn,70,,3,7,10
082 St.Martin in Thurn,71,,5,5,10
082 St.Martin in Thurn,72,,9,7,16
082 St.Martin in Thurn,73,,8,3,11
082 St.Martin in Thurn,74,,8,9,17
082 St.Martin in Thurn,75,,3,8,11
082 St.Martin in Thurn,76,,9,5,14
082 St.Martin in Thurn,77,,7,4,11
082 St.Martin in Thurn,78,,7,7,14
082 St.Martin in Thurn,79,,2,4,6
082 St.Martin in Thurn,80,,2,-,2
082 St.Martin in Thurn,81,,4,1,5
082 St.Martin in Thurn,82,,1,1,2
082 St.Martin in Thurn,83,,1,1,2
082 St.Martin in Thurn,84,,1,3,4
082 St.Martin in Thurn,85,,1,1,2
082 St.Martin in Thurn,86,,1,1,2
082 St.Martin in Thurn,87,,1,2,3
082 St.Martin in Thurn,88,,3,2,5
082 St.Martin in Thurn,89,,1,2,3
082 St.Martin in Thurn,90,,2,-,2
082 St.Martin in Thurn,91,,-,1,1
082 St.Martin in Thurn,94,,2,1,3
082 St.Martin in Thurn,Insgesamt,,827,780,1.607
083 St.Martin in Passeier,0,,18,21,39
083 St.Martin in Passeier,1,,24,22,46
083 St.Martin in Passeier,2,,22,22,44
083 St.Martin in Passeier,3,,20,18,38
083 St.Martin in Passeier,4,,19,21,40
083 St.Martin in Passeier,5,,19,22,41
083 St.Martin in Passeier,6,,26,16,42
083 St.Martin in Passeier,7,,21,23,44
083 St.Martin in Passeier,8,,19,25,44
083 St.Martin in Passeier,9,,18,21,39
083 St.Martin in Passeier,10,,17,15,32
083 St.Martin in Passeier,11,,18,22,40
083 St.Martin in Passeier,12,,22,23,45
083 St.Martin in Passeier,13,,15,21,36
083 St.Martin in Passeier,14,,16,23,39
083 St.Martin in Passeier,15,,18,9,27
083 St.Martin in Passeier,16,,20,21,41
083 St.Martin in Passeier,17,,22,20,42
083 St.Martin in Passeier,18,,20,22,42
083 St.Martin in Passeier,19,,21,12,33
083 St.Martin in Passeier,20,,30,17,47
083 St.Martin in Passeier,21,,20,19,39
083 St.Martin in Passeier,22,,22,20,42
083 St.Martin in Passeier,23,,23,19,42
083 St.Martin in Passeier,24,,20,26,46
083 St.Martin in Passeier,25,,20,31,51
083 St.Martin in Passeier,26,,29,24,53
083 St.Martin in Passeier,27,,27,27,54
083 St.Martin in Passeier,28,,28,29,57
083 St.Martin in Passeier,29,,30,31,61
083 St.Martin in Passeier,30,,25,24,49
083 St.Martin in Passeier,31,,21,27,48
083 St.Martin in Passeier,32,,28,30,58
083 St.Martin in Passeier,33,,35,27,62
083 St.Martin in Passeier,34,,24,22,46
083 St.Martin in Passeier,35,,37,20,57
083 St.Martin in Passeier,36,,22,28,50
083 St.Martin in Passeier,37,,36,21,57
083 St.Martin in Passeier,38,,21,27,48
083 St.Martin in Passeier,39,,26,22,48
083 St.Martin in Passeier,40,,24,20,44
083 St.Martin in Passeier,41,,25,11,36
083 St.Martin in Passeier,42,,22,16,38
083 St.Martin in Passeier,43,,32,14,46
083 St.Martin in Passeier,44,,16,9,25
083 St.Martin in Passeier,45,,22,19,41
083 St.Martin in Passeier,46,,5,19,24
083 St.Martin in Passeier,47,,21,14,35
083 St.Martin in Passeier,48,,12,16,28
083 St.Martin in Passeier,49,,11,8,19
083 St.Martin in Passeier,50,,11,10,21
083 St.Martin in Passeier,51,,14,13,27
083 St.Martin in Passeier,52,,15,11,26
083 St.Martin in Passeier,53,,11,13,24
083 St.Martin in Passeier,54,,17,12,29
083 St.Martin in Passeier,55,,15,11,26
083 St.Martin in Passeier,56,,15,14,29
083 St.Martin in Passeier,57,,11,14,25
083 St.Martin in Passeier,58,,4,13,17
083 St.Martin in Passeier,59,,6,14,20
083 St.Martin in Passeier,60,,14,8,22
083 St.Martin in Passeier,61,,14,19,33
083 St.Martin in Passeier,62,,14,15,29
083 St.Martin in Passeier,63,,7,13,20
083 St.Martin in Passeier,64,,20,9,29
083 St.Martin in Passeier,65,,15,9,24
083 St.Martin in Passeier,66,,11,12,23
083 St.Martin in Passeier,67,,7,12,19
083 St.Martin in Passeier,68,,8,14,22
083 St.Martin in Passeier,69,,13,9,22
083 St.Martin in Passeier,70,,8,8,16
083 St.Martin in Passeier,71,,14,6,20
083 St.Martin in Passeier,72,,5,13,18
083 St.Martin in Passeier,73,,9,8,17
083 St.Martin in Passeier,74,,6,14,20
083 St.Martin in Passeier,75,,4,10,14
083 St.Martin in Passeier,76,,8,7,15
083 St.Martin in Passeier,77,,7,11,18
083 St.Martin in Passeier,78,,2,5,7
083 St.Martin in Passeier,79,,2,4,6
083 St.Martin in Passeier,80,,1,2,3
083 St.Martin in Passeier,81,,2,5,7
083 St.Martin in Passeier,82,,-,2,2
083 St.Martin in Passeier,83,,4,1,5
083 St.Martin in Passeier,84,,1,5,6
083 St.Martin in Passeier,85,,3,5,8
083 St.Martin in Passeier,86,,1,4,5
083 St.Martin in Passeier,87,,1,2,3
083 St.Martin in Passeier,88,,1,2,3
083 St.Martin in Passeier,89,,1,-,1
083 St.Martin in Passeier,90,,2,-,2
083 St.Martin in Passeier,91,,-,1,1
083 St.Martin in Passeier,92,,1,2,3
083 St.Martin in Passeier,Insgesamt,,1.434,1.398,2.832
084 St.Pankraz,0,,12,8,20
084 St.Pankraz,1,,12,10,22
084 St.Pankraz,2,,11,10,21
084 St.Pankraz,3,,10,5,15
084 St.Pankraz,4,,11,9,20
084 St.Pankraz,5,,6,11,17
084 St.Pankraz,6,,7,6,13
084 St.Pankraz,7,,13,13,26
084 St.Pankraz,8,,9,4,13
084 St.Pankraz,9,,12,15,27
084 St.Pankraz,10,,14,7,21
084 St.Pankraz,11,,10,9,19
084 St.Pankraz,12,,9,6,15
084 St.Pankraz,13,,9,8,17
084 St.Pankraz,14,,9,5,14
084 St.Pankraz,15,,10,7,17
084 St.Pankraz,16,,12,9,21
084 St.Pankraz,17,,9,12,21
084 St.Pankraz,18,,12,9,21
084 St.Pankraz,19,,6,7,13
084 St.Pankraz,20,,15,11,26
084 St.Pankraz,21,,8,15,23
084 St.Pankraz,22,,6,9,15
084 St.Pankraz,23,,10,10,20
084 St.Pankraz,24,,14,15,29
084 St.Pankraz,25,,13,12,25
084 St.Pankraz,26,,11,14,25
084 St.Pankraz,27,,17,11,28
084 St.Pankraz,28,,13,9,22
084 St.Pankraz,29,,20,13,33
084 St.Pankraz,30,,23,19,42
084 St.Pankraz,31,,11,15,26
084 St.Pankraz,32,,19,9,28
084 St.Pankraz,33,,22,16,38
084 St.Pankraz,34,,14,15,29
084 St.Pankraz,35,,11,11,22
084 St.Pankraz,36,,17,8,25
084 St.Pankraz,37,,13,12,25
084 St.Pankraz,38,,12,5,17
084 St.Pankraz,39,,17,13,30
084 St.Pankraz,40,,8,9,17
084 St.Pankraz,41,,12,9,21
084 St.Pankraz,42,,10,16,26
084 St.Pankraz,43,,7,6,13
084 St.Pankraz,44,,10,10,20
084 St.Pankraz,45,,10,9,19
084 St.Pankraz,46,,16,10,26
084 St.Pankraz,47,,5,3,8
084 St.Pankraz,48,,11,7,18
084 St.Pankraz,49,,7,6,13
084 St.Pankraz,50,,7,4,11
084 St.Pankraz,51,,7,8,15
084 St.Pankraz,52,,5,9,14
084 St.Pankraz,53,,3,6,9
084 St.Pankraz,54,,4,8,12
084 St.Pankraz,55,,11,14,25
084 St.Pankraz,56,,9,13,22
084 St.Pankraz,57,,8,11,19
084 St.Pankraz,58,,9,7,16
084 St.Pankraz,59,,11,7,18
084 St.Pankraz,60,,5,11,16
084 St.Pankraz,61,,8,10,18
084 St.Pankraz,62,,7,5,12
084 St.Pankraz,63,,5,9,14
084 St.Pankraz,64,,9,7,16
084 St.Pankraz,65,,8,3,11
084 St.Pankraz,66,,8,10,18
084 St.Pankraz,67,,9,5,14
084 St.Pankraz,68,,8,7,15
084 St.Pankraz,69,,11,9,20
084 St.Pankraz,70,,8,11,19
084 St.Pankraz,71,,7,5,12
084 St.Pankraz,72,,9,7,16
084 St.Pankraz,73,,7,8,15
084 St.Pankraz,74,,8,11,19
084 St.Pankraz,75,,11,4,15
084 St.Pankraz,76,,10,10,20
084 St.Pankraz,77,,2,12,14
084 St.Pankraz,78,,3,9,12
084 St.Pankraz,79,,3,4,7
084 St.Pankraz,80,,3,5,8
084 St.Pankraz,81,,1,3,4
084 St.Pankraz,82,,3,-,3
084 St.Pankraz,83,,3,4,7
084 St.Pankraz,84,,1,3,4
084 St.Pankraz,85,,1,1,2
084 St.Pankraz,86,,1,2,3
084 St.Pankraz,87,,1,2,3
084 St.Pankraz,88,,1,3,4
084 St.Pankraz,89,,3,5,8
084 St.Pankraz,90,,-,2,2
084 St.Pankraz,92,,-,2,2
084 St.Pankraz,93,,-,1,1
084 St.Pankraz,94,,1,1,2
084 St.Pankraz,100,,-,2,2
084 St.Pankraz,Insgesamt,,824,777,1.601
085 St.Christina in Gröden,0,,12,16,28
085 St.Christina in Gröden,1,,12,11,23
085 St.Christina in Gröden,2,,13,8,21
085 St.Christina in Gröden,3,,13,10,23
085 St.Christina in Gröden,4,,8,14,22
085 St.Christina in Gröden,5,,13,13,26
085 St.Christina in Gröden,6,,13,14,27
085 St.Christina in Gröden,7,,12,16,28
085 St.Christina in Gröden,8,,7,14,21
085 St.Christina in Gröden,9,,6,6,12
085 St.Christina in Gröden,10,,11,9,20
085 St.Christina in Gröden,11,,12,6,18
085 St.Christina in Gröden,12,,11,8,19
085 St.Christina in Gröden,13,,6,11,17
085 St.Christina in Gröden,14,,10,5,15
085 St.Christina in Gröden,15,,18,12,30
085 St.Christina in Gröden,16,,12,5,17
085 St.Christina in Gröden,17,,8,13,21
085 St.Christina in Gröden,18,,10,12,22
085 St.Christina in Gröden,19,,12,10,22
085 St.Christina in Gröden,20,,6,9,15
085 St.Christina in Gröden,21,,3,8,11
085 St.Christina in Gröden,22,,13,12,25
085 St.Christina in Gröden,23,,11,12,23
085 St.Christina in Gröden,24,,5,18,23
085 St.Christina in Gröden,25,,6,13,19
085 St.Christina in Gröden,26,,18,9,27
085 St.Christina in Gröden,27,,8,15,23
085 St.Christina in Gröden,28,,23,18,41
085 St.Christina in Gröden,29,,15,10,25
085 St.Christina in Gröden,30,,21,22,43
085 St.Christina in Gröden,31,,16,18,34
085 St.Christina in Gröden,32,,19,13,32
085 St.Christina in Gröden,33,,14,17,31
085 St.Christina in Gröden,34,,12,19,31
085 St.Christina in Gröden,35,,14,17,31
085 St.Christina in Gröden,36,,20,17,37
085 St.Christina in Gröden,37,,20,14,34
085 St.Christina in Gröden,38,,18,18,36
085 St.Christina in Gröden,39,,11,10,21
085 St.Christina in Gröden,40,,7,12,19
085 St.Christina in Gröden,41,,17,11,28
085 St.Christina in Gröden,42,,10,10,20
085 St.Christina in Gröden,43,,9,9,18
085 St.Christina in Gröden,44,,16,14,30
085 St.Christina in Gröden,45,,9,9,18
085 St.Christina in Gröden,46,,6,5,11
085 St.Christina in Gröden,47,,11,5,16
085 St.Christina in Gröden,48,,6,6,12
085 St.Christina in Gröden,49,,7,11,18
085 St.Christina in Gröden,50,,8,6,14
085 St.Christina in Gröden,51,,6,9,15
085 St.Christina in Gröden,52,,9,13,22
085 St.Christina in Gröden,53,,6,6,12
085 St.Christina in Gröden,54,,6,11,17
085 St.Christina in Gröden,55,,13,15,28
085 St.Christina in Gröden,56,,10,7,17
085 St.Christina in Gröden,57,,13,7,20
085 St.Christina in Gröden,58,,10,11,21
085 St.Christina in Gröden,59,,10,11,21
085 St.Christina in Gröden,60,,7,8,15
085 St.Christina in Gröden,61,,9,7,16
085 St.Christina in Gröden,62,,14,10,24
085 St.Christina in Gröden,63,,14,6,20
085 St.Christina in Gröden,64,,8,12,20
085 St.Christina in Gröden,65,,6,14,20
085 St.Christina in Gröden,66,,9,10,19
085 St.Christina in Gröden,67,,6,9,15
085 St.Christina in Gröden,68,,14,5,19
085 St.Christina in Gröden,69,,5,10,15
085 St.Christina in Gröden,70,,6,5,11
085 St.Christina in Gröden,71,,5,6,11
085 St.Christina in Gröden,72,,9,7,16
085 St.Christina in Gröden,73,,7,10,17
085 St.Christina in Gröden,74,,3,5,8
085 St.Christina in Gröden,75,,6,4,10
085 St.Christina in Gröden,76,,-,10,10
085 St.Christina in Gröden,77,,4,4,8
085 St.Christina in Gröden,78,,5,6,11
085 St.Christina in Gröden,79,,4,1,5
085 St.Christina in Gröden,80,,-,1,1
085 St.Christina in Gröden,81,,1,1,2
085 St.Christina in Gröden,82,,-,3,3
085 St.Christina in Gröden,83,,4,1,5
085 St.Christina in Gröden,84,,2,4,6
085 St.Christina in Gröden,85,,4,-,4
085 St.Christina in Gröden,86,,1,2,3
085 St.Christina in Gröden,87,,-,1,1
085 St.Christina in Gröden,88,,1,3,4
085 St.Christina in Gröden,89,,2,2,4
085 St.Christina in Gröden,91,,1,2,3
085 St.Christina in Gröden,94,,-,1,1
085 St.Christina in Gröden,Insgesamt,,838,860,1.698
086 Sarntal,0,,54,48,102
086 Sarntal,1,,41,45,86
086 Sarntal,2,,51,39,90
086 Sarntal,3,,42,40,82
086 Sarntal,4,,32,42,74
086 Sarntal,5,,34,39,73
086 Sarntal,6,,46,36,82
086 Sarntal,7,,43,42,85
086 Sarntal,8,,45,32,77
086 Sarntal,9,,53,36,89
086 Sarntal,10,,46,43,89
086 Sarntal,11,,36,32,68
086 Sarntal,12,,39,43,82
086 Sarntal,13,,43,39,82
086 Sarntal,14,,39,42,81
086 Sarntal,15,,51,42,93
086 Sarntal,16,,63,51,114
086 Sarntal,17,,42,60,102
086 Sarntal,18,,59,49,108
086 Sarntal,19,,56,48,104
086 Sarntal,20,,55,53,108
086 Sarntal,21,,60,44,104
086 Sarntal,22,,49,43,92
086 Sarntal,23,,66,51,117
086 Sarntal,24,,51,64,115
086 Sarntal,25,,63,63,126
086 Sarntal,26,,72,44,116
086 Sarntal,27,,53,49,102
086 Sarntal,28,,66,62,128
086 Sarntal,29,,67,61,128
086 Sarntal,30,,52,46,98
086 Sarntal,31,,55,50,105
086 Sarntal,32,,52,54,106
086 Sarntal,33,,65,52,117
086 Sarntal,34,,66,60,126
086 Sarntal,35,,44,47,91
086 Sarntal,36,,62,33,95
086 Sarntal,37,,40,48,88
086 Sarntal,38,,64,45,109
086 Sarntal,39,,46,39,85
086 Sarntal,40,,53,43,96
086 Sarntal,41,,38,44,82
086 Sarntal,42,,42,31,73
086 Sarntal,43,,42,38,80
086 Sarntal,44,,37,29,66
086 Sarntal,45,,42,31,73
086 Sarntal,46,,38,41,79
086 Sarntal,47,,45,34,79
086 Sarntal,48,,38,36,74
086 Sarntal,49,,51,25,76
086 Sarntal,50,,35,38,73
086 Sarntal,51,,41,28,69
086 Sarntal,52,,36,37,73
086 Sarntal,53,,30,31,61
086 Sarntal,54,,27,31,58
086 Sarntal,55,,43,41,84
086 Sarntal,56,,43,40,83
086 Sarntal,57,,33,34,67
086 Sarntal,58,,32,44,76
086 Sarntal,59,,40,32,72
086 Sarntal,60,,36,28,64
086 Sarntal,61,,26,34,60
086 Sarntal,62,,22,25,47
086 Sarntal,63,,25,25,50
086 Sarntal,64,,28,20,48
086 Sarntal,65,,23,24,47
086 Sarntal,66,,31,27,58
086 Sarntal,67,,20,25,45
086 Sarntal,68,,22,26,48
086 Sarntal,69,,20,30,50
086 Sarntal,70,,25,29,54
086 Sarntal,71,,20,34,54
086 Sarntal,72,,24,16,40
086 Sarntal,73,,22,26,48
086 Sarntal,74,,16,29,45
086 Sarntal,75,,15,28,43
086 Sarntal,76,,17,32,49
086 Sarntal,77,,10,18,28
086 Sarntal,78,,14,20,34
086 Sarntal,79,,7,20,27
086 Sarntal,80,,6,13,19
086 Sarntal,81,,3,11,14
086 Sarntal,82,,2,10,12
086 Sarntal,83,,4,7,11
086 Sarntal,84,,10,10,20
086 Sarntal,85,,11,13,24
086 Sarntal,86,,8,13,21
086 Sarntal,87,,7,10,17
086 Sarntal,88,,2,12,14
086 Sarntal,89,,3,6,9
086 Sarntal,90,,1,4,5
086 Sarntal,91,,2,6,8
086 Sarntal,92,,3,2,5
086 Sarntal,93,,2,1,3
086 Sarntal,94,,-,3,3
086 Sarntal,96,,1,1,2
086 Sarntal,97,,-,2,2
086 Sarntal,Insgesamt,,3.337,3.204,6.541
087 Schenna,0,,19,12,31
087 Schenna,1,,15,16,31
087 Schenna,2,,18,17,35
087 Schenna,3,,18,17,35
087 Schenna,4,,21,17,38
087 Schenna,5,,15,8,23
087 Schenna,6,,16,16,32
087 Schenna,7,,12,19,31
087 Schenna,8,,19,15,34
087 Schenna,9,,21,9,30
087 Schenna,10,,21,19,40
087 Schenna,11,,22,17,39
087 Schenna,12,,18,12,30
087 Schenna,13,,15,17,32
087 Schenna,14,,15,13,28
087 Schenna,15,,16,15,31
087 Schenna,16,,11,16,27
087 Schenna,17,,23,8,31
087 Schenna,18,,19,17,36
087 Schenna,19,,23,22,45
087 Schenna,20,,15,20,35
087 Schenna,21,,18,19,37
087 Schenna,22,,24,19,43
087 Schenna,23,,15,25,40
087 Schenna,24,,32,25,57
087 Schenna,25,,28,22,50
087 Schenna,26,,24,20,44
087 Schenna,27,,29,26,55
087 Schenna,28,,22,21,43
087 Schenna,29,,24,20,44
087 Schenna,30,,20,24,44
087 Schenna,31,,34,20,54
087 Schenna,32,,12,19,31
087 Schenna,33,,24,30,54
087 Schenna,34,,22,21,43
087 Schenna,35,,28,20,48
087 Schenna,36,,25,12,37
087 Schenna,37,,27,21,48
087 Schenna,38,,33,23,56
087 Schenna,39,,15,14,29
087 Schenna,40,,21,18,39
087 Schenna,41,,11,20,31
087 Schenna,42,,17,16,33
087 Schenna,43,,14,15,29
087 Schenna,44,,15,17,32
087 Schenna,45,,16,16,32
087 Schenna,46,,15,16,31
087 Schenna,47,,15,13,28
087 Schenna,48,,21,15,36
087 Schenna,49,,20,20,40
087 Schenna,50,,15,15,30
087 Schenna,51,,15,17,32
087 Schenna,52,,18,23,41
087 Schenna,53,,16,13,29
087 Schenna,54,,17,10,27
087 Schenna,55,,22,10,32
087 Schenna,56,,12,19,31
087 Schenna,57,,13,13,26
087 Schenna,58,,10,9,19
087 Schenna,59,,12,15,27
087 Schenna,60,,16,19,35
087 Schenna,61,,7,10,17
087 Schenna,62,,10,11,21
087 Schenna,63,,13,8,21
087 Schenna,64,,13,15,28
087 Schenna,65,,6,10,16
087 Schenna,66,,11,14,25
087 Schenna,67,,13,13,26
087 Schenna,68,,12,10,22
087 Schenna,69,,9,12,21
087 Schenna,70,,7,10,17
087 Schenna,71,,5,15,20
087 Schenna,72,,7,7,14
087 Schenna,73,,5,13,18
087 Schenna,74,,10,8,18
087 Schenna,75,,7,5,12
087 Schenna,76,,9,6,15
087 Schenna,77,,7,15,22
087 Schenna,78,,8,5,13
087 Schenna,79,,3,7,10
087 Schenna,80,,2,5,7
087 Schenna,81,,1,5,6
087 Schenna,82,,4,1,5
087 Schenna,83,,4,3,7
087 Schenna,84,,4,5,9
087 Schenna,85,,2,3,5
087 Schenna,86,,5,2,7
087 Schenna,88,,1,1,2
087 Schenna,89,,2,3,5
087 Schenna,90,,-,3,3
087 Schenna,91,,-,1,1
087 Schenna,92,,-,1,1
087 Schenna,94,,-,1,1
087 Schenna,96,,-,1,1
087 Schenna,Insgesamt,,1.346,1.281,2.627
088 Mühlwald,0,,11,11,22
088 Mühlwald,1,,10,9,19
088 Mühlwald,2,,14,13,27
088 Mühlwald,3,,13,4,17
088 Mühlwald,4,,10,5,15
088 Mühlwald,5,,14,12,26
088 Mühlwald,6,,5,6,11
088 Mühlwald,7,,11,7,18
088 Mühlwald,8,,9,6,15
088 Mühlwald,9,,16,8,24
088 Mühlwald,10,,7,3,10
088 Mühlwald,11,,9,14,23
088 Mühlwald,12,,6,7,13
088 Mühlwald,13,,12,18,30
088 Mühlwald,14,,11,19,30
088 Mühlwald,15,,12,10,22
088 Mühlwald,16,,8,17,25
088 Mühlwald,17,,15,14,29
088 Mühlwald,18,,21,6,27
088 Mühlwald,19,,8,20,28
088 Mühlwald,20,,12,14,26
088 Mühlwald,21,,8,8,16
088 Mühlwald,22,,15,13,28
088 Mühlwald,23,,11,10,21
088 Mühlwald,24,,10,9,19
088 Mühlwald,25,,16,10,26
088 Mühlwald,26,,10,10,20
088 Mühlwald,27,,20,14,34
088 Mühlwald,28,,10,11,21
088 Mühlwald,29,,17,17,34
088 Mühlwald,30,,17,10,27
088 Mühlwald,31,,17,14,31
088 Mühlwald,32,,15,8,23
088 Mühlwald,33,,19,12,31
088 Mühlwald,34,,16,8,24
088 Mühlwald,35,,11,10,21
088 Mühlwald,36,,9,13,22
088 Mühlwald,37,,6,10,16
088 Mühlwald,38,,16,9,25
088 Mühlwald,39,,14,5,19
088 Mühlwald,40,,10,7,17
088 Mühlwald,41,,14,12,26
088 Mühlwald,42,,7,8,15
088 Mühlwald,43,,8,7,15
088 Mühlwald,44,,10,4,14
088 Mühlwald,45,,13,9,22
088 Mühlwald,46,,10,8,18
088 Mühlwald,47,,10,4,14
088 Mühlwald,48,,5,9,14
088 Mühlwald,49,,9,3,12
088 Mühlwald,50,,12,4,16
088 Mühlwald,51,,10,7,17
088 Mühlwald,52,,9,3,12
088 Mühlwald,53,,6,4,10
088 Mühlwald,54,,8,4,12
088 Mühlwald,55,,12,2,14
088 Mühlwald,56,,6,7,13
088 Mühlwald,57,,4,8,12
088 Mühlwald,58,,3,8,11
088 Mühlwald,59,,6,11,17
088 Mühlwald,60,,9,4,13
088 Mühlwald,61,,11,3,14
088 Mühlwald,62,,5,4,9
088 Mühlwald,63,,5,4,9
088 Mühlwald,64,,3,10,13
088 Mühlwald,65,,4,10,14
088 Mühlwald,66,,1,2,3
088 Mühlwald,67,,8,6,14
088 Mühlwald,68,,5,6,11
088 Mühlwald,69,,10,10,20
088 Mühlwald,70,,4,4,8
088 Mühlwald,71,,10,3,13
088 Mühlwald,72,,4,6,10
088 Mühlwald,73,,4,4,8
088 Mühlwald,74,,7,5,12
088 Mühlwald,75,,1,6,7
088 Mühlwald,76,,1,6,7
088 Mühlwald,77,,-,6,6
088 Mühlwald,78,,2,2,4
088 Mühlwald,79,,-,2,2
088 Mühlwald,80,,1,4,5
088 Mühlwald,81,,4,2,6
088 Mühlwald,82,,-,1,1
088 Mühlwald,83,,-,3,3
088 Mühlwald,84,,1,3,4
088 Mühlwald,85,,-,3,3
088 Mühlwald,87,,1,2,3
088 Mühlwald,88,,-,1,1
088 Mühlwald,90,,1,-,1
088 Mühlwald,91,,1,-,1
088 Mühlwald,92,,-,2,2
088 Mühlwald,93,,-,1,1
088 Mühlwald,Insgesamt,,766,678,1.444
089 Wolkenstein in Gröden,0,,13,23,36
089 Wolkenstein in Gröden,1,,23,28,51
089 Wolkenstein in Gröden,2,,12,11,23
089 Wolkenstein in Gröden,3,,18,12,30
089 Wolkenstein in Gröden,4,,16,17,33
089 Wolkenstein in Gröden,5,,13,13,26
089 Wolkenstein in Gröden,6,,23,12,35
089 Wolkenstein in Gröden,7,,18,15,33
089 Wolkenstein in Gröden,8,,12,12,24
089 Wolkenstein in Gröden,9,,17,14,31
089 Wolkenstein in Gröden,10,,15,16,31
089 Wolkenstein in Gröden,11,,12,19,31
089 Wolkenstein in Gröden,12,,16,14,30
089 Wolkenstein in Gröden,13,,16,10,26
089 Wolkenstein in Gröden,14,,13,11,24
089 Wolkenstein in Gröden,15,,17,9,26
089 Wolkenstein in Gröden,16,,11,17,28
089 Wolkenstein in Gröden,17,,16,12,28
089 Wolkenstein in Gröden,18,,15,16,31
089 Wolkenstein in Gröden,19,,7,15,22
089 Wolkenstein in Gröden,20,,9,12,21
089 Wolkenstein in Gröden,21,,12,12,24
089 Wolkenstein in Gröden,22,,18,19,37
089 Wolkenstein in Gröden,23,,22,18,40
089 Wolkenstein in Gröden,24,,12,16,28
089 Wolkenstein in Gröden,25,,28,24,52
089 Wolkenstein in Gröden,26,,13,17,30
089 Wolkenstein in Gröden,27,,20,26,46
089 Wolkenstein in Gröden,28,,18,24,42
089 Wolkenstein in Gröden,29,,26,22,48
089 Wolkenstein in Gröden,30,,28,24,52
089 Wolkenstein in Gröden,31,,31,26,57
089 Wolkenstein in Gröden,32,,28,22,50
089 Wolkenstein in Gröden,33,,25,31,56
089 Wolkenstein in Gröden,34,,30,22,52
089 Wolkenstein in Gröden,35,,22,19,41
089 Wolkenstein in Gröden,36,,20,23,43
089 Wolkenstein in Gröden,37,,27,26,53
089 Wolkenstein in Gröden,38,,22,22,44
089 Wolkenstein in Gröden,39,,16,16,32
089 Wolkenstein in Gröden,40,,19,17,36
089 Wolkenstein in Gröden,41,,19,16,35
089 Wolkenstein in Gröden,42,,12,13,25
089 Wolkenstein in Gröden,43,,14,11,25
089 Wolkenstein in Gröden,44,,17,10,27
089 Wolkenstein in Gröden,45,,8,14,22
089 Wolkenstein in Gröden,46,,12,7,19
089 Wolkenstein in Gröden,47,,15,11,26
089 Wolkenstein in Gröden,48,,7,17,24
089 Wolkenstein in Gröden,49,,17,12,29
089 Wolkenstein in Gröden,50,,14,14,28
089 Wolkenstein in Gröden,51,,12,17,29
089 Wolkenstein in Gröden,52,,16,19,35
089 Wolkenstein in Gröden,53,,6,14,20
089 Wolkenstein in Gröden,54,,14,11,25
089 Wolkenstein in Gröden,55,,21,16,37
089 Wolkenstein in Gröden,56,,15,13,28
089 Wolkenstein in Gröden,57,,18,19,37
089 Wolkenstein in Gröden,58,,18,18,36
089 Wolkenstein in Gröden,59,,20,17,37
089 Wolkenstein in Gröden,60,,22,8,30
089 Wolkenstein in Gröden,61,,12,19,31
089 Wolkenstein in Gröden,62,,10,15,25
089 Wolkenstein in Gröden,63,,15,10,25
089 Wolkenstein in Gröden,64,,18,10,28
089 Wolkenstein in Gröden,65,,7,11,18
089 Wolkenstein in Gröden,66,,6,10,16
089 Wolkenstein in Gröden,67,,11,10,21
089 Wolkenstein in Gröden,68,,10,12,22
089 Wolkenstein in Gröden,69,,10,7,17
089 Wolkenstein in Gröden,70,,7,12,19
089 Wolkenstein in Gröden,71,,11,8,19
089 Wolkenstein in Gröden,72,,9,6,15
089 Wolkenstein in Gröden,73,,8,8,16
089 Wolkenstein in Gröden,74,,3,13,16
089 Wolkenstein in Gröden,75,,6,6,12
089 Wolkenstein in Gröden,76,,6,10,16
089 Wolkenstein in Gröden,77,,2,6,8
089 Wolkenstein in Gröden,78,,4,4,8
089 Wolkenstein in Gröden,79,,1,3,4
089 Wolkenstein in Gröden,80,,-,2,2
089 Wolkenstein in Gröden,81,,1,4,5
089 Wolkenstein in Gröden,82,,-,3,3
089 Wolkenstein in Gröden,83,,1,4,5
089 Wolkenstein in Gröden,84,,3,4,7
089 Wolkenstein in Gröden,85,,1,2,3
089 Wolkenstein in Gröden,86,,1,6,7
089 Wolkenstein in Gröden,87,,1,5,6
089 Wolkenstein in Gröden,88,,3,2,5
089 Wolkenstein in Gröden,89,,2,2,4
089 Wolkenstein in Gröden,90,,1,4,5
089 Wolkenstein in Gröden,91,,-,1,1
089 Wolkenstein in Gröden,93,,1,1,2
089 Wolkenstein in Gröden,94,,-,2,2
089 Wolkenstein in Gröden,95,,-,1,1
089 Wolkenstein in Gröden,Insgesamt,,1.217,1.234,2.451
091 Schnals,0,,6,15,21
091 Schnals,1,,12,8,20
091 Schnals,2,,6,13,19
091 Schnals,3,,5,9,14
091 Schnals,4,,4,8,12
091 Schnals,5,,12,4,16
091 Schnals,6,,13,11,24
091 Schnals,7,,13,9,22
091 Schnals,8,,5,7,12
091 Schnals,9,,21,9,30
091 Schnals,10,,10,5,15
091 Schnals,11,,12,11,23
091 Schnals,12,,10,10,20
091 Schnals,13,,7,9,16
091 Schnals,14,,12,16,28
091 Schnals,15,,10,10,20
091 Schnals,16,,12,8,20
091 Schnals,17,,16,10,26
091 Schnals,18,,14,12,26
091 Schnals,19,,12,9,21
091 Schnals,20,,13,8,21
091 Schnals,21,,8,8,16
091 Schnals,22,,13,4,17
091 Schnals,23,,7,11,18
091 Schnals,24,,15,8,23
091 Schnals,25,,8,11,19
091 Schnals,26,,9,9,18
091 Schnals,27,,11,11,22
091 Schnals,28,,10,11,21
091 Schnals,29,,15,12,27
091 Schnals,30,,10,10,20
091 Schnals,31,,18,11,29
091 Schnals,32,,15,13,28
091 Schnals,33,,19,7,26
091 Schnals,34,,6,10,16
091 Schnals,35,,11,15,26
091 Schnals,36,,16,12,28
091 Schnals,37,,10,14,24
091 Schnals,38,,10,8,18
091 Schnals,39,,15,12,27
091 Schnals,40,,14,12,26
091 Schnals,41,,12,5,17
091 Schnals,42,,14,6,20
091 Schnals,43,,11,6,17
091 Schnals,44,,10,9,19
091 Schnals,45,,12,8,20
091 Schnals,46,,13,7,20
091 Schnals,47,,12,8,20
091 Schnals,48,,11,6,17
091 Schnals,49,,11,10,21
091 Schnals,50,,3,2,5
091 Schnals,51,,11,8,19
091 Schnals,52,,5,6,11
091 Schnals,53,,9,4,13
091 Schnals,54,,5,7,12
091 Schnals,55,,7,10,17
091 Schnals,56,,4,4,8
091 Schnals,57,,5,5,10
091 Schnals,58,,8,7,15
091 Schnals,59,,7,7,14
091 Schnals,60,,3,11,14
091 Schnals,61,,7,5,12
091 Schnals,62,,6,6,12
091 Schnals,63,,5,5,10
091 Schnals,64,,3,4,7
091 Schnals,65,,7,5,12
091 Schnals,66,,3,10,13
091 Schnals,67,,3,5,8
091 Schnals,68,,1,5,6
091 Schnals,69,,8,6,14
091 Schnals,70,,2,7,9
091 Schnals,71,,3,7,10
091 Schnals,72,,9,4,13
091 Schnals,73,,7,10,17
091 Schnals,74,,4,7,11
091 Schnals,75,,1,2,3
091 Schnals,76,,8,4,12
091 Schnals,77,,1,6,7
091 Schnals,78,,3,7,10
091 Schnals,79,,2,1,3
091 Schnals,80,,3,3,6
091 Schnals,81,,-,4,4
091 Schnals,82,,1,2,3
091 Schnals,83,,4,2,6
091 Schnals,84,,2,2,4
091 Schnals,85,,-,2,2
091 Schnals,86,,2,2,4
091 Schnals,87,,-,2,2
091 Schnals,88,,-,2,2
091 Schnals,89,,-,2,2
091 Schnals,93,,-,1,1
091 Schnals,95,,-,1,1
091 Schnals,96,,1,-,1
091 Schnals,Insgesamt,,734,677,1.411
092 Sexten,0,,12,9,21
092 Sexten,1,,10,11,21
092 Sexten,2,,13,12,25
092 Sexten,3,,14,15,29
092 Sexten,4,,15,11,26
092 Sexten,5,,8,5,13
092 Sexten,6,,14,10,24
092 Sexten,7,,13,11,24
092 Sexten,8,,10,20,30
092 Sexten,9,,10,9,19
092 Sexten,10,,9,6,15
092 Sexten,11,,13,9,22
092 Sexten,12,,7,9,16
092 Sexten,13,,12,11,23
092 Sexten,14,,7,12,19
092 Sexten,15,,11,9,20
092 Sexten,16,,11,19,30
092 Sexten,17,,14,13,27
092 Sexten,18,,16,8,24
092 Sexten,19,,11,17,28
092 Sexten,20,,10,14,24
092 Sexten,21,,10,7,17
092 Sexten,22,,17,11,28
092 Sexten,23,,9,10,19
092 Sexten,24,,8,8,16
092 Sexten,25,,10,8,18
092 Sexten,26,,15,14,29
092 Sexten,27,,15,20,35
092 Sexten,28,,14,21,35
092 Sexten,29,,23,16,39
092 Sexten,30,,17,19,36
092 Sexten,31,,24,16,40
092 Sexten,32,,18,18,36
092 Sexten,33,,22,18,40
092 Sexten,34,,20,17,37
092 Sexten,35,,30,18,48
092 Sexten,36,,15,14,29
092 Sexten,37,,21,14,35
092 Sexten,38,,20,10,30
092 Sexten,39,,16,16,32
092 Sexten,40,,22,17,39
092 Sexten,41,,17,14,31
092 Sexten,42,,14,14,28
092 Sexten,43,,13,13,26
092 Sexten,44,,11,11,22
092 Sexten,45,,6,11,17
092 Sexten,46,,6,11,17
092 Sexten,47,,7,8,15
092 Sexten,48,,13,7,20
092 Sexten,49,,9,5,14
092 Sexten,50,,10,6,16
092 Sexten,51,,13,4,17
092 Sexten,52,,6,9,15
092 Sexten,53,,10,4,14
092 Sexten,54,,7,12,19
092 Sexten,55,,8,6,14
092 Sexten,56,,5,7,12
092 Sexten,57,,10,15,25
092 Sexten,58,,8,14,22
092 Sexten,59,,7,10,17
092 Sexten,60,,14,12,26
092 Sexten,61,,12,9,21
092 Sexten,62,,9,11,20
092 Sexten,63,,12,15,27
092 Sexten,64,,13,7,20
092 Sexten,65,,6,11,17
092 Sexten,66,,7,8,15
092 Sexten,67,,12,14,26
092 Sexten,68,,10,12,22
092 Sexten,69,,8,12,20
092 Sexten,70,,11,13,24
092 Sexten,71,,13,18,31
092 Sexten,72,,7,4,11
092 Sexten,73,,10,12,22
092 Sexten,74,,6,10,16
092 Sexten,75,,8,10,18
092 Sexten,76,,8,12,20
092 Sexten,77,,4,10,14
092 Sexten,78,,2,5,7
092 Sexten,79,,3,4,7
092 Sexten,80,,-,1,1
092 Sexten,81,,2,2,4
092 Sexten,82,,2,2,4
092 Sexten,83,,3,-,3
092 Sexten,84,,2,2,4
092 Sexten,85,,-,6,6
092 Sexten,86,,2,5,7
092 Sexten,87,,-,1,1
092 Sexten,88,,-,1,1
092 Sexten,89,,-,1,1
092 Sexten,90,,-,4,4
092 Sexten,91,,-,1,1
092 Sexten,92,,-,2,2
092 Sexten,93,,-,1,1
092 Sexten,95,,-,1,1
092 Sexten,100,,-,1,1
092 Sexten,Insgesamt,,952,953,1.905
093 Schlanders,0,,41,35,76
093 Schlanders,1,,53,49,102
093 Schlanders,2,,48,39,87
093 Schlanders,3,,34,28,62
093 Schlanders,4,,41,38,79
093 Schlanders,5,,42,47,89
093 Schlanders,6,,34,40,74
093 Schlanders,7,,39,36,75
093 Schlanders,8,,50,43,93
093 Schlanders,9,,38,36,74
093 Schlanders,10,,32,45,77
093 Schlanders,11,,37,32,69
093 Schlanders,12,,36,34,70
093 Schlanders,13,,42,38,80
093 Schlanders,14,,36,37,73
093 Schlanders,15,,32,34,66
093 Schlanders,16,,53,38,91
093 Schlanders,17,,47,36,83
093 Schlanders,18,,34,35,69
093 Schlanders,19,,37,40,77
093 Schlanders,20,,50,31,81
093 Schlanders,21,,36,35,71
093 Schlanders,22,,37,27,64
093 Schlanders,23,,42,39,81
093 Schlanders,24,,51,42,93
093 Schlanders,25,,52,44,96
093 Schlanders,26,,52,39,91
093 Schlanders,27,,53,48,101
093 Schlanders,28,,45,46,91
093 Schlanders,29,,58,43,101
093 Schlanders,30,,49,40,89
093 Schlanders,31,,54,45,99
093 Schlanders,32,,52,57,109
093 Schlanders,33,,55,50,105
093 Schlanders,34,,46,45,91
093 Schlanders,35,,55,59,114
093 Schlanders,36,,55,48,103
093 Schlanders,37,,50,54,104
093 Schlanders,38,,50,46,96
093 Schlanders,39,,48,41,89
093 Schlanders,40,,52,54,106
093 Schlanders,41,,46,39,85
093 Schlanders,42,,28,34,62
093 Schlanders,43,,32,36,68
093 Schlanders,44,,31,33,64
093 Schlanders,45,,32,35,67
093 Schlanders,46,,32,25,57
093 Schlanders,47,,30,32,62
093 Schlanders,48,,24,32,56
093 Schlanders,49,,29,35,64
093 Schlanders,50,,35,28,63
093 Schlanders,51,,24,25,49
093 Schlanders,52,,29,20,49
093 Schlanders,53,,30,18,48
093 Schlanders,54,,30,33,63
093 Schlanders,55,,30,31,61
093 Schlanders,56,,39,37,76
093 Schlanders,57,,36,37,73
093 Schlanders,58,,28,30,58
093 Schlanders,59,,30,36,66
093 Schlanders,60,,20,20,40
093 Schlanders,61,,27,26,53
093 Schlanders,62,,23,26,49
093 Schlanders,63,,19,28,47
093 Schlanders,64,,23,27,50
093 Schlanders,65,,23,34,57
093 Schlanders,66,,23,20,43
093 Schlanders,67,,26,21,47
093 Schlanders,68,,26,30,56
093 Schlanders,69,,14,19,33
093 Schlanders,70,,20,24,44
093 Schlanders,71,,20,27,47
093 Schlanders,72,,17,27,44
093 Schlanders,73,,13,21,34
093 Schlanders,74,,18,19,37
093 Schlanders,75,,12,19,31
093 Schlanders,76,,10,18,28
093 Schlanders,77,,9,11,20
093 Schlanders,78,,4,23,27
093 Schlanders,79,,9,15,24
093 Schlanders,80,,9,19,28
093 Schlanders,81,,8,2,10
093 Schlanders,82,,4,11,15
093 Schlanders,83,,6,5,11
093 Schlanders,84,,7,18,25
093 Schlanders,85,,7,13,20
093 Schlanders,86,,7,13,20
093 Schlanders,87,,3,14,17
093 Schlanders,88,,2,8,10
093 Schlanders,89,,2,8,10
093 Schlanders,90,,2,7,9
093 Schlanders,91,,1,-,1
093 Schlanders,92,,2,5,7
093 Schlanders,93,,1,2,3
093 Schlanders,94,,2,3,5
093 Schlanders,95,,-,4,4
093 Schlanders,96,,-,1,1
093 Schlanders,97,,-,1,1
093 Schlanders,Insgesamt,,2.862,2.878,5.740
094 Schluderns,0,,6,9,15
094 Schluderns,1,,15,11,26
094 Schluderns,2,,11,17,28
094 Schluderns,3,,9,13,22
094 Schluderns,4,,15,19,34
094 Schluderns,5,,17,6,23
094 Schluderns,6,,8,8,16
094 Schluderns,7,,9,9,18
094 Schluderns,8,,21,7,28
094 Schluderns,9,,15,13,28
094 Schluderns,10,,11,13,24
094 Schluderns,11,,6,11,17
094 Schluderns,12,,13,21,34
094 Schluderns,13,,17,11,28
094 Schluderns,14,,17,14,31
094 Schluderns,15,,13,8,21
094 Schluderns,16,,9,11,20
094 Schluderns,17,,18,14,32
094 Schluderns,18,,8,9,17
094 Schluderns,19,,7,19,26
094 Schluderns,20,,12,14,26
094 Schluderns,21,,13,16,29
094 Schluderns,22,,9,15,24
094 Schluderns,23,,14,6,20
094 Schluderns,24,,18,11,29
094 Schluderns,25,,22,15,37
094 Schluderns,26,,14,14,28
094 Schluderns,27,,13,15,28
094 Schluderns,28,,10,14,24
094 Schluderns,29,,19,9,28
094 Schluderns,30,,18,16,34
094 Schluderns,31,,16,14,30
094 Schluderns,32,,16,19,35
094 Schluderns,33,,26,10,36
094 Schluderns,34,,24,12,36
094 Schluderns,35,,15,20,35
094 Schluderns,36,,13,22,35
094 Schluderns,37,,18,15,33
094 Schluderns,38,,11,7,18
094 Schluderns,39,,11,21,32
094 Schluderns,40,,9,12,21
094 Schluderns,41,,14,6,20
094 Schluderns,42,,12,17,29
094 Schluderns,43,,18,10,28
094 Schluderns,44,,12,6,18
094 Schluderns,45,,11,6,17
094 Schluderns,46,,8,5,13
094 Schluderns,47,,11,3,14
094 Schluderns,48,,6,14,20
094 Schluderns,49,,13,9,22
094 Schluderns,50,,12,8,20
094 Schluderns,51,,7,4,11
094 Schluderns,52,,8,10,18
094 Schluderns,53,,6,3,9
094 Schluderns,54,,4,12,16
094 Schluderns,55,,3,7,10
094 Schluderns,56,,7,8,15
094 Schluderns,57,,11,14,25
094 Schluderns,58,,8,5,13
094 Schluderns,59,,13,8,21
094 Schluderns,60,,10,10,20
094 Schluderns,61,,8,8,16
094 Schluderns,62,,4,7,11
094 Schluderns,63,,6,10,16
094 Schluderns,64,,11,12,23
094 Schluderns,65,,4,10,14
094 Schluderns,66,,11,9,20
094 Schluderns,67,,4,7,11
094 Schluderns,68,,8,10,18
094 Schluderns,69,,10,7,17
094 Schluderns,70,,7,10,17
094 Schluderns,71,,9,1,10
094 Schluderns,72,,5,15,20
094 Schluderns,73,,3,6,9
094 Schluderns,74,,3,5,8
094 Schluderns,75,,2,5,7
094 Schluderns,76,,9,6,15
094 Schluderns,77,,2,9,11
094 Schluderns,78,,1,3,4
094 Schluderns,79,,3,6,9
094 Schluderns,80,,3,2,5
094 Schluderns,81,,2,2,4
094 Schluderns,82,,3,5,8
094 Schluderns,83,,1,3,4
094 Schluderns,84,,2,4,6
094 Schluderns,85,,1,2,3
094 Schluderns,86,,1,7,8
094 Schluderns,87,,1,2,3
094 Schluderns,88,,1,1,2
094 Schluderns,89,,2,2,4
094 Schluderns,90,,1,1,2
094 Schluderns,91,,-,1,1
094 Schluderns,93,,-,3,3
094 Schluderns,Insgesamt,,888,886,1.774
095 Stilfs,0,,6,3,9
095 Stilfs,1,,10,10,20
095 Stilfs,2,,12,2,14
095 Stilfs,3,,6,7,13
095 Stilfs,4,,8,8,16
095 Stilfs,5,,5,16,21
095 Stilfs,6,,4,9,13
095 Stilfs,7,,13,5,18
095 Stilfs,8,,17,7,24
095 Stilfs,9,,9,6,15
095 Stilfs,10,,6,4,10
095 Stilfs,11,,6,6,12
095 Stilfs,12,,9,8,17
095 Stilfs,13,,13,5,18
095 Stilfs,14,,15,5,20
095 Stilfs,15,,8,7,15
095 Stilfs,16,,12,5,17
095 Stilfs,17,,10,3,13
095 Stilfs,18,,8,4,12
095 Stilfs,19,,6,8,14
095 Stilfs,20,,10,7,17
095 Stilfs,21,,10,13,23
095 Stilfs,22,,14,4,18
095 Stilfs,23,,10,10,20
095 Stilfs,24,,10,8,18
095 Stilfs,25,,4,20,24
095 Stilfs,26,,14,10,24
095 Stilfs,27,,14,13,27
095 Stilfs,28,,12,16,28
095 Stilfs,29,,11,15,26
095 Stilfs,30,,13,11,24
095 Stilfs,31,,11,9,20
095 Stilfs,32,,17,8,25
095 Stilfs,33,,11,12,23
095 Stilfs,34,,12,5,17
095 Stilfs,35,,9,5,14
095 Stilfs,36,,10,14,24
095 Stilfs,37,,12,4,16
095 Stilfs,38,,10,7,17
095 Stilfs,39,,10,8,18
095 Stilfs,40,,6,12,18
095 Stilfs,41,,11,6,17
095 Stilfs,42,,5,12,17
095 Stilfs,43,,5,4,9
095 Stilfs,44,,14,10,24
095 Stilfs,45,,11,4,15
095 Stilfs,46,,11,5,16
095 Stilfs,47,,14,10,24
095 Stilfs,48,,4,10,14
095 Stilfs,49,,8,3,11
095 Stilfs,50,,10,10,20
095 Stilfs,51,,5,5,10
095 Stilfs,52,,10,10,20
095 Stilfs,53,,2,5,7
095 Stilfs,54,,14,7,21
095 Stilfs,55,,9,8,17
095 Stilfs,56,,7,14,21
095 Stilfs,57,,9,4,13
095 Stilfs,58,,7,12,19
095 Stilfs,59,,6,12,18
095 Stilfs,60,,6,6,12
095 Stilfs,61,,8,7,15
095 Stilfs,62,,3,10,13
095 Stilfs,63,,3,9,12
095 Stilfs,64,,5,4,9
095 Stilfs,65,,6,6,12
095 Stilfs,66,,6,7,13
095 Stilfs,67,,5,4,9
095 Stilfs,68,,7,9,16
095 Stilfs,69,,6,1,7
095 Stilfs,70,,3,10,13
095 Stilfs,71,,6,9,15
095 Stilfs,72,,7,5,12
095 Stilfs,73,,7,3,10
095 Stilfs,74,,1,12,13
095 Stilfs,75,,5,5,10
095 Stilfs,76,,3,6,9
095 Stilfs,77,,2,6,8
095 Stilfs,78,,2,10,12
095 Stilfs,79,,4,1,5
095 Stilfs,80,,2,3,5
095 Stilfs,81,,-,3,3
095 Stilfs,82,,-,4,4
095 Stilfs,83,,1,2,3
095 Stilfs,84,,2,4,6
095 Stilfs,85,,-,1,1
095 Stilfs,86,,1,4,5
095 Stilfs,87,,-,4,4
095 Stilfs,88,,1,3,4
095 Stilfs,89,,2,3,5
095 Stilfs,90,,-,1,1
095 Stilfs,91,,1,1,2
095 Stilfs,92,,-,1,1
095 Stilfs,Insgesamt,,680,654,1.334
096 Terenten,0,,19,18,37
096 Terenten,1,,8,7,15
096 Terenten,2,,11,11,22
096 Terenten,3,,11,8,19
096 Terenten,4,,13,16,29
096 Terenten,5,,7,14,21
096 Terenten,6,,10,9,19
096 Terenten,7,,6,16,22
096 Terenten,8,,14,18,32
096 Terenten,9,,14,7,21
096 Terenten,10,,10,8,18
096 Terenten,11,,16,6,22
096 Terenten,12,,10,10,20
096 Terenten,13,,11,14,25
096 Terenten,14,,13,12,25
096 Terenten,15,,15,16,31
096 Terenten,16,,12,9,21
096 Terenten,17,,13,6,19
096 Terenten,18,,11,14,25
096 Terenten,19,,10,10,20
096 Terenten,20,,16,16,32
096 Terenten,21,,11,8,19
096 Terenten,22,,17,10,27
096 Terenten,23,,17,10,27
096 Terenten,24,,15,13,28
096 Terenten,25,,4,17,21
096 Terenten,26,,18,11,29
096 Terenten,27,,14,15,29
096 Terenten,28,,21,12,33
096 Terenten,29,,13,11,24
096 Terenten,30,,11,15,26
096 Terenten,31,,15,16,31
096 Terenten,32,,14,18,32
096 Terenten,33,,15,10,25
096 Terenten,34,,15,15,30
096 Terenten,35,,25,14,39
096 Terenten,36,,20,12,32
096 Terenten,37,,11,16,27
096 Terenten,38,,12,9,21
096 Terenten,39,,13,11,24
096 Terenten,40,,13,8,21
096 Terenten,41,,12,9,21
096 Terenten,42,,11,12,23
096 Terenten,43,,12,10,22
096 Terenten,44,,16,11,27
096 Terenten,45,,9,6,15
096 Terenten,46,,7,7,14
096 Terenten,47,,5,6,11
096 Terenten,48,,10,7,17
096 Terenten,49,,10,5,15
096 Terenten,50,,10,8,18
096 Terenten,51,,7,3,10
096 Terenten,52,,7,4,11
096 Terenten,53,,7,3,10
096 Terenten,54,,3,6,9
096 Terenten,55,,8,4,12
096 Terenten,56,,6,5,11
096 Terenten,57,,7,4,11
096 Terenten,58,,7,5,12
096 Terenten,59,,2,6,8
096 Terenten,60,,6,9,15
096 Terenten,61,,7,5,12
096 Terenten,62,,4,9,13
096 Terenten,63,,7,5,12
096 Terenten,64,,2,5,7
096 Terenten,65,,6,3,9
096 Terenten,66,,4,4,8
096 Terenten,67,,6,11,17
096 Terenten,68,,6,7,13
096 Terenten,69,,6,4,10
096 Terenten,70,,8,7,15
096 Terenten,71,,2,4,6
096 Terenten,72,,3,10,13
096 Terenten,73,,6,3,9
096 Terenten,74,,1,7,8
096 Terenten,75,,4,4,8
096 Terenten,76,,4,1,5
096 Terenten,77,,1,5,6
096 Terenten,78,,4,3,7
096 Terenten,79,,1,4,5
096 Terenten,80,,1,3,4
096 Terenten,81,,1,1,2
096 Terenten,82,,1,2,3
096 Terenten,83,,-,1,1
096 Terenten,84,,2,3,5
096 Terenten,85,,1,1,2
096 Terenten,86,,-,1,1
096 Terenten,88,,1,2,3
096 Terenten,89,,-,1,1
096 Terenten,90,,-,2,2
096 Terenten,91,,-,1,1
096 Terenten,92,,1,-,1
096 Terenten,93,,1,-,1
096 Terenten,98,,1,-,1
096 Terenten,Insgesamt,,798,745,1.543
097 Terlan,0,,18,15,33
097 Terlan,1,,23,30,53
097 Terlan,2,,17,21,38
097 Terlan,3,,28,21,49
097 Terlan,4,,19,16,35
097 Terlan,5,,22,19,41
097 Terlan,6,,25,28,53
097 Terlan,7,,24,19,43
097 Terlan,8,,12,20,32
097 Terlan,9,,23,30,53
097 Terlan,10,,21,17,38
097 Terlan,11,,23,16,39
097 Terlan,12,,18,21,39
097 Terlan,13,,26,17,43
097 Terlan,14,,11,11,22
097 Terlan,15,,24,16,40
097 Terlan,16,,21,16,37
097 Terlan,17,,15,15,30
097 Terlan,18,,25,24,49
097 Terlan,19,,18,26,44
097 Terlan,20,,16,16,32
097 Terlan,21,,28,21,49
097 Terlan,22,,29,23,52
097 Terlan,23,,21,16,37
097 Terlan,24,,27,28,55
097 Terlan,25,,20,25,45
097 Terlan,26,,39,16,55
097 Terlan,27,,29,25,54
097 Terlan,28,,30,34,64
097 Terlan,29,,38,31,69
097 Terlan,30,,38,32,70
097 Terlan,31,,28,35,63
097 Terlan,32,,37,19,56
097 Terlan,33,,27,28,55
097 Terlan,34,,30,30,60
097 Terlan,35,,28,33,61
097 Terlan,36,,30,35,65
097 Terlan,37,,42,25,67
097 Terlan,38,,25,31,56
097 Terlan,39,,21,23,44
097 Terlan,40,,30,27,57
097 Terlan,41,,20,29,49
097 Terlan,42,,28,30,58
097 Terlan,43,,20,22,42
097 Terlan,44,,23,20,43
097 Terlan,45,,17,24,41
097 Terlan,46,,23,22,45
097 Terlan,47,,20,19,39
097 Terlan,48,,23,22,45
097 Terlan,49,,21,15,36
097 Terlan,50,,22,24,46
097 Terlan,51,,14,18,32
097 Terlan,52,,16,27,43
097 Terlan,53,,22,21,43
097 Terlan,54,,23,26,49
097 Terlan,55,,19,29,48
097 Terlan,56,,36,19,55
097 Terlan,57,,19,26,45
097 Terlan,58,,22,15,37
097 Terlan,59,,17,19,36
097 Terlan,60,,22,18,40
097 Terlan,61,,15,18,33
097 Terlan,62,,9,13,22
097 Terlan,63,,16,24,40
097 Terlan,64,,7,24,31
097 Terlan,65,,16,16,32
097 Terlan,66,,16,11,27
097 Terlan,67,,21,15,36
097 Terlan,68,,16,16,32
097 Terlan,69,,13,15,28
097 Terlan,70,,14,13,27
097 Terlan,71,,11,13,24
097 Terlan,72,,13,21,34
097 Terlan,73,,12,13,25
097 Terlan,74,,8,15,23
097 Terlan,75,,8,24,32
097 Terlan,76,,10,13,23
097 Terlan,77,,8,15,23
097 Terlan,78,,2,9,11
097 Terlan,79,,-,10,10
097 Terlan,80,,6,3,9
097 Terlan,81,,1,3,4
097 Terlan,82,,-,6,6
097 Terlan,83,,3,6,9
097 Terlan,84,,-,10,10
097 Terlan,85,,6,10,16
097 Terlan,86,,1,7,8
097 Terlan,87,,-,11,11
097 Terlan,88,,2,5,7
097 Terlan,89,,4,2,6
097 Terlan,90,,1,2,3
097 Terlan,91,,-,4,4
097 Terlan,92,,1,1,2
097 Terlan,93,,-,1,1
097 Terlan,Insgesamt,,1.693,1.765,3.458
098 Tramin a.d. Weinstr.,0,,14,17,31
098 Tramin a.d. Weinstr.,1,,32,19,51
098 Tramin a.d. Weinstr.,2,,22,28,50
098 Tramin a.d. Weinstr.,3,,18,21,39
098 Tramin a.d. Weinstr.,4,,22,24,46
098 Tramin a.d. Weinstr.,5,,16,16,32
098 Tramin a.d. Weinstr.,6,,20,26,46
098 Tramin a.d. Weinstr.,7,,18,11,29
098 Tramin a.d. Weinstr.,8,,26,21,47
098 Tramin a.d. Weinstr.,9,,11,31,42
098 Tramin a.d. Weinstr.,10,,12,25,37
098 Tramin a.d. Weinstr.,11,,18,24,42
098 Tramin a.d. Weinstr.,12,,10,16,26
098 Tramin a.d. Weinstr.,13,,19,22,41
098 Tramin a.d. Weinstr.,14,,20,16,36
098 Tramin a.d. Weinstr.,15,,15,14,29
098 Tramin a.d. Weinstr.,16,,25,17,42
098 Tramin a.d. Weinstr.,17,,29,19,48
098 Tramin a.d. Weinstr.,18,,19,13,32
098 Tramin a.d. Weinstr.,19,,14,14,28
098 Tramin a.d. Weinstr.,20,,11,19,30
098 Tramin a.d. Weinstr.,21,,17,22,39
098 Tramin a.d. Weinstr.,22,,20,17,37
098 Tramin a.d. Weinstr.,23,,19,16,35
098 Tramin a.d. Weinstr.,24,,22,13,35
098 Tramin a.d. Weinstr.,25,,20,14,34
098 Tramin a.d. Weinstr.,26,,17,24,41
098 Tramin a.d. Weinstr.,27,,26,30,56
098 Tramin a.d. Weinstr.,28,,25,23,48
098 Tramin a.d. Weinstr.,29,,32,27,59
098 Tramin a.d. Weinstr.,30,,26,26,52
098 Tramin a.d. Weinstr.,31,,24,27,51
098 Tramin a.d. Weinstr.,32,,31,29,60
098 Tramin a.d. Weinstr.,33,,33,30,63
098 Tramin a.d. Weinstr.,34,,25,27,52
098 Tramin a.d. Weinstr.,35,,26,31,57
098 Tramin a.d. Weinstr.,36,,21,15,36
098 Tramin a.d. Weinstr.,37,,34,26,60
098 Tramin a.d. Weinstr.,38,,31,32,63
098 Tramin a.d. Weinstr.,39,,21,32,53
098 Tramin a.d. Weinstr.,40,,23,23,46
098 Tramin a.d. Weinstr.,41,,18,19,37
098 Tramin a.d. Weinstr.,42,,23,19,42
098 Tramin a.d. Weinstr.,43,,17,17,34
098 Tramin a.d. Weinstr.,44,,17,17,34
098 Tramin a.d. Weinstr.,45,,16,15,31
098 Tramin a.d. Weinstr.,46,,19,18,37
098 Tramin a.d. Weinstr.,47,,9,14,23
098 Tramin a.d. Weinstr.,48,,17,18,35
098 Tramin a.d. Weinstr.,49,,17,15,32
098 Tramin a.d. Weinstr.,50,,18,18,36
098 Tramin a.d. Weinstr.,51,,14,23,37
098 Tramin a.d. Weinstr.,52,,28,18,46
098 Tramin a.d. Weinstr.,53,,9,9,18
098 Tramin a.d. Weinstr.,54,,24,23,47
098 Tramin a.d. Weinstr.,55,,19,21,40
098 Tramin a.d. Weinstr.,56,,20,19,39
098 Tramin a.d. Weinstr.,57,,13,24,37
098 Tramin a.d. Weinstr.,58,,21,17,38
098 Tramin a.d. Weinstr.,59,,14,14,28
098 Tramin a.d. Weinstr.,60,,9,21,30
098 Tramin a.d. Weinstr.,61,,15,13,28
098 Tramin a.d. Weinstr.,62,,14,15,29
098 Tramin a.d. Weinstr.,63,,15,14,29
098 Tramin a.d. Weinstr.,64,,12,12,24
098 Tramin a.d. Weinstr.,65,,11,16,27
098 Tramin a.d. Weinstr.,66,,13,19,32
098 Tramin a.d. Weinstr.,67,,9,21,30
098 Tramin a.d. Weinstr.,68,,25,17,42
098 Tramin a.d. Weinstr.,69,,13,15,28
098 Tramin a.d. Weinstr.,70,,18,17,35
098 Tramin a.d. Weinstr.,71,,18,16,34
098 Tramin a.d. Weinstr.,72,,19,20,39
098 Tramin a.d. Weinstr.,73,,13,22,35
098 Tramin a.d. Weinstr.,74,,7,15,22
098 Tramin a.d. Weinstr.,75,,11,19,30
098 Tramin a.d. Weinstr.,76,,8,16,24
098 Tramin a.d. Weinstr.,77,,14,13,27
098 Tramin a.d. Weinstr.,78,,6,17,23
098 Tramin a.d. Weinstr.,79,,4,14,18
098 Tramin a.d. Weinstr.,80,,4,4,8
098 Tramin a.d. Weinstr.,81,,1,5,6
098 Tramin a.d. Weinstr.,82,,3,3,6
098 Tramin a.d. Weinstr.,83,,2,6,8
098 Tramin a.d. Weinstr.,84,,7,10,17
098 Tramin a.d. Weinstr.,85,,3,3,6
098 Tramin a.d. Weinstr.,86,,3,4,7
098 Tramin a.d. Weinstr.,87,,-,11,11
098 Tramin a.d. Weinstr.,88,,3,8,11
098 Tramin a.d. Weinstr.,89,,-,3,3
098 Tramin a.d. Weinstr.,90,,2,6,8
098 Tramin a.d. Weinstr.,91,,-,6,6
098 Tramin a.d. Weinstr.,92,,-,2,2
098 Tramin a.d. Weinstr.,93,,-,1,1
098 Tramin a.d. Weinstr.,94,,-,3,3
098 Tramin a.d. Weinstr.,97,,-,1,1
098 Tramin a.d. Weinstr.,98,,-,2,2
098 Tramin a.d. Weinstr.,Insgesamt,,1.499,1.645,3.144
099 Tisens,0,,10,14,24
099 Tisens,1,,3,4,7
099 Tisens,2,,10,8,18
099 Tisens,3,,10,4,14
099 Tisens,4,,11,12,23
099 Tisens,5,,5,9,14
099 Tisens,6,,5,15,20
099 Tisens,7,,16,8,24
099 Tisens,8,,10,14,24
099 Tisens,9,,12,9,21
099 Tisens,10,,7,12,19
099 Tisens,11,,13,8,21
099 Tisens,12,,15,7,22
099 Tisens,13,,8,6,14
099 Tisens,14,,14,12,26
099 Tisens,15,,18,5,23
099 Tisens,16,,10,14,24
099 Tisens,17,,4,18,22
099 Tisens,18,,14,12,26
099 Tisens,19,,9,7,16
099 Tisens,20,,12,11,23
099 Tisens,21,,12,7,19
099 Tisens,22,,9,3,12
099 Tisens,23,,17,15,32
099 Tisens,24,,9,9,18
099 Tisens,25,,10,10,20
099 Tisens,26,,6,11,17
099 Tisens,27,,16,17,33
099 Tisens,28,,18,16,34
099 Tisens,29,,17,11,28
099 Tisens,30,,17,17,34
099 Tisens,31,,16,19,35
099 Tisens,32,,19,12,31
099 Tisens,33,,19,24,43
099 Tisens,34,,16,5,21
099 Tisens,35,,17,14,31
099 Tisens,36,,22,5,27
099 Tisens,37,,15,13,28
099 Tisens,38,,17,7,24
099 Tisens,39,,13,10,23
099 Tisens,40,,10,12,22
099 Tisens,41,,17,20,37
099 Tisens,42,,9,12,21
099 Tisens,43,,17,9,26
099 Tisens,44,,8,8,16
099 Tisens,45,,14,9,23
099 Tisens,46,,7,12,19
099 Tisens,47,,10,10,20
099 Tisens,48,,9,7,16
099 Tisens,49,,5,7,12
099 Tisens,50,,13,9,22
099 Tisens,51,,7,8,15
099 Tisens,52,,8,7,15
099 Tisens,53,,4,7,11
099 Tisens,54,,9,10,19
099 Tisens,55,,12,10,22
099 Tisens,56,,8,8,16
099 Tisens,57,,8,14,22
099 Tisens,58,,6,8,14
099 Tisens,59,,14,10,24
099 Tisens,60,,7,12,19
099 Tisens,61,,5,5,10
099 Tisens,62,,7,8,15
099 Tisens,63,,5,11,16
099 Tisens,64,,9,7,16
099 Tisens,65,,2,12,14
099 Tisens,66,,9,10,19
099 Tisens,67,,8,9,17
099 Tisens,68,,5,15,20
099 Tisens,69,,10,11,21
099 Tisens,70,,13,13,26
099 Tisens,71,,15,10,25
099 Tisens,72,,6,9,15
099 Tisens,73,,5,6,11
099 Tisens,74,,3,6,9
099 Tisens,75,,5,12,17
099 Tisens,76,,7,6,13
099 Tisens,77,,7,7,14
099 Tisens,78,,5,7,12
099 Tisens,79,,2,9,11
099 Tisens,80,,4,4,8
099 Tisens,81,,3,5,8
099 Tisens,82,,1,4,5
099 Tisens,83,,2,4,6
099 Tisens,84,,1,6,7
099 Tisens,85,,3,2,5
099 Tisens,86,,2,5,7
099 Tisens,87,,3,3,6
099 Tisens,88,,1,5,6
099 Tisens,90,,-,4,4
099 Tisens,91,,1,2,3
099 Tisens,92,,1,1,2
099 Tisens,93,,-,3,3
099 Tisens,95,,-,1,1
099 Tisens,97,,-,1,1
099 Tisens,Insgesamt,,853,866,1.719
100 Tiers,0,,4,7,11
100 Tiers,1,,5,8,13
100 Tiers,2,,7,4,11
100 Tiers,3,,6,11,17
100 Tiers,4,,5,7,12
100 Tiers,5,,5,-,5
100 Tiers,6,,6,3,9
100 Tiers,7,,4,2,6
100 Tiers,8,,6,4,10
100 Tiers,9,,4,6,10
100 Tiers,10,,6,8,14
100 Tiers,11,,5,4,9
100 Tiers,12,,9,5,14
100 Tiers,13,,5,6,11
100 Tiers,14,,3,8,11
100 Tiers,15,,7,6,13
100 Tiers,16,,6,6,12
100 Tiers,17,,5,4,9
100 Tiers,18,,2,4,6
100 Tiers,19,,1,9,10
100 Tiers,20,,8,7,15
100 Tiers,21,,6,3,9
100 Tiers,22,,-,3,3
100 Tiers,23,,7,3,10
100 Tiers,24,,4,4,8
100 Tiers,25,,7,9,16
100 Tiers,26,,10,8,18
100 Tiers,27,,5,8,13
100 Tiers,28,,7,8,15
100 Tiers,29,,12,9,21
100 Tiers,30,,7,6,13
100 Tiers,31,,9,11,20
100 Tiers,32,,12,6,18
100 Tiers,33,,6,7,13
100 Tiers,34,,9,2,11
100 Tiers,35,,6,11,17
100 Tiers,36,,5,7,12
100 Tiers,37,,7,4,11
100 Tiers,38,,3,6,9
100 Tiers,39,,11,4,15
100 Tiers,40,,7,4,11
100 Tiers,41,,5,7,12
100 Tiers,42,,11,7,18
100 Tiers,43,,5,3,8
100 Tiers,44,,8,5,13
100 Tiers,45,,6,4,10
100 Tiers,46,,3,4,7
100 Tiers,47,,1,3,4
100 Tiers,48,,6,5,11
100 Tiers,49,,2,5,7
100 Tiers,50,,5,5,10
100 Tiers,51,,1,2,3
100 Tiers,52,,5,4,9
100 Tiers,53,,10,3,13
100 Tiers,54,,-,5,5
100 Tiers,55,,8,10,18
100 Tiers,56,,2,5,7
100 Tiers,57,,5,7,12
100 Tiers,58,,2,3,5
100 Tiers,59,,5,7,12
100 Tiers,60,,6,5,11
100 Tiers,61,,7,5,12
100 Tiers,62,,4,7,11
100 Tiers,63,,7,2,9
100 Tiers,64,,2,5,7
100 Tiers,65,,7,3,10
100 Tiers,66,,4,5,9
100 Tiers,67,,7,3,10
100 Tiers,68,,5,1,6
100 Tiers,69,,3,3,6
100 Tiers,70,,4,3,7
100 Tiers,71,,4,4,8
100 Tiers,72,,4,2,6
100 Tiers,73,,5,6,11
100 Tiers,74,,2,7,9
100 Tiers,75,,3,3,6
100 Tiers,76,,3,2,5
100 Tiers,77,,1,10,11
100 Tiers,78,,2,4,6
100 Tiers,79,,3,2,5
100 Tiers,80,,1,1,2
100 Tiers,81,,3,1,4
100 Tiers,83,,1,2,3
100 Tiers,84,,2,1,3
100 Tiers,85,,2,1,3
100 Tiers,86,,1,2,3
100 Tiers,87,,1,2,3
100 Tiers,88,,2,2,4
100 Tiers,89,,1,1,2
100 Tiers,90,,1,-,1
100 Tiers,91,,-,1,1
100 Tiers,95,,1,-,1
100 Tiers,96,,-,1,1
100 Tiers,Insgesamt,,438,433,871
101 Tirol,0,,14,14,28
101 Tirol,1,,18,17,35
101 Tirol,2,,22,19,41
101 Tirol,3,,12,16,28
101 Tirol,4,,14,16,30
101 Tirol,5,,22,9,31
101 Tirol,6,,11,14,25
101 Tirol,7,,8,9,17
101 Tirol,8,,15,11,26
101 Tirol,9,,10,19,29
101 Tirol,10,,10,15,25
101 Tirol,11,,16,9,25
101 Tirol,12,,10,12,22
101 Tirol,13,,11,16,27
101 Tirol,14,,15,11,26
101 Tirol,15,,18,14,32
101 Tirol,16,,13,13,26
101 Tirol,17,,17,23,40
101 Tirol,18,,18,9,27
101 Tirol,19,,19,6,25
101 Tirol,20,,11,13,24
101 Tirol,21,,15,18,33
101 Tirol,22,,15,10,25
101 Tirol,23,,19,25,44
101 Tirol,24,,15,21,36
101 Tirol,25,,20,18,38
101 Tirol,26,,24,19,43
101 Tirol,27,,24,14,38
101 Tirol,28,,20,12,32
101 Tirol,29,,22,22,44
101 Tirol,30,,22,21,43
101 Tirol,31,,22,24,46
101 Tirol,32,,22,20,42
101 Tirol,33,,25,24,49
101 Tirol,34,,28,21,49
101 Tirol,35,,24,13,37
101 Tirol,36,,24,18,42
101 Tirol,37,,18,24,42
101 Tirol,38,,24,12,36
101 Tirol,39,,16,10,26
101 Tirol,40,,17,18,35
101 Tirol,41,,21,17,38
101 Tirol,42,,9,16,25
101 Tirol,43,,13,14,27
101 Tirol,44,,14,16,30
101 Tirol,45,,19,18,37
101 Tirol,46,,13,10,23
101 Tirol,47,,14,18,32
101 Tirol,48,,16,13,29
101 Tirol,49,,21,16,37
101 Tirol,50,,20,15,35
101 Tirol,51,,9,17,26
101 Tirol,52,,14,9,23
101 Tirol,53,,12,14,26
101 Tirol,54,,19,17,36
101 Tirol,55,,12,12,24
101 Tirol,56,,12,20,32
101 Tirol,57,,15,19,34
101 Tirol,58,,11,14,25
101 Tirol,59,,14,13,27
101 Tirol,60,,9,9,18
101 Tirol,61,,11,15,26
101 Tirol,62,,8,12,20
101 Tirol,63,,13,12,25
101 Tirol,64,,15,6,21
101 Tirol,65,,8,12,20
101 Tirol,66,,7,8,15
101 Tirol,67,,8,8,16
101 Tirol,68,,6,9,15
101 Tirol,69,,12,15,27
101 Tirol,70,,10,9,19
101 Tirol,71,,11,8,19
101 Tirol,72,,5,12,17
101 Tirol,73,,6,10,16
101 Tirol,74,,9,12,21
101 Tirol,75,,5,6,11
101 Tirol,76,,5,7,12
101 Tirol,77,,8,10,18
101 Tirol,78,,3,8,11
101 Tirol,79,,3,6,9
101 Tirol,80,,2,6,8
101 Tirol,81,,1,1,2
101 Tirol,82,,2,5,7
101 Tirol,83,,3,6,9
101 Tirol,84,,3,6,9
101 Tirol,85,,4,7,11
101 Tirol,86,,1,3,4
101 Tirol,87,,3,8,11
101 Tirol,88,,2,3,5
101 Tirol,89,,1,6,7
101 Tirol,90,,1,3,4
101 Tirol,91,,1,1,2
101 Tirol,92,,1,-,1
101 Tirol,93,,-,1,1
101 Tirol,94,,1,-,1
101 Tirol,Insgesamt,,1.186,1.187,2.373
102 Truden im Naturpark,0,,3,9,12
102 Truden im Naturpark,1,,5,4,9
102 Truden im Naturpark,2,,6,6,12
102 Truden im Naturpark,3,,4,4,8
102 Truden im Naturpark,4,,5,6,11
102 Truden im Naturpark,5,,9,4,13
102 Truden im Naturpark,6,,8,4,12
102 Truden im Naturpark,7,,6,6,12
102 Truden im Naturpark,8,,4,5,9
102 Truden im Naturpark,9,,10,6,16
102 Truden im Naturpark,10,,8,8,16
102 Truden im Naturpark,11,,6,4,10
102 Truden im Naturpark,12,,1,5,6
102 Truden im Naturpark,13,,8,6,14
102 Truden im Naturpark,14,,10,4,14
102 Truden im Naturpark,15,,6,5,11
102 Truden im Naturpark,16,,12,3,15
102 Truden im Naturpark,17,,4,8,12
102 Truden im Naturpark,18,,4,4,8
102 Truden im Naturpark,19,,7,5,12
102 Truden im Naturpark,20,,6,6,12
102 Truden im Naturpark,21,,4,4,8
102 Truden im Naturpark,22,,11,9,20
102 Truden im Naturpark,23,,7,3,10
102 Truden im Naturpark,24,,3,6,9
102 Truden im Naturpark,25,,6,9,15
102 Truden im Naturpark,26,,6,9,15
102 Truden im Naturpark,27,,3,6,9
102 Truden im Naturpark,28,,4,6,10
102 Truden im Naturpark,29,,7,10,17
102 Truden im Naturpark,30,,9,11,20
102 Truden im Naturpark,31,,12,7,19
102 Truden im Naturpark,32,,6,6,12
102 Truden im Naturpark,33,,5,6,11
102 Truden im Naturpark,34,,8,5,13
102 Truden im Naturpark,35,,11,7,18
102 Truden im Naturpark,36,,5,6,11
102 Truden im Naturpark,37,,7,6,13
102 Truden im Naturpark,38,,9,12,21
102 Truden im Naturpark,39,,7,9,16
102 Truden im Naturpark,40,,4,8,12
102 Truden im Naturpark,41,,6,9,15
102 Truden im Naturpark,42,,8,5,13
102 Truden im Naturpark,43,,7,11,18
102 Truden im Naturpark,44,,6,5,11
102 Truden im Naturpark,45,,9,5,14
102 Truden im Naturpark,46,,7,6,13
102 Truden im Naturpark,47,,9,6,15
102 Truden im Naturpark,48,,2,2,4
102 Truden im Naturpark,49,,5,3,8
102 Truden im Naturpark,50,,1,7,8
102 Truden im Naturpark,51,,6,1,7
102 Truden im Naturpark,52,,8,6,14
102 Truden im Naturpark,53,,4,2,6
102 Truden im Naturpark,54,,4,5,9
102 Truden im Naturpark,55,,5,4,9
102 Truden im Naturpark,56,,6,3,9
102 Truden im Naturpark,57,,5,6,11
102 Truden im Naturpark,58,,3,4,7
102 Truden im Naturpark,59,,8,3,11
102 Truden im Naturpark,60,,7,7,14
102 Truden im Naturpark,61,,3,4,7
102 Truden im Naturpark,62,,5,4,9
102 Truden im Naturpark,63,,4,3,7
102 Truden im Naturpark,64,,5,-,5
102 Truden im Naturpark,65,,7,7,14
102 Truden im Naturpark,66,,4,4,8
102 Truden im Naturpark,67,,7,4,11
102 Truden im Naturpark,68,,5,10,15
102 Truden im Naturpark,69,,-,7,7
102 Truden im Naturpark,70,,3,6,9
102 Truden im Naturpark,71,,7,6,13
102 Truden im Naturpark,72,,2,8,10
102 Truden im Naturpark,73,,2,8,10
102 Truden im Naturpark,74,,-,8,8
102 Truden im Naturpark,75,,4,7,11
102 Truden im Naturpark,76,,6,4,10
102 Truden im Naturpark,77,,3,7,10
102 Truden im Naturpark,78,,-,9,9
102 Truden im Naturpark,79,,1,3,4
102 Truden im Naturpark,80,,1,2,3
102 Truden im Naturpark,81,,1,1,2
102 Truden im Naturpark,83,,2,1,3
102 Truden im Naturpark,84,,-,5,5
102 Truden im Naturpark,85,,-,1,1
102 Truden im Naturpark,87,,-,2,2
102 Truden im Naturpark,88,,-,2,2
102 Truden im Naturpark,89,,-,2,2
102 Truden im Naturpark,92,,1,3,4
102 Truden im Naturpark,Insgesamt,,455,485,940
103 Taufers im Münstertal,0,,6,7,13
103 Taufers im Münstertal,1,,2,5,7
103 Taufers im Münstertal,2,,7,4,11
103 Taufers im Münstertal,3,,9,10,19
103 Taufers im Münstertal,4,,5,10,15
103 Taufers im Münstertal,5,,4,5,9
103 Taufers im Münstertal,6,,10,9,19
103 Taufers im Münstertal,7,,7,13,20
103 Taufers im Münstertal,8,,7,7,14
103 Taufers im Münstertal,9,,6,2,8
103 Taufers im Münstertal,10,,6,7,13
103 Taufers im Münstertal,11,,4,6,10
103 Taufers im Münstertal,12,,4,4,8
103 Taufers im Münstertal,13,,4,3,7
103 Taufers im Münstertal,14,,4,7,11
103 Taufers im Münstertal,15,,5,6,11
103 Taufers im Münstertal,16,,5,11,16
103 Taufers im Münstertal,17,,9,2,11
103 Taufers im Münstertal,18,,8,6,14
103 Taufers im Münstertal,19,,6,3,9
103 Taufers im Münstertal,20,,6,5,11
103 Taufers im Münstertal,21,,6,4,10
103 Taufers im Münstertal,22,,2,4,6
103 Taufers im Münstertal,23,,10,1,11
103 Taufers im Münstertal,24,,6,7,13
103 Taufers im Münstertal,25,,3,5,8
103 Taufers im Münstertal,26,,5,7,12
103 Taufers im Münstertal,27,,9,13,22
103 Taufers im Münstertal,28,,7,7,14
103 Taufers im Münstertal,29,,10,10,20
103 Taufers im Münstertal,30,,10,9,19
103 Taufers im Münstertal,31,,5,6,11
103 Taufers im Münstertal,32,,10,10,20
103 Taufers im Münstertal,33,,18,9,27
103 Taufers im Münstertal,34,,8,13,21
103 Taufers im Münstertal,35,,12,10,22
103 Taufers im Münstertal,36,,11,10,21
103 Taufers im Münstertal,37,,9,8,17
103 Taufers im Münstertal,38,,15,7,22
103 Taufers im Münstertal,39,,6,9,15
103 Taufers im Münstertal,40,,5,6,11
103 Taufers im Münstertal,41,,10,6,16
103 Taufers im Münstertal,42,,11,10,21
103 Taufers im Münstertal,43,,3,3,6
103 Taufers im Münstertal,44,,3,6,9
103 Taufers im Münstertal,45,,6,3,9
103 Taufers im Münstertal,46,,6,2,8
103 Taufers im Münstertal,47,,5,4,9
103 Taufers im Münstertal,48,,7,1,8
103 Taufers im Münstertal,49,,6,1,7
103 Taufers im Münstertal,50,,6,1,7
103 Taufers im Münstertal,51,,3,7,10
103 Taufers im Münstertal,52,,3,3,6
103 Taufers im Münstertal,53,,3,3,6
103 Taufers im Münstertal,54,,1,-,1
103 Taufers im Münstertal,55,,8,5,13
103 Taufers im Münstertal,56,,5,5,10
103 Taufers im Münstertal,57,,4,6,10
103 Taufers im Münstertal,58,,4,3,7
103 Taufers im Münstertal,59,,4,4,8
103 Taufers im Münstertal,60,,8,10,18
103 Taufers im Münstertal,61,,3,5,8
103 Taufers im Münstertal,62,,2,8,10
103 Taufers im Münstertal,63,,7,2,9
103 Taufers im Münstertal,64,,3,8,11
103 Taufers im Münstertal,65,,6,5,11
103 Taufers im Münstertal,66,,6,3,9
103 Taufers im Münstertal,67,,9,3,12
103 Taufers im Münstertal,68,,4,4,8
103 Taufers im Münstertal,69,,4,6,10
103 Taufers im Münstertal,70,,5,5,10
103 Taufers im Münstertal,71,,3,3,6
103 Taufers im Münstertal,72,,4,6,10
103 Taufers im Münstertal,73,,1,7,8
103 Taufers im Münstertal,74,,1,7,8
103 Taufers im Münstertal,75,,4,6,10
103 Taufers im Münstertal,76,,3,3,6
103 Taufers im Münstertal,77,,4,-,4
103 Taufers im Münstertal,78,,4,3,7
103 Taufers im Münstertal,79,,2,4,6
103 Taufers im Münstertal,80,,-,1,1
103 Taufers im Münstertal,81,,2,5,7
103 Taufers im Münstertal,82,,1,1,2
103 Taufers im Münstertal,83,,2,2,4
103 Taufers im Münstertal,84,,1,-,1
103 Taufers im Münstertal,85,,-,2,2
103 Taufers im Münstertal,86,,-,2,2
103 Taufers im Münstertal,87,,1,-,1
103 Taufers im Münstertal,88,,1,1,2
103 Taufers im Münstertal,89,,-,2,2
103 Taufers im Münstertal,90,,-,5,5
103 Taufers im Münstertal,91,,-,1,1
103 Taufers im Münstertal,94,,-,1,1
103 Taufers im Münstertal,97,,-,1,1
103 Taufers im Münstertal,Insgesamt,,480,482,962
104 Ulten,0,,17,18,35
104 Ulten,1,,16,21,37
104 Ulten,2,,11,12,23
104 Ulten,3,,12,18,30
104 Ulten,4,,19,15,34
104 Ulten,5,,24,14,38
104 Ulten,6,,17,18,35
104 Ulten,7,,25,29,54
104 Ulten,8,,17,18,35
104 Ulten,9,,18,29,47
104 Ulten,10,,18,18,36
104 Ulten,11,,20,18,38
104 Ulten,12,,21,12,33
104 Ulten,13,,14,16,30
104 Ulten,14,,22,21,43
104 Ulten,15,,21,21,42
104 Ulten,16,,15,27,42
104 Ulten,17,,19,18,37
104 Ulten,18,,22,21,43
104 Ulten,19,,18,20,38
104 Ulten,20,,22,16,38
104 Ulten,21,,24,13,37
104 Ulten,22,,17,23,40
104 Ulten,23,,26,25,51
104 Ulten,24,,21,31,52
104 Ulten,25,,29,21,50
104 Ulten,26,,27,25,52
104 Ulten,27,,28,21,49
104 Ulten,28,,25,32,57
104 Ulten,29,,30,19,49
104 Ulten,30,,29,28,57
104 Ulten,31,,14,25,39
104 Ulten,32,,20,18,38
104 Ulten,33,,27,24,51
104 Ulten,34,,26,20,46
104 Ulten,35,,29,26,55
104 Ulten,36,,32,24,56
104 Ulten,37,,32,19,51
104 Ulten,38,,30,20,50
104 Ulten,39,,23,21,44
104 Ulten,40,,27,16,43
104 Ulten,41,,37,24,61
104 Ulten,42,,18,14,32
104 Ulten,43,,14,13,27
104 Ulten,44,,19,18,37
104 Ulten,45,,25,14,39
104 Ulten,46,,17,13,30
104 Ulten,47,,20,18,38
104 Ulten,48,,20,14,34
104 Ulten,49,,17,10,27
104 Ulten,50,,15,13,28
104 Ulten,51,,18,8,26
104 Ulten,52,,17,16,33
104 Ulten,53,,10,12,22
104 Ulten,54,,14,22,36
104 Ulten,55,,17,16,33
104 Ulten,56,,11,19,30
104 Ulten,57,,16,13,29
104 Ulten,58,,17,10,27
104 Ulten,59,,22,16,38
104 Ulten,60,,8,11,19
104 Ulten,61,,11,11,22
104 Ulten,62,,9,11,20
104 Ulten,63,,11,13,24
104 Ulten,64,,12,14,26
104 Ulten,65,,6,13,19
104 Ulten,66,,15,8,23
104 Ulten,67,,11,10,21
104 Ulten,68,,16,18,34
104 Ulten,69,,8,15,23
104 Ulten,70,,11,17,28
104 Ulten,71,,15,20,35
104 Ulten,72,,10,14,24
104 Ulten,73,,16,17,33
104 Ulten,74,,12,12,24
104 Ulten,75,,12,26,38
104 Ulten,76,,12,13,25
104 Ulten,77,,12,16,28
104 Ulten,78,,10,16,26
104 Ulten,79,,4,14,18
104 Ulten,80,,3,5,8
104 Ulten,81,,1,3,4
104 Ulten,82,,-,5,5
104 Ulten,83,,4,1,5
104 Ulten,84,,4,10,14
104 Ulten,85,,6,10,16
104 Ulten,86,,4,7,11
104 Ulten,87,,3,9,12
104 Ulten,88,,4,8,12
104 Ulten,89,,2,5,7
104 Ulten,90,,2,3,5
104 Ulten,91,,1,1,2
104 Ulten,92,,2,1,3
104 Ulten,93,,1,1,2
104 Ulten,99,,-,1,1
104 Ulten,100,,-,1,1
104 Ulten,Insgesamt,,1.506,1.494,3.000
105 Pfatten,0,,11,5,16
105 Pfatten,1,,3,1,4
105 Pfatten,2,,8,6,14
105 Pfatten,3,,4,3,7
105 Pfatten,4,,11,11,22
105 Pfatten,5,,3,4,7
105 Pfatten,6,,6,5,11
105 Pfatten,7,,6,6,12
105 Pfatten,8,,9,8,17
105 Pfatten,9,,5,7,12
105 Pfatten,10,,3,6,9
105 Pfatten,11,,5,5,10
105 Pfatten,12,,6,7,13
105 Pfatten,13,,5,5,10
105 Pfatten,14,,3,5,8
105 Pfatten,15,,4,4,8
105 Pfatten,16,,6,2,8
105 Pfatten,17,,7,3,10
105 Pfatten,18,,1,5,6
105 Pfatten,19,,2,5,7
105 Pfatten,20,,5,5,10
105 Pfatten,21,,2,3,5
105 Pfatten,22,,9,3,12
105 Pfatten,23,,4,4,8
105 Pfatten,24,,8,7,15
105 Pfatten,25,,6,5,11
105 Pfatten,26,,7,9,16
105 Pfatten,27,,6,8,14
105 Pfatten,28,,7,7,14
105 Pfatten,29,,5,7,12
105 Pfatten,30,,5,9,14
105 Pfatten,31,,13,5,18
105 Pfatten,32,,11,6,17
105 Pfatten,33,,12,8,20
105 Pfatten,34,,8,8,16
105 Pfatten,35,,10,11,21
105 Pfatten,36,,11,13,24
105 Pfatten,37,,9,13,22
105 Pfatten,38,,6,11,17
105 Pfatten,39,,6,15,21
105 Pfatten,40,,8,7,15
105 Pfatten,41,,15,5,20
105 Pfatten,42,,8,8,16
105 Pfatten,43,,9,4,13
105 Pfatten,44,,10,3,13
105 Pfatten,45,,9,5,14
105 Pfatten,46,,4,6,10
105 Pfatten,47,,4,3,7
105 Pfatten,48,,5,8,13
105 Pfatten,49,,4,2,6
105 Pfatten,50,,5,2,7
105 Pfatten,51,,5,9,14
105 Pfatten,52,,6,6,12
105 Pfatten,53,,5,4,9
105 Pfatten,54,,4,2,6
105 Pfatten,55,,3,2,5
105 Pfatten,56,,6,3,9
105 Pfatten,57,,5,7,12
105 Pfatten,58,,3,5,8
105 Pfatten,59,,4,1,5
105 Pfatten,60,,4,4,8
105 Pfatten,61,,6,2,8
105 Pfatten,62,,3,6,9
105 Pfatten,63,,8,2,10
105 Pfatten,64,,5,6,11
105 Pfatten,65,,2,3,5
105 Pfatten,66,,1,4,5
105 Pfatten,67,,3,4,7
105 Pfatten,68,,3,3,6
105 Pfatten,69,,-,6,6
105 Pfatten,70,,3,1,4
105 Pfatten,71,,2,2,4
105 Pfatten,72,,3,5,8
105 Pfatten,73,,4,5,9
105 Pfatten,74,,1,5,6
105 Pfatten,75,,3,2,5
105 Pfatten,76,,3,1,4
105 Pfatten,77,,1,1,2
105 Pfatten,78,,1,1,2
105 Pfatten,79,,1,-,1
105 Pfatten,80,,-,1,1
105 Pfatten,81,,1,1,2
105 Pfatten,82,,-,2,2
105 Pfatten,83,,-,2,2
105 Pfatten,84,,1,1,2
105 Pfatten,85,,2,2,4
105 Pfatten,86,,-,2,2
105 Pfatten,87,,-,1,1
105 Pfatten,89,,1,1,2
105 Pfatten,91,,-,2,2
105 Pfatten,96,,-,1,1
105 Pfatten,Insgesamt,,442,431,873
106 Olang,0,,16,20,36
106 Olang,1,,20,19,39
106 Olang,2,,26,21,47
106 Olang,3,,19,9,28
106 Olang,4,,20,12,32
106 Olang,5,,18,23,41
106 Olang,6,,13,16,29
106 Olang,7,,25,17,42
106 Olang,8,,22,25,47
106 Olang,9,,17,20,37
106 Olang,10,,15,17,32
106 Olang,11,,23,18,41
106 Olang,12,,17,17,34
106 Olang,13,,13,22,35
106 Olang,14,,21,14,35
106 Olang,15,,17,21,38
106 Olang,16,,20,23,43
106 Olang,17,,17,23,40
106 Olang,18,,22,28,50
106 Olang,19,,20,17,37
106 Olang,20,,22,16,38
106 Olang,21,,29,27,56
106 Olang,22,,19,21,40
106 Olang,23,,24,22,46
106 Olang,24,,18,26,44
106 Olang,25,,29,25,54
106 Olang,26,,24,18,42
106 Olang,27,,29,20,49
106 Olang,28,,22,24,46
106 Olang,29,,22,25,47
106 Olang,30,,24,28,52
106 Olang,31,,26,25,51
106 Olang,32,,27,22,49
106 Olang,33,,17,25,42
106 Olang,34,,16,31,47
106 Olang,35,,24,21,45
106 Olang,36,,26,14,40
106 Olang,37,,17,27,44
106 Olang,38,,22,25,47
106 Olang,39,,20,17,37
106 Olang,40,,22,14,36
106 Olang,41,,28,14,42
106 Olang,42,,14,27,41
106 Olang,43,,15,17,32
106 Olang,44,,13,19,32
106 Olang,45,,15,19,34
106 Olang,46,,18,13,31
106 Olang,47,,10,13,23
106 Olang,48,,30,16,46
106 Olang,49,,25,13,38
106 Olang,50,,19,21,40
106 Olang,51,,15,24,39
106 Olang,52,,17,14,31
106 Olang,53,,19,12,31
106 Olang,54,,17,7,24
106 Olang,55,,10,17,27
106 Olang,56,,15,15,30
106 Olang,57,,16,13,29
106 Olang,58,,18,12,30
106 Olang,59,,11,8,19
106 Olang,60,,8,14,22
106 Olang,61,,10,10,20
106 Olang,62,,10,8,18
106 Olang,63,,9,15,24
106 Olang,64,,12,9,21
106 Olang,65,,10,14,24
106 Olang,66,,10,14,24
106 Olang,67,,6,6,12
106 Olang,68,,16,9,25
106 Olang,69,,13,14,27
106 Olang,70,,7,10,17
106 Olang,71,,9,11,20
106 Olang,72,,8,13,21
106 Olang,73,,4,6,10
106 Olang,74,,5,9,14
106 Olang,75,,8,5,13
106 Olang,76,,7,6,13
106 Olang,77,,9,5,14
106 Olang,78,,5,7,12
106 Olang,79,,2,5,7
106 Olang,80,,-,4,4
106 Olang,81,,1,4,5
106 Olang,82,,1,1,2
106 Olang,83,,4,8,12
106 Olang,84,,2,8,10
106 Olang,85,,-,5,5
106 Olang,86,,2,7,9
106 Olang,87,,2,5,7
106 Olang,88,,1,4,5
106 Olang,89,,1,2,3
106 Olang,90,,1,1,2
106 Olang,91,,3,1,4
106 Olang,92,,1,-,1
106 Olang,95,,-,1,1
106 Olang,Insgesamt,,1.372,1.390,2.762
107 Pfitsch,0,,11,21,32
107 Pfitsch,1,,17,12,29
107 Pfitsch,2,,9,15,24
107 Pfitsch,3,,18,9,27
107 Pfitsch,4,,17,18,35
107 Pfitsch,5,,15,12,27
107 Pfitsch,6,,15,15,30
107 Pfitsch,7,,18,14,32
107 Pfitsch,8,,18,18,36
107 Pfitsch,9,,11,20,31
107 Pfitsch,10,,15,14,29
107 Pfitsch,11,,13,17,30
107 Pfitsch,12,,15,8,23
107 Pfitsch,13,,16,9,25
107 Pfitsch,14,,24,13,37
107 Pfitsch,15,,23,21,44
107 Pfitsch,16,,31,14,45
107 Pfitsch,17,,23,17,40
107 Pfitsch,18,,21,23,44
107 Pfitsch,19,,27,21,48
107 Pfitsch,20,,24,15,39
107 Pfitsch,21,,18,23,41
107 Pfitsch,22,,22,19,41
107 Pfitsch,23,,16,17,33
107 Pfitsch,24,,15,21,36
107 Pfitsch,25,,21,15,36
107 Pfitsch,26,,16,24,40
107 Pfitsch,27,,26,19,45
107 Pfitsch,28,,28,19,47
107 Pfitsch,29,,26,22,48
107 Pfitsch,30,,21,24,45
107 Pfitsch,31,,22,20,42
107 Pfitsch,32,,28,17,45
107 Pfitsch,33,,22,18,40
107 Pfitsch,34,,13,26,39
107 Pfitsch,35,,17,18,35
107 Pfitsch,36,,25,22,47
107 Pfitsch,37,,21,19,40
107 Pfitsch,38,,20,23,43
107 Pfitsch,39,,13,18,31
107 Pfitsch,40,,25,19,44
107 Pfitsch,41,,24,25,49
107 Pfitsch,42,,18,16,34
107 Pfitsch,43,,17,16,33
107 Pfitsch,44,,24,21,45
107 Pfitsch,45,,22,14,36
107 Pfitsch,46,,21,25,46
107 Pfitsch,47,,22,13,35
107 Pfitsch,48,,22,18,40
107 Pfitsch,49,,20,20,40
107 Pfitsch,50,,9,9,18
107 Pfitsch,51,,11,13,24
107 Pfitsch,52,,16,13,29
107 Pfitsch,53,,14,12,26
107 Pfitsch,54,,13,17,30
107 Pfitsch,55,,22,11,33
107 Pfitsch,56,,25,14,39
107 Pfitsch,57,,17,19,36
107 Pfitsch,58,,13,16,29
107 Pfitsch,59,,16,9,25
107 Pfitsch,60,,4,14,18
107 Pfitsch,61,,10,10,20
107 Pfitsch,62,,9,13,22
107 Pfitsch,63,,10,8,18
107 Pfitsch,64,,12,5,17
107 Pfitsch,65,,11,13,24
107 Pfitsch,66,,4,16,20
107 Pfitsch,67,,11,14,25
107 Pfitsch,68,,9,15,24
107 Pfitsch,69,,17,12,29
107 Pfitsch,70,,7,14,21
107 Pfitsch,71,,12,14,26
107 Pfitsch,72,,8,12,20
107 Pfitsch,73,,12,10,22
107 Pfitsch,74,,6,19,25
107 Pfitsch,75,,9,14,23
107 Pfitsch,76,,10,8,18
107 Pfitsch,77,,9,8,17
107 Pfitsch,78,,1,8,9
107 Pfitsch,79,,4,8,12
107 Pfitsch,80,,-,4,4
107 Pfitsch,81,,2,4,6
107 Pfitsch,82,,1,3,4
107 Pfitsch,83,,3,7,10
107 Pfitsch,84,,-,5,5
107 Pfitsch,85,,2,5,7
107 Pfitsch,86,,2,3,5
107 Pfitsch,87,,2,4,6
107 Pfitsch,88,,3,-,3
107 Pfitsch,89,,2,3,5
107 Pfitsch,90,,-,7,7
107 Pfitsch,91,,2,1,3
107 Pfitsch,93,,-,2,2
107 Pfitsch,94,,-,1,1
107 Pfitsch,97,,-,1,1
107 Pfitsch,Insgesamt,,1.336,1.315,2.651
108 Ahrntal,0,,39,32,71
108 Ahrntal,1,,41,45,86
108 Ahrntal,2,,41,51,92
108 Ahrntal,3,,39,30,69
108 Ahrntal,4,,24,29,53
108 Ahrntal,5,,43,39,82
108 Ahrntal,6,,42,34,76
108 Ahrntal,7,,30,35,65
108 Ahrntal,8,,41,32,73
108 Ahrntal,9,,40,33,73
108 Ahrntal,10,,29,33,62
108 Ahrntal,11,,38,39,77
108 Ahrntal,12,,39,50,89
108 Ahrntal,13,,35,45,80
108 Ahrntal,14,,41,33,74
108 Ahrntal,15,,44,48,92
108 Ahrntal,16,,39,45,84
108 Ahrntal,17,,49,40,89
108 Ahrntal,18,,39,39,78
108 Ahrntal,19,,45,39,84
108 Ahrntal,20,,33,45,78
108 Ahrntal,21,,47,49,96
108 Ahrntal,22,,43,51,94
108 Ahrntal,23,,48,50,98
108 Ahrntal,24,,45,51,96
108 Ahrntal,25,,47,51,98
108 Ahrntal,26,,56,55,111
108 Ahrntal,27,,75,45,120
108 Ahrntal,28,,54,49,103
108 Ahrntal,29,,52,52,104
108 Ahrntal,30,,56,54,110
108 Ahrntal,31,,47,48,95
108 Ahrntal,32,,63,40,103
108 Ahrntal,33,,55,47,102
108 Ahrntal,34,,58,45,103
108 Ahrntal,35,,48,47,95
108 Ahrntal,36,,39,46,85
108 Ahrntal,37,,35,38,73
108 Ahrntal,38,,40,33,73
108 Ahrntal,39,,43,38,81
108 Ahrntal,40,,49,25,74
108 Ahrntal,41,,28,40,68
108 Ahrntal,42,,37,21,58
108 Ahrntal,43,,36,25,61
108 Ahrntal,44,,33,22,55
108 Ahrntal,45,,28,30,58
108 Ahrntal,46,,29,30,59
108 Ahrntal,47,,34,26,60
108 Ahrntal,48,,31,24,55
108 Ahrntal,49,,34,30,64
108 Ahrntal,50,,29,30,59
108 Ahrntal,51,,26,16,42
108 Ahrntal,52,,16,22,38
108 Ahrntal,53,,20,14,34
108 Ahrntal,54,,20,18,38
108 Ahrntal,55,,23,31,54
108 Ahrntal,56,,30,30,60
108 Ahrntal,57,,30,32,62
108 Ahrntal,58,,31,24,55
108 Ahrntal,59,,27,24,51
108 Ahrntal,60,,37,31,68
108 Ahrntal,61,,26,23,49
108 Ahrntal,62,,22,16,38
108 Ahrntal,63,,24,37,61
108 Ahrntal,64,,22,20,42
108 Ahrntal,65,,20,19,39
108 Ahrntal,66,,22,27,49
108 Ahrntal,67,,35,25,60
108 Ahrntal,68,,23,22,45
108 Ahrntal,69,,21,19,40
108 Ahrntal,70,,15,27,42
108 Ahrntal,71,,19,19,38
108 Ahrntal,72,,24,14,38
108 Ahrntal,73,,16,17,33
108 Ahrntal,74,,15,19,34
108 Ahrntal,75,,10,15,25
108 Ahrntal,76,,12,16,28
108 Ahrntal,77,,7,10,17
108 Ahrntal,78,,4,9,13
108 Ahrntal,79,,10,6,16
108 Ahrntal,80,,1,9,10
108 Ahrntal,81,,3,7,10
108 Ahrntal,82,,-,3,3
108 Ahrntal,83,,2,12,14
108 Ahrntal,84,,10,10,20
108 Ahrntal,85,,4,5,9
108 Ahrntal,86,,3,10,13
108 Ahrntal,87,,3,10,13
108 Ahrntal,88,,5,5,10
108 Ahrntal,89,,5,3,8
108 Ahrntal,90,,-,7,7
108 Ahrntal,91,,-,4,4
108 Ahrntal,92,,1,2,3
108 Ahrntal,93,,1,3,4
108 Ahrntal,94,,1,1,2
108 Ahrntal,95,,-,2,2
108 Ahrntal,96,,-,1,1
108 Ahrntal,Insgesamt,,2.776,2.704,5.480
109 Gsies,0,,19,5,24
109 Gsies,1,,14,15,29
109 Gsies,2,,10,17,27
109 Gsies,3,,15,15,30
109 Gsies,4,,11,19,30
109 Gsies,5,,18,19,37
109 Gsies,6,,16,10,26
109 Gsies,7,,17,25,42
109 Gsies,8,,16,13,29
109 Gsies,9,,9,12,21
109 Gsies,10,,7,14,21
109 Gsies,11,,18,18,36
109 Gsies,12,,12,17,29
109 Gsies,13,,17,14,31
109 Gsies,14,,12,8,20
109 Gsies,15,,18,10,28
109 Gsies,16,,18,19,37
109 Gsies,17,,15,18,33
109 Gsies,18,,24,21,45
109 Gsies,19,,10,16,26
109 Gsies,20,,14,16,30
109 Gsies,21,,17,18,35
109 Gsies,22,,16,19,35
109 Gsies,23,,20,29,49
109 Gsies,24,,20,18,38
109 Gsies,25,,18,17,35
109 Gsies,26,,8,20,28
109 Gsies,27,,24,23,47
109 Gsies,28,,31,15,46
109 Gsies,29,,25,11,36
109 Gsies,30,,16,15,31
109 Gsies,31,,15,13,28
109 Gsies,32,,14,21,35
109 Gsies,33,,22,6,28
109 Gsies,34,,14,19,33
109 Gsies,35,,14,16,30
109 Gsies,36,,17,10,27
109 Gsies,37,,10,13,23
109 Gsies,38,,18,16,34
109 Gsies,39,,14,14,28
109 Gsies,40,,16,15,31
109 Gsies,41,,12,14,26
109 Gsies,42,,17,7,24
109 Gsies,43,,17,11,28
109 Gsies,44,,16,6,22
109 Gsies,45,,17,6,23
109 Gsies,46,,18,11,29
109 Gsies,47,,16,13,29
109 Gsies,48,,8,8,16
109 Gsies,49,,15,15,30
109 Gsies,50,,9,10,19
109 Gsies,51,,20,7,27
109 Gsies,52,,16,10,26
109 Gsies,53,,4,11,15
109 Gsies,54,,9,13,22
109 Gsies,55,,10,9,19
109 Gsies,56,,6,13,19
109 Gsies,57,,6,11,17
109 Gsies,58,,9,10,19
109 Gsies,59,,6,9,15
109 Gsies,60,,7,9,16
109 Gsies,61,,11,8,19
109 Gsies,62,,4,10,14
109 Gsies,63,,5,9,14
109 Gsies,64,,6,9,15
109 Gsies,65,,6,5,11
109 Gsies,66,,10,6,16
109 Gsies,67,,9,10,19
109 Gsies,68,,13,6,19
109 Gsies,69,,4,6,10
109 Gsies,70,,8,9,17
109 Gsies,71,,3,12,15
109 Gsies,72,,5,4,9
109 Gsies,73,,9,5,14
109 Gsies,74,,6,8,14
109 Gsies,75,,5,8,13
109 Gsies,76,,10,8,18
109 Gsies,77,,2,11,13
109 Gsies,78,,4,4,8
109 Gsies,79,,4,3,7
109 Gsies,80,,1,4,5
109 Gsies,81,,1,3,4
109 Gsies,82,,1,2,3
109 Gsies,83,,3,1,4
109 Gsies,84,,2,3,5
109 Gsies,85,,1,4,5
109 Gsies,86,,4,6,10
109 Gsies,87,,1,5,6
109 Gsies,88,,-,2,2
109 Gsies,89,,1,2,3
109 Gsies,90,,1,5,6
109 Gsies,91,,-,3,3
109 Gsies,92,,1,-,1
109 Gsies,93,,1,1,2
109 Gsies,98,,-,1,1
109 Gsies,Insgesamt,,1.039,1.035,2.074
110 Vintl,0,,28,30,58
110 Vintl,1,,22,19,41
110 Vintl,2,,22,21,43
110 Vintl,3,,37,26,63
110 Vintl,4,,18,18,36
110 Vintl,5,,23,21,44
110 Vintl,6,,30,21,51
110 Vintl,7,,22,30,52
110 Vintl,8,,28,22,50
110 Vintl,9,,26,17,43
110 Vintl,10,,21,19,40
110 Vintl,11,,20,23,43
110 Vintl,12,,21,18,39
110 Vintl,13,,10,15,25
110 Vintl,14,,27,10,37
110 Vintl,15,,25,17,42
110 Vintl,16,,20,21,41
110 Vintl,17,,20,25,45
110 Vintl,18,,33,20,53
110 Vintl,19,,33,17,50
110 Vintl,20,,21,32,53
110 Vintl,21,,19,26,45
110 Vintl,22,,20,28,48
110 Vintl,23,,26,24,50
110 Vintl,24,,30,29,59
110 Vintl,25,,21,23,44
110 Vintl,26,,33,23,56
110 Vintl,27,,32,31,63
110 Vintl,28,,21,20,41
110 Vintl,29,,28,25,53
110 Vintl,30,,22,24,46
110 Vintl,31,,31,36,67
110 Vintl,32,,31,35,66
110 Vintl,33,,36,35,71
110 Vintl,34,,36,26,62
110 Vintl,35,,31,26,57
110 Vintl,36,,31,24,55
110 Vintl,37,,27,30,57
110 Vintl,38,,19,22,41
110 Vintl,39,,27,23,50
110 Vintl,40,,19,11,30
110 Vintl,41,,23,27,50
110 Vintl,42,,25,20,45
110 Vintl,43,,19,15,34
110 Vintl,44,,17,22,39
110 Vintl,45,,23,9,32
110 Vintl,46,,18,19,37
110 Vintl,47,,22,16,38
110 Vintl,48,,25,18,43
110 Vintl,49,,20,18,38
110 Vintl,50,,13,13,26
110 Vintl,51,,21,15,36
110 Vintl,52,,16,13,29
110 Vintl,53,,18,18,36
110 Vintl,54,,12,6,18
110 Vintl,55,,21,12,33
110 Vintl,56,,11,13,24
110 Vintl,57,,6,16,22
110 Vintl,58,,8,20,28
110 Vintl,59,,18,16,34
110 Vintl,60,,14,5,19
110 Vintl,61,,10,9,19
110 Vintl,62,,14,10,24
110 Vintl,63,,9,12,21
110 Vintl,64,,16,8,24
110 Vintl,65,,6,18,24
110 Vintl,66,,12,16,28
110 Vintl,67,,14,12,26
110 Vintl,68,,9,15,24
110 Vintl,69,,11,17,28
110 Vintl,70,,15,10,25
110 Vintl,71,,11,15,26
110 Vintl,72,,18,9,27
110 Vintl,73,,8,10,18
110 Vintl,74,,9,11,20
110 Vintl,75,,14,13,27
110 Vintl,76,,5,7,12
110 Vintl,77,,10,8,18
110 Vintl,78,,3,8,11
110 Vintl,79,,4,7,11
110 Vintl,80,,1,2,3
110 Vintl,81,,3,4,7
110 Vintl,82,,2,3,5
110 Vintl,83,,2,4,6
110 Vintl,84,,2,6,8
110 Vintl,85,,-,7,7
110 Vintl,86,,1,3,4
110 Vintl,87,,-,8,8
110 Vintl,88,,2,2,4
110 Vintl,89,,-,1,1
110 Vintl,90,,2,4,6
110 Vintl,91,,2,2,4
110 Vintl,94,,-,1,1
110 Vintl,Insgesamt,,1.612,1.536,3.148
111 Vahrn,0,,18,21,39
111 Vahrn,1,,24,20,44
111 Vahrn,2,,35,17,52
111 Vahrn,3,,20,19,39
111 Vahrn,4,,19,25,44
111 Vahrn,5,,20,20,40
111 Vahrn,6,,22,19,41
111 Vahrn,7,,20,20,40
111 Vahrn,8,,16,26,42
111 Vahrn,9,,32,19,51
111 Vahrn,10,,22,21,43
111 Vahrn,11,,20,18,38
111 Vahrn,12,,19,16,35
111 Vahrn,13,,25,29,54
111 Vahrn,14,,20,22,42
111 Vahrn,15,,24,25,49
111 Vahrn,16,,23,26,49
111 Vahrn,17,,26,17,43
111 Vahrn,18,,21,23,44
111 Vahrn,19,,18,26,44
111 Vahrn,20,,20,21,41
111 Vahrn,21,,18,25,43
111 Vahrn,22,,37,22,59
111 Vahrn,23,,31,20,51
111 Vahrn,24,,24,33,57
111 Vahrn,25,,28,35,63
111 Vahrn,26,,25,28,53
111 Vahrn,27,,29,36,65
111 Vahrn,28,,37,30,67
111 Vahrn,29,,31,35,66
111 Vahrn,30,,30,36,66
111 Vahrn,31,,44,25,69
111 Vahrn,32,,33,32,65
111 Vahrn,33,,36,36,72
111 Vahrn,34,,41,37,78
111 Vahrn,35,,32,31,63
111 Vahrn,36,,33,36,69
111 Vahrn,37,,26,20,46
111 Vahrn,38,,34,27,61
111 Vahrn,39,,31,21,52
111 Vahrn,40,,21,22,43
111 Vahrn,41,,29,33,62
111 Vahrn,42,,22,19,41
111 Vahrn,43,,30,28,58
111 Vahrn,44,,22,30,52
111 Vahrn,45,,22,27,49
111 Vahrn,46,,21,17,38
111 Vahrn,47,,22,11,33
111 Vahrn,48,,18,17,35
111 Vahrn,49,,22,28,50
111 Vahrn,50,,19,13,32
111 Vahrn,51,,16,21,37
111 Vahrn,52,,19,23,42
111 Vahrn,53,,11,16,27
111 Vahrn,54,,20,21,41
111 Vahrn,55,,22,20,42
111 Vahrn,56,,19,22,41
111 Vahrn,57,,20,26,46
111 Vahrn,58,,20,15,35
111 Vahrn,59,,20,19,39
111 Vahrn,60,,16,9,25
111 Vahrn,61,,19,19,38
111 Vahrn,62,,13,17,30
111 Vahrn,63,,13,15,28
111 Vahrn,64,,13,16,29
111 Vahrn,65,,9,14,23
111 Vahrn,66,,14,15,29
111 Vahrn,67,,14,16,30
111 Vahrn,68,,15,16,31
111 Vahrn,69,,8,18,26
111 Vahrn,70,,10,13,23
111 Vahrn,71,,12,21,33
111 Vahrn,72,,10,6,16
111 Vahrn,73,,8,17,25
111 Vahrn,74,,8,18,26
111 Vahrn,75,,10,12,22
111 Vahrn,76,,6,14,20
111 Vahrn,77,,8,10,18
111 Vahrn,78,,4,6,10
111 Vahrn,79,,3,4,7
111 Vahrn,80,,5,5,10
111 Vahrn,81,,4,6,10
111 Vahrn,82,,2,-,2
111 Vahrn,83,,-,7,7
111 Vahrn,84,,4,6,10
111 Vahrn,85,,1,5,6
111 Vahrn,86,,1,8,9
111 Vahrn,87,,1,4,5
111 Vahrn,88,,-,3,3
111 Vahrn,89,,-,1,1
111 Vahrn,90,,-,2,2
111 Vahrn,92,,-,1,1
111 Vahrn,93,,-,1,1
111 Vahrn,94,,-,1,1
111 Vahrn,96,,1,-,1
111 Vahrn,97,,-,1,1
111 Vahrn,Insgesamt,,1.711,1.770,3.481
112 Vöran,0,,5,6,11
112 Vöran,1,,13,5,18
112 Vöran,2,,9,7,16
112 Vöran,3,,5,9,14
112 Vöran,4,,5,8,13
112 Vöran,5,,7,7,14
112 Vöran,6,,7,3,10
112 Vöran,7,,7,2,9
112 Vöran,8,,6,8,14
112 Vöran,9,,11,5,16
112 Vöran,10,,8,7,15
112 Vöran,11,,12,6,18
112 Vöran,12,,6,7,13
112 Vöran,13,,9,12,21
112 Vöran,14,,9,4,13
112 Vöran,15,,6,6,12
112 Vöran,16,,7,10,17
112 Vöran,17,,10,9,19
112 Vöran,18,,4,5,9
112 Vöran,19,,3,5,8
112 Vöran,20,,10,11,21
112 Vöran,21,,12,6,18
112 Vöran,22,,6,5,11
112 Vöran,23,,6,7,13
112 Vöran,24,,11,9,20
112 Vöran,25,,8,5,13
112 Vöran,26,,9,10,19
112 Vöran,27,,7,10,17
112 Vöran,28,,10,5,15
112 Vöran,29,,7,5,12
112 Vöran,30,,17,3,20
112 Vöran,31,,6,8,14
112 Vöran,32,,10,6,16
112 Vöran,33,,4,4,8
112 Vöran,34,,10,5,15
112 Vöran,35,,7,6,13
112 Vöran,36,,12,14,26
112 Vöran,37,,5,6,11
112 Vöran,38,,7,6,13
112 Vöran,39,,5,8,13
112 Vöran,40,,7,5,12
112 Vöran,41,,4,9,13
112 Vöran,42,,2,2,4
112 Vöran,43,,5,2,7
112 Vöran,44,,7,6,13
112 Vöran,45,,5,4,9
112 Vöran,46,,9,2,11
112 Vöran,47,,2,-,2
112 Vöran,48,,7,4,11
112 Vöran,49,,6,4,10
112 Vöran,50,,3,4,7
112 Vöran,51,,5,5,10
112 Vöran,52,,4,2,6
112 Vöran,53,,-,3,3
112 Vöran,54,,4,3,7
112 Vöran,55,,3,5,8
112 Vöran,56,,6,4,10
112 Vöran,57,,4,6,10
112 Vöran,58,,2,5,7
112 Vöran,59,,3,3,6
112 Vöran,60,,8,4,12
112 Vöran,61,,2,2,4
112 Vöran,62,,6,4,10
112 Vöran,63,,2,1,3
112 Vöran,64,,1,6,7
112 Vöran,65,,6,6,12
112 Vöran,66,,4,5,9
112 Vöran,67,,4,2,6
112 Vöran,68,,5,1,6
112 Vöran,69,,1,3,4
112 Vöran,70,,5,1,6
112 Vöran,71,,-,2,2
112 Vöran,72,,-,3,3
112 Vöran,73,,3,4,7
112 Vöran,74,,-,2,2
112 Vöran,75,,3,2,5
112 Vöran,76,,2,-,2
112 Vöran,77,,3,1,4
112 Vöran,78,,-,3,3
112 Vöran,79,,-,1,1
112 Vöran,80,,-,1,1
112 Vöran,82,,1,2,3
112 Vöran,84,,-,1,1
112 Vöran,85,,-,1,1
112 Vöran,86,,-,1,1
112 Vöran,88,,1,1,2
112 Vöran,89,,-,1,1
112 Vöran,90,,1,-,1
112 Vöran,91,,-,1,1
112 Vöran,94,,-,1,1
112 Vöran,Insgesamt,,464,411,875
113 Niederdorf,0,,6,6,12
113 Niederdorf,1,,9,12,21
113 Niederdorf,2,,6,7,13
113 Niederdorf,3,,5,11,16
113 Niederdorf,4,,12,8,20
113 Niederdorf,5,,9,5,14
113 Niederdorf,6,,6,9,15
113 Niederdorf,7,,7,11,18
113 Niederdorf,8,,14,10,24
113 Niederdorf,9,,8,7,15
113 Niederdorf,10,,6,7,13
113 Niederdorf,11,,2,11,13
113 Niederdorf,12,,4,7,11
113 Niederdorf,13,,7,5,12
113 Niederdorf,14,,10,5,15
113 Niederdorf,15,,7,8,15
113 Niederdorf,16,,3,11,14
113 Niederdorf,17,,10,7,17
113 Niederdorf,18,,9,4,13
113 Niederdorf,19,,8,4,12
113 Niederdorf,20,,5,3,8
113 Niederdorf,21,,6,4,10
113 Niederdorf,22,,11,7,18
113 Niederdorf,23,,6,9,15
113 Niederdorf,24,,10,8,18
113 Niederdorf,25,,12,8,20
113 Niederdorf,26,,14,7,21
113 Niederdorf,27,,12,12,24
113 Niederdorf,28,,11,12,23
113 Niederdorf,29,,20,12,32
113 Niederdorf,30,,15,13,28
113 Niederdorf,31,,15,17,32
113 Niederdorf,32,,23,10,33
113 Niederdorf,33,,9,16,25
113 Niederdorf,34,,21,13,34
113 Niederdorf,35,,12,8,20
113 Niederdorf,36,,20,9,29
113 Niederdorf,37,,14,12,26
113 Niederdorf,38,,10,10,20
113 Niederdorf,39,,12,8,20
113 Niederdorf,40,,6,6,12
113 Niederdorf,41,,11,10,21
113 Niederdorf,42,,10,9,19
113 Niederdorf,43,,9,8,17
113 Niederdorf,44,,11,6,17
113 Niederdorf,45,,6,3,9
113 Niederdorf,46,,8,5,13
113 Niederdorf,47,,2,3,5
113 Niederdorf,48,,7,4,11
113 Niederdorf,49,,9,4,13
113 Niederdorf,50,,5,8,13
113 Niederdorf,51,,8,8,16
113 Niederdorf,52,,6,7,13
113 Niederdorf,53,,2,6,8
113 Niederdorf,54,,11,5,16
113 Niederdorf,55,,5,10,15
113 Niederdorf,56,,6,11,17
113 Niederdorf,57,,5,5,10
113 Niederdorf,58,,4,8,12
113 Niederdorf,59,,1,4,5
113 Niederdorf,60,,6,8,14
113 Niederdorf,61,,6,7,13
113 Niederdorf,62,,6,8,14
113 Niederdorf,63,,7,8,15
113 Niederdorf,64,,3,12,15
113 Niederdorf,65,,7,8,15
113 Niederdorf,66,,7,8,15
113 Niederdorf,67,,9,7,16
113 Niederdorf,68,,7,10,17
113 Niederdorf,69,,5,8,13
113 Niederdorf,70,,5,6,11
113 Niederdorf,71,,8,10,18
113 Niederdorf,72,,4,6,10
113 Niederdorf,73,,1,7,8
113 Niederdorf,74,,5,11,16
113 Niederdorf,75,,2,3,5
113 Niederdorf,76,,6,9,15
113 Niederdorf,77,,5,4,9
113 Niederdorf,78,,2,4,6
113 Niederdorf,79,,1,3,4
113 Niederdorf,80,,1,4,5
113 Niederdorf,81,,1,2,3
113 Niederdorf,82,,1,3,4
113 Niederdorf,83,,-,3,3
113 Niederdorf,84,,3,1,4
113 Niederdorf,85,,1,1,2
113 Niederdorf,86,,-,3,3
113 Niederdorf,87,,3,3,6
113 Niederdorf,88,,1,4,5
113 Niederdorf,89,,-,3,3
113 Niederdorf,90,,-,2,2
113 Niederdorf,91,,-,1,1
113 Niederdorf,92,,1,1,2
113 Niederdorf,93,,-,2,2
113 Niederdorf,94,,1,1,2
113 Niederdorf,95,,-,3,3
113 Niederdorf,97,,-,1,1
113 Niederdorf,Insgesamt,,653,668,1.321
114 Villanders,0,,13,10,23
114 Villanders,1,,14,13,27
114 Villanders,2,,15,7,22
114 Villanders,3,,19,6,25
114 Villanders,4,,11,13,24
114 Villanders,5,,8,18,26
114 Villanders,6,,13,9,22
114 Villanders,7,,19,16,35
114 Villanders,8,,16,14,30
114 Villanders,9,,12,10,22
114 Villanders,10,,9,12,21
114 Villanders,11,,5,15,20
114 Villanders,12,,9,8,17
114 Villanders,13,,10,10,20
114 Villanders,14,,12,13,25
114 Villanders,15,,13,6,19
114 Villanders,16,,15,11,26
114 Villanders,17,,19,14,33
114 Villanders,18,,10,18,28
114 Villanders,19,,16,6,22
114 Villanders,20,,13,13,26
114 Villanders,21,,15,15,30
114 Villanders,22,,13,14,27
114 Villanders,23,,10,16,26
114 Villanders,24,,13,19,32
114 Villanders,25,,12,15,27
114 Villanders,26,,14,14,28
114 Villanders,27,,16,24,40
114 Villanders,28,,17,10,27
114 Villanders,29,,26,19,45
114 Villanders,30,,22,14,36
114 Villanders,31,,19,20,39
114 Villanders,32,,23,15,38
114 Villanders,33,,21,17,38
114 Villanders,34,,19,16,35
114 Villanders,35,,15,14,29
114 Villanders,36,,21,11,32
114 Villanders,37,,14,13,27
114 Villanders,38,,20,8,28
114 Villanders,39,,14,11,25
114 Villanders,40,,16,8,24
114 Villanders,41,,8,7,15
114 Villanders,42,,11,10,21
114 Villanders,43,,10,16,26
114 Villanders,44,,10,5,15
114 Villanders,45,,10,7,17
114 Villanders,46,,10,8,18
114 Villanders,47,,11,6,17
114 Villanders,48,,8,9,17
114 Villanders,49,,10,8,18
114 Villanders,50,,6,12,18
114 Villanders,51,,7,8,15
114 Villanders,52,,11,11,22
114 Villanders,53,,6,3,9
114 Villanders,54,,5,9,14
114 Villanders,55,,8,8,16
114 Villanders,56,,11,8,19
114 Villanders,57,,8,9,17
114 Villanders,58,,8,14,22
114 Villanders,59,,9,5,14
114 Villanders,60,,10,7,17
114 Villanders,61,,5,9,14
114 Villanders,62,,6,7,13
114 Villanders,63,,2,8,10
114 Villanders,64,,1,9,10
114 Villanders,65,,11,9,20
114 Villanders,66,,9,10,19
114 Villanders,67,,6,7,13
114 Villanders,68,,10,6,16
114 Villanders,69,,4,10,14
114 Villanders,70,,6,10,16
114 Villanders,71,,9,6,15
114 Villanders,72,,6,6,12
114 Villanders,73,,2,7,9
114 Villanders,74,,5,5,10
114 Villanders,75,,6,2,8
114 Villanders,76,,4,6,10
114 Villanders,77,,4,13,17
114 Villanders,78,,5,5,10
114 Villanders,79,,1,3,4
114 Villanders,80,,1,-,1
114 Villanders,81,,-,2,2
114 Villanders,82,,1,3,4
114 Villanders,83,,-,4,4
114 Villanders,84,,2,6,8
114 Villanders,85,,1,3,4
114 Villanders,86,,4,6,10
114 Villanders,87,,1,5,6
114 Villanders,88,,1,3,4
114 Villanders,89,,1,4,5
114 Villanders,90,,2,2,4
114 Villanders,91,,1,1,2
114 Villanders,92,,2,-,2
114 Villanders,94,,-,1,1
114 Villanders,95,,-,1,1
114 Villanders,96,,-,2,2
114 Villanders,97,,-,1,1
114 Villanders,Insgesamt,,907,887,1.794
115 Sterzing,0,,26,33,59
115 Sterzing,1,,29,35,64
115 Sterzing,2,,26,35,61
115 Sterzing,3,,28,29,57
115 Sterzing,4,,33,19,52
115 Sterzing,5,,31,26,57
115 Sterzing,6,,31,31,62
115 Sterzing,7,,31,34,65
115 Sterzing,8,,20,34,54
115 Sterzing,9,,36,24,60
115 Sterzing,10,,26,26,52
115 Sterzing,11,,28,25,53
115 Sterzing,12,,35,32,67
115 Sterzing,13,,18,31,49
115 Sterzing,14,,34,24,58
115 Sterzing,15,,25,29,54
115 Sterzing,16,,26,36,62
115 Sterzing,17,,46,34,80
115 Sterzing,18,,28,39,67
115 Sterzing,19,,30,40,70
115 Sterzing,20,,45,27,72
115 Sterzing,21,,36,35,71
115 Sterzing,22,,34,38,72
115 Sterzing,23,,61,54,115
115 Sterzing,24,,56,38,94
115 Sterzing,25,,50,52,102
115 Sterzing,26,,57,49,106
115 Sterzing,27,,64,45,109
115 Sterzing,28,,56,60,116
115 Sterzing,29,,52,47,99
115 Sterzing,30,,70,48,118
115 Sterzing,31,,67,48,115
115 Sterzing,32,,52,62,114
115 Sterzing,33,,59,49,108
115 Sterzing,34,,54,37,91
115 Sterzing,35,,60,46,106
115 Sterzing,36,,42,46,88
115 Sterzing,37,,41,42,83
115 Sterzing,38,,44,46,90
115 Sterzing,39,,48,40,88
115 Sterzing,40,,37,42,79
115 Sterzing,41,,35,50,85
115 Sterzing,42,,47,30,77
115 Sterzing,43,,35,44,79
115 Sterzing,44,,33,36,69
115 Sterzing,45,,30,39,69
115 Sterzing,46,,40,36,76
115 Sterzing,47,,37,40,77
115 Sterzing,48,,33,38,71
115 Sterzing,49,,31,50,81
115 Sterzing,50,,42,44,86
115 Sterzing,51,,34,29,63
115 Sterzing,52,,47,43,90
115 Sterzing,53,,37,36,73
115 Sterzing,54,,30,28,58
115 Sterzing,55,,43,45,88
115 Sterzing,56,,32,34,66
115 Sterzing,57,,34,29,63
115 Sterzing,58,,42,31,73
115 Sterzing,59,,35,29,64
115 Sterzing,60,,33,27,60
115 Sterzing,61,,26,36,62
115 Sterzing,62,,24,43,67
115 Sterzing,63,,20,23,43
115 Sterzing,64,,22,26,48
115 Sterzing,65,,33,33,66
115 Sterzing,66,,21,18,39
115 Sterzing,67,,24,33,57
115 Sterzing,68,,10,27,37
115 Sterzing,69,,22,21,43
115 Sterzing,70,,22,30,52
115 Sterzing,71,,22,22,44
115 Sterzing,72,,17,24,41
115 Sterzing,73,,10,23,33
115 Sterzing,74,,13,22,35
115 Sterzing,75,,16,20,36
115 Sterzing,76,,18,27,45
115 Sterzing,77,,5,23,28
115 Sterzing,78,,5,14,19
115 Sterzing,79,,6,12,18
115 Sterzing,80,,6,6,12
115 Sterzing,81,,6,6,12
115 Sterzing,82,,4,8,12
115 Sterzing,83,,4,8,12
115 Sterzing,84,,3,13,16
115 Sterzing,85,,2,12,14
115 Sterzing,86,,1,14,15
115 Sterzing,87,,3,7,10
115 Sterzing,88,,1,3,4
115 Sterzing,89,,2,5,7
115 Sterzing,90,,3,3,6
115 Sterzing,91,,1,3,4
115 Sterzing,92,,-,6,6
115 Sterzing,93,,-,2,2
115 Sterzing,94,,-,1,1
115 Sterzing,96,,-,1,1
115 Sterzing,97,,-,2,2
115 Sterzing,Insgesamt,,2.774,2.882,5.656
116 Feldthurns,0,,19,20,39
116 Feldthurns,1,,23,15,38
116 Feldthurns,2,,18,18,36
116 Feldthurns,3,,18,20,38
116 Feldthurns,4,,17,17,34
116 Feldthurns,5,,28,20,48
116 Feldthurns,6,,17,18,35
116 Feldthurns,7,,11,13,24
116 Feldthurns,8,,12,19,31
116 Feldthurns,9,,19,16,35
116 Feldthurns,10,,17,20,37
116 Feldthurns,11,,22,13,35
116 Feldthurns,12,,16,19,35
116 Feldthurns,13,,14,19,33
116 Feldthurns,14,,17,20,37
116 Feldthurns,15,,24,25,49
116 Feldthurns,16,,17,21,38
116 Feldthurns,17,,21,19,40
116 Feldthurns,18,,11,25,36
116 Feldthurns,19,,14,16,30
116 Feldthurns,20,,29,23,52
116 Feldthurns,21,,18,17,35
116 Feldthurns,22,,25,22,47
116 Feldthurns,23,,17,18,35
116 Feldthurns,24,,22,30,52
116 Feldthurns,25,,21,22,43
116 Feldthurns,26,,31,21,52
116 Feldthurns,27,,19,23,42
116 Feldthurns,28,,14,24,38
116 Feldthurns,29,,24,28,52
116 Feldthurns,30,,18,28,46
116 Feldthurns,31,,25,20,45
116 Feldthurns,32,,19,22,41
116 Feldthurns,33,,23,27,50
116 Feldthurns,34,,27,20,47
116 Feldthurns,35,,24,16,40
116 Feldthurns,36,,16,16,32
116 Feldthurns,37,,19,19,38
116 Feldthurns,38,,19,11,30
116 Feldthurns,39,,17,16,33
116 Feldthurns,40,,16,20,36
116 Feldthurns,41,,14,13,27
116 Feldthurns,42,,12,18,30
116 Feldthurns,43,,15,13,28
116 Feldthurns,44,,14,15,29
116 Feldthurns,45,,17,12,29
116 Feldthurns,46,,24,16,40
116 Feldthurns,47,,15,11,26
116 Feldthurns,48,,12,15,27
116 Feldthurns,49,,7,14,21
116 Feldthurns,50,,14,11,25
116 Feldthurns,51,,15,8,23
116 Feldthurns,52,,10,9,19
116 Feldthurns,53,,13,14,27
116 Feldthurns,54,,22,11,33
116 Feldthurns,55,,13,13,26
116 Feldthurns,56,,9,9,18
116 Feldthurns,57,,8,4,12
116 Feldthurns,58,,11,7,18
116 Feldthurns,59,,8,11,19
116 Feldthurns,60,,11,8,19
116 Feldthurns,61,,4,11,15
116 Feldthurns,62,,8,12,20
116 Feldthurns,63,,11,11,22
116 Feldthurns,64,,5,5,10
116 Feldthurns,65,,7,5,12
116 Feldthurns,66,,9,11,20
116 Feldthurns,67,,6,7,13
116 Feldthurns,68,,6,14,20
116 Feldthurns,69,,5,12,17
116 Feldthurns,70,,9,4,13
116 Feldthurns,71,,4,6,10
116 Feldthurns,72,,3,10,13
116 Feldthurns,73,,7,10,17
116 Feldthurns,74,,4,9,13
116 Feldthurns,75,,8,11,19
116 Feldthurns,76,,2,10,12
116 Feldthurns,77,,4,9,13
116 Feldthurns,78,,11,10,21
116 Feldthurns,79,,5,5,10
116 Feldthurns,80,,3,1,4
116 Feldthurns,81,,2,1,3
116 Feldthurns,82,,-,4,4
116 Feldthurns,83,,2,7,9
116 Feldthurns,84,,1,5,6
116 Feldthurns,85,,1,4,5
116 Feldthurns,86,,1,4,5
116 Feldthurns,87,,1,2,3
116 Feldthurns,89,,2,-,2
116 Feldthurns,92,,-,1,1
116 Feldthurns,94,,-,1,1
116 Feldthurns,Insgesamt,,1.193,1.250,2.443
117 Wengen,0,,9,7,16
117 Wengen,1,,12,9,21
117 Wengen,2,,9,9,18
117 Wengen,3,,11,10,21
117 Wengen,4,,12,7,19
117 Wengen,5,,11,7,18
117 Wengen,6,,10,7,17
117 Wengen,7,,17,6,23
117 Wengen,8,,12,8,20
117 Wengen,9,,5,7,12
117 Wengen,10,,7,9,16
117 Wengen,11,,11,5,16
117 Wengen,12,,9,8,17
117 Wengen,13,,9,6,15
117 Wengen,14,,14,8,22
117 Wengen,15,,13,5,18
117 Wengen,16,,11,5,16
117 Wengen,17,,6,8,14
117 Wengen,18,,9,10,19
117 Wengen,19,,14,7,21
117 Wengen,20,,6,8,14
117 Wengen,21,,10,8,18
117 Wengen,22,,6,10,16
117 Wengen,23,,16,10,26
117 Wengen,24,,10,9,19
117 Wengen,25,,16,13,29
117 Wengen,26,,13,16,29
117 Wengen,27,,14,15,29
117 Wengen,28,,12,16,28
117 Wengen,29,,11,14,25
117 Wengen,30,,18,10,28
117 Wengen,31,,11,12,23
117 Wengen,32,,12,6,18
117 Wengen,33,,9,10,19
117 Wengen,34,,12,6,18
117 Wengen,35,,12,13,25
117 Wengen,36,,14,8,22
117 Wengen,37,,9,9,18
117 Wengen,38,,11,12,23
117 Wengen,39,,7,7,14
117 Wengen,40,,5,8,13
117 Wengen,41,,7,11,18
117 Wengen,42,,6,6,12
117 Wengen,43,,8,6,14
117 Wengen,44,,10,5,15
117 Wengen,45,,7,2,9
117 Wengen,46,,6,7,13
117 Wengen,47,,10,5,15
117 Wengen,48,,3,6,9
117 Wengen,49,,5,9,14
117 Wengen,50,,2,12,14
117 Wengen,51,,6,3,9
117 Wengen,52,,5,3,8
117 Wengen,53,,5,3,8
117 Wengen,54,,9,8,17
117 Wengen,55,,3,7,10
117 Wengen,56,,8,7,15
117 Wengen,57,,4,4,8
117 Wengen,58,,7,8,15
117 Wengen,59,,6,3,9
117 Wengen,60,,5,4,9
117 Wengen,61,,7,7,14
117 Wengen,62,,2,1,3
117 Wengen,63,,4,7,11
117 Wengen,64,,2,9,11
117 Wengen,65,,5,2,7
117 Wengen,66,,3,8,11
117 Wengen,67,,5,2,7
117 Wengen,68,,5,3,8
117 Wengen,69,,2,9,11
117 Wengen,70,,5,4,9
117 Wengen,71,,4,5,9
117 Wengen,72,,4,6,10
117 Wengen,73,,3,4,7
117 Wengen,74,,2,5,7
117 Wengen,75,,3,6,9
117 Wengen,76,,3,5,8
117 Wengen,77,,5,9,14
117 Wengen,78,,3,4,7
117 Wengen,79,,2,2,4
117 Wengen,80,,1,-,1
117 Wengen,81,,2,1,3
117 Wengen,83,,1,2,3
117 Wengen,84,,1,-,1
117 Wengen,85,,1,2,3
117 Wengen,86,,2,1,3
117 Wengen,87,,1,-,1
117 Wengen,88,,-,1,1
117 Wengen,89,,-,1,1
117 Wengen,90,,-,4,4
117 Wengen,92,,1,-,1
117 Wengen,93,,1,-,1
117 Wengen,94,,-,1,1
117 Wengen,Insgesamt,,647,598,1.245
118 U.L.Frau i.W.-St.Felix,0,,6,9,15
118 U.L.Frau i.W.-St.Felix,1,,4,4,8
118 U.L.Frau i.W.-St.Felix,2,,8,5,13
118 U.L.Frau i.W.-St.Felix,3,,4,9,13
118 U.L.Frau i.W.-St.Felix,4,,7,8,15
118 U.L.Frau i.W.-St.Felix,5,,9,5,14
118 U.L.Frau i.W.-St.Felix,6,,7,4,11
118 U.L.Frau i.W.-St.Felix,7,,10,8,18
118 U.L.Frau i.W.-St.Felix,8,,8,5,13
118 U.L.Frau i.W.-St.Felix,9,,9,6,15
118 U.L.Frau i.W.-St.Felix,10,,8,6,14
118 U.L.Frau i.W.-St.Felix,11,,4,7,11
118 U.L.Frau i.W.-St.Felix,12,,8,4,12
118 U.L.Frau i.W.-St.Felix,13,,5,7,12
118 U.L.Frau i.W.-St.Felix,14,,6,7,13
118 U.L.Frau i.W.-St.Felix,15,,2,10,12
118 U.L.Frau i.W.-St.Felix,16,,3,6,9
118 U.L.Frau i.W.-St.Felix,17,,6,3,9
118 U.L.Frau i.W.-St.Felix,18,,3,6,9
118 U.L.Frau i.W.-St.Felix,19,,2,2,4
118 U.L.Frau i.W.-St.Felix,20,,1,3,4
118 U.L.Frau i.W.-St.Felix,21,,5,4,9
118 U.L.Frau i.W.-St.Felix,22,,4,8,12
118 U.L.Frau i.W.-St.Felix,23,,7,3,10
118 U.L.Frau i.W.-St.Felix,24,,5,4,9
118 U.L.Frau i.W.-St.Felix,25,,4,4,8
118 U.L.Frau i.W.-St.Felix,26,,8,3,11
118 U.L.Frau i.W.-St.Felix,27,,2,4,6
118 U.L.Frau i.W.-St.Felix,28,,6,7,13
118 U.L.Frau i.W.-St.Felix,29,,8,5,13
118 U.L.Frau i.W.-St.Felix,30,,6,10,16
118 U.L.Frau i.W.-St.Felix,31,,4,6,10
118 U.L.Frau i.W.-St.Felix,32,,9,8,17
118 U.L.Frau i.W.-St.Felix,33,,9,5,14
118 U.L.Frau i.W.-St.Felix,34,,4,8,12
118 U.L.Frau i.W.-St.Felix,35,,17,8,25
118 U.L.Frau i.W.-St.Felix,36,,8,12,20
118 U.L.Frau i.W.-St.Felix,37,,4,4,8
118 U.L.Frau i.W.-St.Felix,38,,8,10,18
118 U.L.Frau i.W.-St.Felix,39,,5,6,11
118 U.L.Frau i.W.-St.Felix,40,,4,2,6
118 U.L.Frau i.W.-St.Felix,41,,3,5,8
118 U.L.Frau i.W.-St.Felix,42,,5,7,12
118 U.L.Frau i.W.-St.Felix,43,,4,4,8
118 U.L.Frau i.W.-St.Felix,44,,7,4,11
118 U.L.Frau i.W.-St.Felix,45,,3,3,6
118 U.L.Frau i.W.-St.Felix,46,,6,3,9
118 U.L.Frau i.W.-St.Felix,47,,6,3,9
118 U.L.Frau i.W.-St.Felix,48,,3,3,6
118 U.L.Frau i.W.-St.Felix,49,,5,-,5
118 U.L.Frau i.W.-St.Felix,50,,5,2,7
118 U.L.Frau i.W.-St.Felix,51,,2,6,8
118 U.L.Frau i.W.-St.Felix,52,,2,5,7
118 U.L.Frau i.W.-St.Felix,53,,3,1,4
118 U.L.Frau i.W.-St.Felix,54,,5,-,5
118 U.L.Frau i.W.-St.Felix,55,,7,4,11
118 U.L.Frau i.W.-St.Felix,56,,4,4,8
118 U.L.Frau i.W.-St.Felix,57,,5,8,13
118 U.L.Frau i.W.-St.Felix,58,,3,1,4
118 U.L.Frau i.W.-St.Felix,59,,1,4,5
118 U.L.Frau i.W.-St.Felix,60,,3,4,7
118 U.L.Frau i.W.-St.Felix,61,,3,-,3
118 U.L.Frau i.W.-St.Felix,62,,5,2,7
118 U.L.Frau i.W.-St.Felix,63,,3,4,7
118 U.L.Frau i.W.-St.Felix,64,,3,3,6
118 U.L.Frau i.W.-St.Felix,65,,6,5,11
118 U.L.Frau i.W.-St.Felix,66,,6,1,7
118 U.L.Frau i.W.-St.Felix,67,,4,1,5
118 U.L.Frau i.W.-St.Felix,68,,4,5,9
118 U.L.Frau i.W.-St.Felix,69,,2,3,5
118 U.L.Frau i.W.-St.Felix,70,,3,5,8
118 U.L.Frau i.W.-St.Felix,71,,3,4,7
118 U.L.Frau i.W.-St.Felix,72,,2,3,5
118 U.L.Frau i.W.-St.Felix,73,,5,6,11
118 U.L.Frau i.W.-St.Felix,74,,6,4,10
118 U.L.Frau i.W.-St.Felix,75,,2,6,8
118 U.L.Frau i.W.-St.Felix,76,,1,2,3
118 U.L.Frau i.W.-St.Felix,77,,-,3,3
118 U.L.Frau i.W.-St.Felix,78,,-,1,1
118 U.L.Frau i.W.-St.Felix,79,,1,2,3
118 U.L.Frau i.W.-St.Felix,81,,1,-,1
118 U.L.Frau i.W.-St.Felix,83,,1,1,2
118 U.L.Frau i.W.-St.Felix,84,,2,1,3
118 U.L.Frau i.W.-St.Felix,85,,2,3,5
118 U.L.Frau i.W.-St.Felix,86,,2,2,4
118 U.L.Frau i.W.-St.Felix,88,,1,2,3
118 U.L.Frau i.W.-St.Felix,90,,-,1,1
118 U.L.Frau i.W.-St.Felix,91,,1,-,1
118 U.L.Frau i.W.-St.Felix,93,,1,-,1
118 U.L.Frau i.W.-St.Felix,Insgesamt,,399,386,785
Insgesamt,,,226.192,232.376,458.568
