Gemeinde,Altersklassen,Geschlecht,Männer,Frauen,Insgesamt
001 Aldein,0,,7,13,20
001 Aldein,1,,12,9,21
001 Aldein,2,,16,10,26
001 Aldein,3,,15,9,24
001 Aldein,4,,11,11,22
001 Aldein,5,,17,8,25
001 Aldein,6,,13,4,17
001 Aldein,7,,16,14,30
001 Aldein,8,,10,16,26
001 Aldein,9,,15,8,23
001 Aldein,10,,7,8,15
001 Aldein,11,,10,12,22
001 Aldein,12,,14,8,22
001 Aldein,13,,13,12,25
001 Aldein,14,,9,13,22
001 Aldein,15,,7,8,15
001 Aldein,16,,7,6,13
001 Aldein,17,,9,16,25
001 Aldein,18,,11,9,20
001 Aldein,19,,11,7,18
001 Aldein,20,,11,9,20
001 Aldein,21,,15,13,28
001 Aldein,22,,9,7,16
001 Aldein,23,,13,13,26
001 Aldein,24,,14,6,20
001 Aldein,25,,10,13,23
001 Aldein,26,,10,13,23
001 Aldein,27,,11,16,27
001 Aldein,28,,11,6,17
001 Aldein,29,,8,20,28
001 Aldein,30,,11,13,24
001 Aldein,31,,16,16,32
001 Aldein,32,,12,14,26
001 Aldein,33,,15,10,25
001 Aldein,34,,20,11,31
001 Aldein,35,,14,16,30
001 Aldein,36,,13,14,27
001 Aldein,37,,21,7,28
001 Aldein,38,,13,16,29
001 Aldein,39,,6,15,21
001 Aldein,40,,6,19,25
001 Aldein,41,,16,9,25
001 Aldein,42,,14,11,25
001 Aldein,43,,14,6,20
001 Aldein,44,,8,17,25
001 Aldein,45,,16,15,31
001 Aldein,46,,15,9,24
001 Aldein,47,,12,13,25
001 Aldein,48,,8,5,13
001 Aldein,49,,9,10,19
001 Aldein,50,,10,8,18
001 Aldein,51,,9,9,18
001 Aldein,52,,9,6,15
001 Aldein,53,,9,9,18
001 Aldein,54,,7,5,12
001 Aldein,55,,16,10,26
001 Aldein,56,,5,11,16
001 Aldein,57,,8,6,14
001 Aldein,58,,9,9,18
001 Aldein,59,,5,11,16
001 Aldein,60,,7,12,19
001 Aldein,61,,10,5,15
001 Aldein,62,,5,7,12
001 Aldein,63,,11,11,22
001 Aldein,64,,7,12,19
001 Aldein,65,,5,12,17
001 Aldein,66,,7,8,15
001 Aldein,67,,5,8,13
001 Aldein,68,,7,7,14
001 Aldein,69,,5,10,15
001 Aldein,70,,8,5,13
001 Aldein,71,,4,4,8
001 Aldein,72,,14,4,18
001 Aldein,73,,7,4,11
001 Aldein,74,,4,7,11
001 Aldein,75,,6,4,10
001 Aldein,76,,4,5,9
001 Aldein,77,,7,8,15
001 Aldein,78,,5,2,7
001 Aldein,79,,5,5,10
001 Aldein,80,,-,5,5
001 Aldein,81,,1,5,6
001 Aldein,82,,-,7,7
001 Aldein,83,,2,4,6
001 Aldein,84,,1,9,10
001 Aldein,85,,3,8,11
001 Aldein,86,,4,1,5
001 Aldein,87,,-,4,4
001 Aldein,90,,2,1,3
001 Aldein,93,,-,2,2
001 Aldein,94,,-,1,1
001 Aldein,99,,-,1,1
002 Andrian,0,,9,3,12
002 Andrian,1,,7,6,13
002 Andrian,2,,9,3,12
002 Andrian,3,,7,8,15
002 Andrian,4,,3,-,3
002 Andrian,5,,3,3,6
002 Andrian,6,,6,5,11
002 Andrian,7,,3,6,9
002 Andrian,8,,9,2,11
002 Andrian,9,,10,6,16
002 Andrian,10,,2,11,13
002 Andrian,11,,8,4,12
002 Andrian,12,,5,6,11
002 Andrian,13,,5,5,10
002 Andrian,14,,6,6,12
002 Andrian,15,,5,7,12
002 Andrian,16,,5,5,10
002 Andrian,17,,4,4,8
002 Andrian,18,,12,6,18
002 Andrian,19,,6,8,14
002 Andrian,20,,9,4,13
002 Andrian,21,,1,3,4
002 Andrian,22,,8,5,13
002 Andrian,23,,7,3,10
002 Andrian,24,,10,7,17
002 Andrian,25,,2,4,6
002 Andrian,26,,7,5,12
002 Andrian,27,,6,5,11
002 Andrian,28,,6,5,11
002 Andrian,29,,7,5,12
002 Andrian,30,,5,7,12
002 Andrian,31,,8,4,12
002 Andrian,32,,7,8,15
002 Andrian,33,,8,10,18
002 Andrian,34,,6,9,15
002 Andrian,35,,7,9,16
002 Andrian,36,,13,5,18
002 Andrian,37,,7,7,14
002 Andrian,38,,9,12,21
002 Andrian,39,,9,8,17
002 Andrian,40,,8,7,15
002 Andrian,41,,11,10,21
002 Andrian,42,,7,8,15
002 Andrian,43,,6,12,18
002 Andrian,44,,10,8,18
002 Andrian,45,,8,4,12
002 Andrian,46,,8,4,12
002 Andrian,47,,7,4,11
002 Andrian,48,,8,8,16
002 Andrian,49,,5,6,11
002 Andrian,50,,5,9,14
002 Andrian,51,,2,4,6
002 Andrian,52,,6,2,8
002 Andrian,53,,6,7,13
002 Andrian,54,,2,3,5
002 Andrian,55,,3,3,6
002 Andrian,56,,6,5,11
002 Andrian,57,,4,2,6
002 Andrian,58,,6,4,10
002 Andrian,59,,5,4,9
002 Andrian,60,,5,8,13
002 Andrian,61,,1,3,4
002 Andrian,62,,2,5,7
002 Andrian,63,,6,7,13
002 Andrian,64,,4,5,9
002 Andrian,65,,6,4,10
002 Andrian,66,,3,7,10
002 Andrian,67,,1,7,8
002 Andrian,68,,4,3,7
002 Andrian,69,,5,4,9
002 Andrian,70,,2,2,4
002 Andrian,71,,3,2,5
002 Andrian,72,,5,3,8
002 Andrian,73,,3,4,7
002 Andrian,74,,7,5,12
002 Andrian,75,,3,4,7
002 Andrian,76,,4,2,6
002 Andrian,77,,2,1,3
002 Andrian,78,,1,4,5
002 Andrian,79,,-,2,2
002 Andrian,80,,3,4,7
002 Andrian,81,,1,1,2
002 Andrian,82,,2,4,6
002 Andrian,83,,-,1,1
002 Andrian,84,,1,3,4
002 Andrian,85,,1,3,4
002 Andrian,86,,1,-,1
002 Andrian,87,,2,1,3
002 Andrian,88,,-,1,1
002 Andrian,90,,1,-,1
002 Andrian,91,,-,1,1
002 Andrian,92,,1,1,2
002 Andrian,94,,-,1,1
002 Andrian,95,,-,1,1
002 Andrian,99,,-,1,1
003 Altrei,0,,2,-,2
003 Altrei,1,,3,1,4
003 Altrei,2,,1,1,2
003 Altrei,3,,-,1,1
003 Altrei,4,,4,1,5
003 Altrei,5,,3,1,4
003 Altrei,6,,1,1,2
003 Altrei,7,,3,-,3
003 Altrei,8,,3,1,4
003 Altrei,9,,-,1,1
003 Altrei,10,,-,3,3
003 Altrei,11,,1,2,3
003 Altrei,12,,3,2,5
003 Altrei,13,,3,-,3
003 Altrei,14,,6,3,9
003 Altrei,15,,1,-,1
003 Altrei,16,,3,2,5
003 Altrei,17,,2,2,4
003 Altrei,18,,4,5,9
003 Altrei,19,,2,1,3
003 Altrei,20,,3,2,5
003 Altrei,21,,3,1,4
003 Altrei,22,,3,-,3
003 Altrei,23,,4,2,6
003 Altrei,24,,3,2,5
003 Altrei,25,,3,2,5
003 Altrei,26,,3,4,7
003 Altrei,27,,1,2,3
003 Altrei,28,,2,6,8
003 Altrei,29,,-,2,2
003 Altrei,30,,2,3,5
003 Altrei,31,,3,1,4
003 Altrei,32,,1,-,1
003 Altrei,33,,2,3,5
003 Altrei,34,,3,1,4
003 Altrei,35,,5,3,8
003 Altrei,36,,1,3,4
003 Altrei,37,,3,5,8
003 Altrei,38,,1,4,5
003 Altrei,39,,4,1,5
003 Altrei,40,,3,4,7
003 Altrei,41,,2,5,7
003 Altrei,42,,3,6,9
003 Altrei,43,,2,2,4
003 Altrei,44,,10,2,12
003 Altrei,45,,2,3,5
003 Altrei,46,,5,2,7
003 Altrei,47,,5,3,8
003 Altrei,48,,2,3,5
003 Altrei,49,,2,3,5
003 Altrei,50,,5,1,6
003 Altrei,51,,3,3,6
003 Altrei,52,,1,1,2
003 Altrei,53,,3,2,5
003 Altrei,54,,6,3,9
003 Altrei,55,,5,3,8
003 Altrei,56,,1,2,3
003 Altrei,57,,1,-,1
003 Altrei,58,,3,3,6
003 Altrei,59,,3,2,5
003 Altrei,60,,2,3,5
003 Altrei,61,,3,1,4
003 Altrei,62,,2,3,5
003 Altrei,63,,1,3,4
003 Altrei,64,,3,1,4
003 Altrei,65,,1,3,4
003 Altrei,66,,1,4,5
003 Altrei,67,,2,3,5
003 Altrei,68,,1,1,2
003 Altrei,69,,2,1,3
003 Altrei,70,,3,1,4
003 Altrei,71,,3,2,5
003 Altrei,72,,-,2,2
003 Altrei,73,,3,2,5
003 Altrei,74,,-,3,3
003 Altrei,75,,-,2,2
003 Altrei,76,,2,2,4
003 Altrei,77,,2,2,4
003 Altrei,78,,-,2,2
003 Altrei,79,,2,3,5
003 Altrei,80,,1,4,5
003 Altrei,82,,1,2,3
003 Altrei,83,,-,1,1
003 Altrei,84,,1,1,2
003 Altrei,85,,-,1,1
003 Altrei,86,,1,-,1
003 Altrei,89,,-,2,2
003 Altrei,91,,-,1,1
003 Altrei,92,,-,1,1
003 Altrei,93,,1,-,1
003 Altrei,95,,-,2,2
003 Altrei,98,,-,1,1
004 Eppan a.d. Weinstr.,0,,101,71,172
004 Eppan a.d. Weinstr.,1,,86,105,191
004 Eppan a.d. Weinstr.,2,,87,64,151
004 Eppan a.d. Weinstr.,3,,84,69,153
004 Eppan a.d. Weinstr.,4,,80,74,154
004 Eppan a.d. Weinstr.,5,,76,78,154
004 Eppan a.d. Weinstr.,6,,73,80,153
004 Eppan a.d. Weinstr.,7,,91,55,146
004 Eppan a.d. Weinstr.,8,,84,83,167
004 Eppan a.d. Weinstr.,9,,73,70,143
004 Eppan a.d. Weinstr.,10,,75,71,146
004 Eppan a.d. Weinstr.,11,,72,69,141
004 Eppan a.d. Weinstr.,12,,76,80,156
004 Eppan a.d. Weinstr.,13,,80,87,167
004 Eppan a.d. Weinstr.,14,,68,74,142
004 Eppan a.d. Weinstr.,15,,80,63,143
004 Eppan a.d. Weinstr.,16,,85,63,148
004 Eppan a.d. Weinstr.,17,,80,64,144
004 Eppan a.d. Weinstr.,18,,81,82,163
004 Eppan a.d. Weinstr.,19,,74,65,139
004 Eppan a.d. Weinstr.,20,,89,71,160
004 Eppan a.d. Weinstr.,21,,81,54,135
004 Eppan a.d. Weinstr.,22,,81,75,156
004 Eppan a.d. Weinstr.,23,,66,75,141
004 Eppan a.d. Weinstr.,24,,71,74,145
004 Eppan a.d. Weinstr.,25,,64,80,144
004 Eppan a.d. Weinstr.,26,,83,79,162
004 Eppan a.d. Weinstr.,27,,78,82,160
004 Eppan a.d. Weinstr.,28,,89,86,175
004 Eppan a.d. Weinstr.,29,,82,77,159
004 Eppan a.d. Weinstr.,30,,86,91,177
004 Eppan a.d. Weinstr.,31,,91,96,187
004 Eppan a.d. Weinstr.,32,,87,100,187
004 Eppan a.d. Weinstr.,33,,103,102,205
004 Eppan a.d. Weinstr.,34,,108,131,239
004 Eppan a.d. Weinstr.,35,,111,105,216
004 Eppan a.d. Weinstr.,36,,136,124,260
004 Eppan a.d. Weinstr.,37,,137,124,261
004 Eppan a.d. Weinstr.,38,,121,114,235
004 Eppan a.d. Weinstr.,39,,128,121,249
004 Eppan a.d. Weinstr.,40,,127,137,264
004 Eppan a.d. Weinstr.,41,,105,117,222
004 Eppan a.d. Weinstr.,42,,130,114,244
004 Eppan a.d. Weinstr.,43,,106,125,231
004 Eppan a.d. Weinstr.,44,,122,112,234
004 Eppan a.d. Weinstr.,45,,122,103,225
004 Eppan a.d. Weinstr.,46,,110,117,227
004 Eppan a.d. Weinstr.,47,,116,109,225
004 Eppan a.d. Weinstr.,48,,107,101,208
004 Eppan a.d. Weinstr.,49,,98,94,192
004 Eppan a.d. Weinstr.,50,,91,73,164
004 Eppan a.d. Weinstr.,51,,88,88,176
004 Eppan a.d. Weinstr.,52,,70,86,156
004 Eppan a.d. Weinstr.,53,,85,78,163
004 Eppan a.d. Weinstr.,54,,68,85,153
004 Eppan a.d. Weinstr.,55,,84,62,146
004 Eppan a.d. Weinstr.,56,,57,72,129
004 Eppan a.d. Weinstr.,57,,62,59,121
004 Eppan a.d. Weinstr.,58,,79,68,147
004 Eppan a.d. Weinstr.,59,,62,81,143
004 Eppan a.d. Weinstr.,60,,83,70,153
004 Eppan a.d. Weinstr.,61,,57,46,103
004 Eppan a.d. Weinstr.,62,,73,84,157
004 Eppan a.d. Weinstr.,63,,94,80,174
004 Eppan a.d. Weinstr.,64,,88,80,168
004 Eppan a.d. Weinstr.,65,,62,103,165
004 Eppan a.d. Weinstr.,66,,72,57,129
004 Eppan a.d. Weinstr.,67,,58,79,137
004 Eppan a.d. Weinstr.,68,,58,52,110
004 Eppan a.d. Weinstr.,69,,44,56,100
004 Eppan a.d. Weinstr.,70,,45,49,94
004 Eppan a.d. Weinstr.,71,,35,47,82
004 Eppan a.d. Weinstr.,72,,31,49,80
004 Eppan a.d. Weinstr.,73,,52,52,104
004 Eppan a.d. Weinstr.,74,,42,49,91
004 Eppan a.d. Weinstr.,75,,34,58,92
004 Eppan a.d. Weinstr.,76,,45,61,106
004 Eppan a.d. Weinstr.,77,,34,52,86
004 Eppan a.d. Weinstr.,78,,35,39,74
004 Eppan a.d. Weinstr.,79,,26,43,69
004 Eppan a.d. Weinstr.,80,,35,49,84
004 Eppan a.d. Weinstr.,81,,30,53,83
004 Eppan a.d. Weinstr.,82,,16,54,70
004 Eppan a.d. Weinstr.,83,,18,35,53
004 Eppan a.d. Weinstr.,84,,10,35,45
004 Eppan a.d. Weinstr.,85,,18,34,52
004 Eppan a.d. Weinstr.,86,,11,21,32
004 Eppan a.d. Weinstr.,87,,9,16,25
004 Eppan a.d. Weinstr.,88,,8,11,19
004 Eppan a.d. Weinstr.,89,,7,7,14
004 Eppan a.d. Weinstr.,90,,5,8,13
004 Eppan a.d. Weinstr.,91,,2,9,11
004 Eppan a.d. Weinstr.,92,,5,11,16
004 Eppan a.d. Weinstr.,93,,1,6,7
004 Eppan a.d. Weinstr.,94,,-,12,12
004 Eppan a.d. Weinstr.,95,,2,10,12
004 Eppan a.d. Weinstr.,96,,-,5,5
004 Eppan a.d. Weinstr.,97,,3,5,8
004 Eppan a.d. Weinstr.,98,,-,2,2
004 Eppan a.d. Weinstr.,99,,-,2,2
004 Eppan a.d. Weinstr.,101,,1,-,1
004 Eppan a.d. Weinstr.,102,,-,1,1
005 Hafling,0,,3,6,9
005 Hafling,1,,5,4,9
005 Hafling,2,,4,8,12
005 Hafling,3,,-,5,5
005 Hafling,4,,4,5,9
005 Hafling,5,,4,2,6
005 Hafling,6,,5,9,14
005 Hafling,7,,4,3,7
005 Hafling,8,,3,7,10
005 Hafling,9,,1,9,10
005 Hafling,10,,11,4,15
005 Hafling,11,,6,4,10
005 Hafling,12,,4,5,9
005 Hafling,13,,2,7,9
005 Hafling,14,,3,4,7
005 Hafling,15,,8,3,11
005 Hafling,16,,4,6,10
005 Hafling,17,,4,2,6
005 Hafling,18,,2,7,9
005 Hafling,19,,4,4,8
005 Hafling,20,,5,2,7
005 Hafling,21,,5,5,10
005 Hafling,22,,4,9,13
005 Hafling,23,,2,-,2
005 Hafling,24,,6,4,10
005 Hafling,25,,4,5,9
005 Hafling,26,,3,8,11
005 Hafling,27,,5,3,8
005 Hafling,28,,4,5,9
005 Hafling,29,,4,6,10
005 Hafling,30,,5,7,12
005 Hafling,31,,6,5,11
005 Hafling,32,,5,9,14
005 Hafling,33,,9,1,10
005 Hafling,34,,9,2,11
005 Hafling,35,,10,5,15
005 Hafling,36,,8,6,14
005 Hafling,37,,9,11,20
005 Hafling,38,,3,10,13
005 Hafling,39,,4,3,7
005 Hafling,40,,10,7,17
005 Hafling,41,,7,12,19
005 Hafling,42,,3,2,5
005 Hafling,43,,6,3,9
005 Hafling,44,,5,2,7
005 Hafling,45,,6,3,9
005 Hafling,46,,8,7,15
005 Hafling,47,,5,5,10
005 Hafling,48,,3,4,7
005 Hafling,49,,1,4,5
005 Hafling,50,,3,10,13
005 Hafling,51,,7,3,10
005 Hafling,52,,3,1,4
005 Hafling,53,,2,3,5
005 Hafling,54,,5,2,7
005 Hafling,55,,2,3,5
005 Hafling,56,,5,3,8
005 Hafling,57,,5,3,8
005 Hafling,58,,6,2,8
005 Hafling,59,,2,4,6
005 Hafling,60,,-,4,4
005 Hafling,61,,5,3,8
005 Hafling,62,,1,3,4
005 Hafling,63,,5,4,9
005 Hafling,64,,6,3,9
005 Hafling,65,,5,4,9
005 Hafling,66,,2,1,3
005 Hafling,67,,4,5,9
005 Hafling,68,,3,3,6
005 Hafling,69,,3,1,4
005 Hafling,70,,1,1,2
005 Hafling,71,,2,1,3
005 Hafling,72,,-,2,2
005 Hafling,73,,4,4,8
005 Hafling,74,,3,4,7
005 Hafling,75,,3,7,10
005 Hafling,76,,1,4,5
005 Hafling,77,,3,1,4
005 Hafling,78,,2,3,5
005 Hafling,79,,3,3,6
005 Hafling,80,,-,2,2
005 Hafling,81,,1,-,1
005 Hafling,82,,1,1,2
005 Hafling,83,,1,-,1
005 Hafling,84,,-,2,2
005 Hafling,85,,-,3,3
005 Hafling,86,,2,1,3
005 Hafling,87,,-,2,2
005 Hafling,89,,-,1,1
005 Hafling,90,,-,1,1
005 Hafling,95,,1,-,1
006 Abtei,0,,29,18,47
006 Abtei,1,,21,28,49
006 Abtei,2,,27,16,43
006 Abtei,3,,21,18,39
006 Abtei,4,,12,31,43
006 Abtei,5,,27,25,52
006 Abtei,6,,24,33,57
006 Abtei,7,,22,26,48
006 Abtei,8,,14,14,28
006 Abtei,9,,26,22,48
006 Abtei,10,,29,15,44
006 Abtei,11,,25,30,55
006 Abtei,12,,19,14,33
006 Abtei,13,,15,18,33
006 Abtei,14,,23,14,37
006 Abtei,15,,21,12,33
006 Abtei,16,,22,16,38
006 Abtei,17,,15,15,30
006 Abtei,18,,15,10,25
006 Abtei,19,,19,12,31
006 Abtei,20,,17,18,35
006 Abtei,21,,11,11,22
006 Abtei,22,,12,20,32
006 Abtei,23,,13,12,25
006 Abtei,24,,20,20,40
006 Abtei,25,,16,17,33
006 Abtei,26,,24,19,43
006 Abtei,27,,12,21,33
006 Abtei,28,,23,30,53
006 Abtei,29,,22,32,54
006 Abtei,30,,28,25,53
006 Abtei,31,,16,29,45
006 Abtei,32,,20,24,44
006 Abtei,33,,28,24,52
006 Abtei,34,,44,32,76
006 Abtei,35,,17,34,51
006 Abtei,36,,30,32,62
006 Abtei,37,,28,35,63
006 Abtei,38,,28,36,64
006 Abtei,39,,36,33,69
006 Abtei,40,,24,33,57
006 Abtei,41,,36,26,62
006 Abtei,42,,23,31,54
006 Abtei,43,,32,25,57
006 Abtei,44,,25,29,54
006 Abtei,45,,24,27,51
006 Abtei,46,,28,22,50
006 Abtei,47,,24,23,47
006 Abtei,48,,19,23,42
006 Abtei,49,,20,15,35
006 Abtei,50,,19,17,36
006 Abtei,51,,17,15,32
006 Abtei,52,,12,16,28
006 Abtei,53,,14,19,33
006 Abtei,54,,15,13,28
006 Abtei,55,,12,13,25
006 Abtei,56,,15,19,34
006 Abtei,57,,10,19,29
006 Abtei,58,,24,17,41
006 Abtei,59,,15,16,31
006 Abtei,60,,23,19,42
006 Abtei,61,,15,20,35
006 Abtei,62,,13,17,30
006 Abtei,63,,13,11,24
006 Abtei,64,,21,12,33
006 Abtei,65,,16,23,39
006 Abtei,66,,16,18,34
006 Abtei,67,,15,13,28
006 Abtei,68,,15,17,32
006 Abtei,69,,6,18,24
006 Abtei,70,,16,9,25
006 Abtei,71,,12,18,30
006 Abtei,72,,13,15,28
006 Abtei,73,,9,15,24
006 Abtei,74,,8,5,13
006 Abtei,75,,11,12,23
006 Abtei,76,,15,11,26
006 Abtei,77,,7,8,15
006 Abtei,78,,5,14,19
006 Abtei,79,,6,9,15
006 Abtei,80,,7,6,13
006 Abtei,81,,8,4,12
006 Abtei,82,,5,9,14
006 Abtei,83,,5,9,14
006 Abtei,84,,7,5,12
006 Abtei,85,,3,2,5
006 Abtei,86,,3,8,11
006 Abtei,87,,1,3,4
006 Abtei,88,,1,2,3
006 Abtei,90,,1,2,3
006 Abtei,91,,-,2,2
006 Abtei,92,,-,2,2
006 Abtei,93,,1,-,1
006 Abtei,94,,-,3,3
006 Abtei,96,,1,-,1
007 Barbian,0,,7,4,11
007 Barbian,1,,15,6,21
007 Barbian,2,,9,5,14
007 Barbian,3,,8,14,22
007 Barbian,4,,8,5,13
007 Barbian,5,,11,15,26
007 Barbian,6,,13,7,20
007 Barbian,7,,11,10,21
007 Barbian,8,,16,8,24
007 Barbian,9,,9,9,18
007 Barbian,10,,11,10,21
007 Barbian,11,,10,7,17
007 Barbian,12,,8,5,13
007 Barbian,13,,10,13,23
007 Barbian,14,,12,7,19
007 Barbian,15,,12,11,23
007 Barbian,16,,14,13,27
007 Barbian,17,,10,13,23
007 Barbian,18,,12,6,18
007 Barbian,19,,7,8,15
007 Barbian,20,,14,7,21
007 Barbian,21,,7,8,15
007 Barbian,22,,10,7,17
007 Barbian,23,,11,8,19
007 Barbian,24,,9,6,15
007 Barbian,25,,12,14,26
007 Barbian,26,,10,6,16
007 Barbian,27,,18,12,30
007 Barbian,28,,11,11,22
007 Barbian,29,,8,16,24
007 Barbian,30,,9,12,21
007 Barbian,31,,12,10,22
007 Barbian,32,,13,13,26
007 Barbian,33,,9,17,26
007 Barbian,34,,18,15,33
007 Barbian,35,,16,11,27
007 Barbian,36,,11,10,21
007 Barbian,37,,16,6,22
007 Barbian,38,,13,12,25
007 Barbian,39,,9,8,17
007 Barbian,40,,13,13,26
007 Barbian,41,,8,13,21
007 Barbian,42,,14,15,29
007 Barbian,43,,13,15,28
007 Barbian,44,,15,14,29
007 Barbian,45,,18,11,29
007 Barbian,46,,12,15,27
007 Barbian,47,,12,9,21
007 Barbian,48,,7,9,16
007 Barbian,49,,15,7,22
007 Barbian,50,,4,9,13
007 Barbian,51,,7,6,13
007 Barbian,52,,7,14,21
007 Barbian,53,,9,9,18
007 Barbian,54,,7,5,12
007 Barbian,55,,7,10,17
007 Barbian,56,,10,11,21
007 Barbian,57,,5,6,11
007 Barbian,58,,3,5,8
007 Barbian,59,,5,11,16
007 Barbian,60,,17,6,23
007 Barbian,61,,7,4,11
007 Barbian,62,,10,9,19
007 Barbian,63,,8,6,14
007 Barbian,64,,11,12,23
007 Barbian,65,,8,12,20
007 Barbian,66,,9,3,12
007 Barbian,67,,6,3,9
007 Barbian,68,,5,10,15
007 Barbian,69,,8,8,16
007 Barbian,70,,3,5,8
007 Barbian,71,,3,6,9
007 Barbian,72,,5,5,10
007 Barbian,73,,7,4,11
007 Barbian,74,,6,6,12
007 Barbian,75,,4,8,12
007 Barbian,76,,5,5,10
007 Barbian,77,,7,7,14
007 Barbian,78,,4,8,12
007 Barbian,79,,4,2,6
007 Barbian,80,,3,3,6
007 Barbian,81,,4,2,6
007 Barbian,82,,1,5,6
007 Barbian,83,,3,5,8
007 Barbian,84,,2,4,6
007 Barbian,85,,1,2,3
007 Barbian,86,,1,2,3
007 Barbian,87,,-,2,2
007 Barbian,88,,1,-,1
007 Barbian,89,,-,1,1
007 Barbian,90,,-,1,1
007 Barbian,92,,1,1,2
007 Barbian,95,,2,-,2
008 Bozen,0,,457,475,932
008 Bozen,1,,517,442,959
008 Bozen,2,,491,457,948
008 Bozen,3,,496,484,980
008 Bozen,4,,477,439,916
008 Bozen,5,,489,446,935
008 Bozen,6,,442,452,894
008 Bozen,7,,475,464,939
008 Bozen,8,,467,457,924
008 Bozen,9,,465,402,867
008 Bozen,10,,436,462,898
008 Bozen,11,,430,388,818
008 Bozen,12,,463,443,906
008 Bozen,13,,415,429,844
008 Bozen,14,,439,396,835
008 Bozen,15,,485,402,887
008 Bozen,16,,453,417,870
008 Bozen,17,,440,413,853
008 Bozen,18,,450,409,859
008 Bozen,19,,376,399,775
008 Bozen,20,,420,379,799
008 Bozen,21,,442,408,850
008 Bozen,22,,436,430,866
008 Bozen,23,,504,420,924
008 Bozen,24,,511,441,952
008 Bozen,25,,535,450,985
008 Bozen,26,,599,484,1.083
008 Bozen,27,,534,517,1.051
008 Bozen,28,,580,519,1.099
008 Bozen,29,,604,549,1.153
008 Bozen,30,,637,622,1.259
008 Bozen,31,,704,681,1.385
008 Bozen,32,,749,737,1.486
008 Bozen,33,,747,802,1.549
008 Bozen,34,,837,789,1.626
008 Bozen,35,,875,852,1.727
008 Bozen,36,,854,781,1.635
008 Bozen,37,,910,842,1.752
008 Bozen,38,,831,777,1.608
008 Bozen,39,,804,827,1.631
008 Bozen,40,,878,869,1.747
008 Bozen,41,,921,862,1.783
008 Bozen,42,,914,895,1.809
008 Bozen,43,,768,849,1.617
008 Bozen,44,,769,781,1.550
008 Bozen,45,,767,727,1.494
008 Bozen,46,,708,729,1.437
008 Bozen,47,,701,689,1.390
008 Bozen,48,,684,696,1.380
008 Bozen,49,,609,719,1.328
008 Bozen,50,,632,665,1.297
008 Bozen,51,,608,628,1.236
008 Bozen,52,,608,602,1.210
008 Bozen,53,,537,612,1.149
008 Bozen,54,,543,646,1.189
008 Bozen,55,,536,629,1.165
008 Bozen,56,,586,680,1.266
008 Bozen,57,,592,638,1.230
008 Bozen,58,,640,729,1.369
008 Bozen,59,,615,796,1.411
008 Bozen,60,,700,871,1.571
008 Bozen,61,,534,583,1.117
008 Bozen,62,,583,709,1.292
008 Bozen,63,,620,720,1.340
008 Bozen,64,,629,705,1.334
008 Bozen,65,,679,746,1.425
008 Bozen,66,,651,719,1.370
008 Bozen,67,,572,717,1.289
008 Bozen,68,,613,660,1.273
008 Bozen,69,,534,570,1.104
008 Bozen,70,,482,551,1.033
008 Bozen,71,,453,566,1.019
008 Bozen,72,,476,554,1.030
008 Bozen,73,,388,559,947
008 Bozen,74,,416,562,978
008 Bozen,75,,410,552,962
008 Bozen,76,,403,537,940
008 Bozen,77,,281,510,791
008 Bozen,78,,327,480,807
008 Bozen,79,,288,464,752
008 Bozen,80,,329,448,777
008 Bozen,81,,257,475,732
008 Bozen,82,,231,425,656
008 Bozen,83,,219,441,660
008 Bozen,84,,207,451,658
008 Bozen,85,,179,386,565
008 Bozen,86,,130,348,478
008 Bozen,87,,72,211,283
008 Bozen,88,,44,123,167
008 Bozen,89,,38,104,142
008 Bozen,90,,43,119,162
008 Bozen,91,,41,149,190
008 Bozen,92,,48,127,175
008 Bozen,93,,33,107,140
008 Bozen,94,,21,80,101
008 Bozen,95,,13,61,74
008 Bozen,96,,11,37,48
008 Bozen,97,,7,26,33
008 Bozen,98,,5,23,28
008 Bozen,99,,1,11,12
008 Bozen,100,,1,10,11
008 Bozen,101,,1,6,7
008 Bozen,102,,-,1,1
008 Bozen,105,,-,2,2
009 Prags,0,,4,3,7
009 Prags,1,,3,3,6
009 Prags,2,,3,4,7
009 Prags,3,,2,5,7
009 Prags,4,,1,5,6
009 Prags,5,,6,6,12
009 Prags,6,,2,3,5
009 Prags,7,,4,9,13
009 Prags,8,,2,4,6
009 Prags,9,,3,5,8
009 Prags,10,,2,7,9
009 Prags,11,,3,2,5
009 Prags,12,,4,6,10
009 Prags,13,,7,3,10
009 Prags,14,,6,3,9
009 Prags,15,,8,2,10
009 Prags,16,,4,2,6
009 Prags,17,,9,3,12
009 Prags,18,,2,3,5
009 Prags,19,,3,3,6
009 Prags,20,,5,5,10
009 Prags,21,,8,2,10
009 Prags,22,,5,3,8
009 Prags,23,,3,7,10
009 Prags,24,,3,5,8
009 Prags,25,,1,5,6
009 Prags,26,,4,1,5
009 Prags,27,,2,1,3
009 Prags,28,,6,4,10
009 Prags,29,,4,3,7
009 Prags,30,,5,4,9
009 Prags,31,,3,5,8
009 Prags,32,,2,4,6
009 Prags,33,,7,3,10
009 Prags,34,,3,2,5
009 Prags,35,,6,4,10
009 Prags,36,,4,8,12
009 Prags,37,,8,5,13
009 Prags,38,,8,7,15
009 Prags,39,,7,7,14
009 Prags,40,,7,5,12
009 Prags,41,,7,6,13
009 Prags,42,,6,5,11
009 Prags,43,,7,5,12
009 Prags,44,,3,4,7
009 Prags,45,,6,11,17
009 Prags,46,,6,4,10
009 Prags,47,,12,6,18
009 Prags,48,,6,2,8
009 Prags,49,,6,4,10
009 Prags,50,,1,5,6
009 Prags,51,,3,4,7
009 Prags,52,,6,4,10
009 Prags,53,,4,2,6
009 Prags,54,,2,5,7
009 Prags,55,,3,1,4
009 Prags,56,,5,1,6
009 Prags,57,,1,1,2
009 Prags,58,,5,1,6
009 Prags,59,,1,-,1
009 Prags,60,,2,4,6
009 Prags,61,,2,2,4
009 Prags,62,,4,4,8
009 Prags,63,,1,3,4
009 Prags,64,,4,4,8
009 Prags,65,,5,2,7
009 Prags,66,,1,3,4
009 Prags,67,,3,5,8
009 Prags,68,,3,2,5
009 Prags,69,,-,2,2
009 Prags,70,,2,3,5
009 Prags,71,,1,3,4
009 Prags,72,,3,2,5
009 Prags,73,,4,2,6
009 Prags,74,,4,6,10
009 Prags,75,,1,3,4
009 Prags,76,,1,1,2
009 Prags,77,,3,2,5
009 Prags,78,,3,2,5
009 Prags,79,,2,5,7
009 Prags,80,,2,4,6
009 Prags,81,,1,5,6
009 Prags,82,,3,2,5
009 Prags,83,,-,4,4
009 Prags,84,,2,1,3
009 Prags,85,,1,2,3
009 Prags,86,,1,-,1
009 Prags,87,,-,2,2
009 Prags,89,,-,1,1
009 Prags,90,,-,1,1
009 Prags,91,,-,1,1
010 Brenner,0,,3,15,18
010 Brenner,1,,13,10,23
010 Brenner,2,,11,17,28
010 Brenner,3,,9,7,16
010 Brenner,4,,11,12,23
010 Brenner,5,,6,7,13
010 Brenner,6,,15,13,28
010 Brenner,7,,11,15,26
010 Brenner,8,,16,5,21
010 Brenner,9,,17,6,23
010 Brenner,10,,5,11,16
010 Brenner,11,,4,11,15
010 Brenner,12,,19,11,30
010 Brenner,13,,13,7,20
010 Brenner,14,,11,9,20
010 Brenner,15,,8,16,24
010 Brenner,16,,9,7,16
010 Brenner,17,,14,6,20
010 Brenner,18,,9,4,13
010 Brenner,19,,7,8,15
010 Brenner,20,,12,10,22
010 Brenner,21,,21,8,29
010 Brenner,22,,15,16,31
010 Brenner,23,,16,16,32
010 Brenner,24,,12,8,20
010 Brenner,25,,11,19,30
010 Brenner,26,,15,12,27
010 Brenner,27,,11,15,26
010 Brenner,28,,17,12,29
010 Brenner,29,,21,9,30
010 Brenner,30,,12,11,23
010 Brenner,31,,14,20,34
010 Brenner,32,,19,10,29
010 Brenner,33,,12,10,22
010 Brenner,34,,19,22,41
010 Brenner,35,,26,12,38
010 Brenner,36,,22,17,39
010 Brenner,37,,14,17,31
010 Brenner,38,,12,18,30
010 Brenner,39,,20,15,35
010 Brenner,40,,19,17,36
010 Brenner,41,,22,18,40
010 Brenner,42,,22,15,37
010 Brenner,43,,11,19,30
010 Brenner,44,,17,13,30
010 Brenner,45,,19,11,30
010 Brenner,46,,22,12,34
010 Brenner,47,,18,11,29
010 Brenner,48,,17,10,27
010 Brenner,49,,15,20,35
010 Brenner,50,,16,13,29
010 Brenner,51,,14,9,23
010 Brenner,52,,9,14,23
010 Brenner,53,,10,15,25
010 Brenner,54,,20,8,28
010 Brenner,55,,15,11,26
010 Brenner,56,,10,11,21
010 Brenner,57,,16,16,32
010 Brenner,58,,6,8,14
010 Brenner,59,,21,13,34
010 Brenner,60,,8,16,24
010 Brenner,61,,7,9,16
010 Brenner,62,,16,13,29
010 Brenner,63,,18,13,31
010 Brenner,64,,5,9,14
010 Brenner,65,,11,12,23
010 Brenner,66,,10,11,21
010 Brenner,67,,8,10,18
010 Brenner,68,,10,16,26
010 Brenner,69,,9,14,23
010 Brenner,70,,12,7,19
010 Brenner,71,,5,5,10
010 Brenner,72,,8,7,15
010 Brenner,73,,6,6,12
010 Brenner,74,,2,5,7
010 Brenner,75,,5,9,14
010 Brenner,76,,9,12,21
010 Brenner,77,,10,9,19
010 Brenner,78,,8,9,17
010 Brenner,79,,5,3,8
010 Brenner,80,,8,9,17
010 Brenner,81,,2,7,9
010 Brenner,82,,2,7,9
010 Brenner,83,,3,11,14
010 Brenner,84,,-,5,5
010 Brenner,85,,1,1,2
010 Brenner,86,,1,5,6
010 Brenner,87,,2,3,5
010 Brenner,88,,1,-,1
010 Brenner,89,,-,1,1
010 Brenner,91,,-,1,1
010 Brenner,92,,1,3,4
010 Brenner,93,,-,2,2
010 Brenner,94,,-,3,3
010 Brenner,95,,1,-,1
010 Brenner,97,,-,1,1
011 Brixen,0,,115,103,218
011 Brixen,1,,120,116,236
011 Brixen,2,,115,115,230
011 Brixen,3,,106,104,210
011 Brixen,4,,111,108,219
011 Brixen,5,,120,122,242
011 Brixen,6,,115,112,227
011 Brixen,7,,137,122,259
011 Brixen,8,,109,136,245
011 Brixen,9,,120,107,227
011 Brixen,10,,122,111,233
011 Brixen,11,,114,120,234
011 Brixen,12,,121,116,237
011 Brixen,13,,116,109,225
011 Brixen,14,,114,121,235
011 Brixen,15,,114,104,218
011 Brixen,16,,98,109,207
011 Brixen,17,,119,96,215
011 Brixen,18,,117,101,218
011 Brixen,19,,99,97,196
011 Brixen,20,,100,118,218
011 Brixen,21,,111,87,198
011 Brixen,22,,116,88,204
011 Brixen,23,,121,126,247
011 Brixen,24,,123,110,233
011 Brixen,25,,124,108,232
011 Brixen,26,,105,111,216
011 Brixen,27,,132,126,258
011 Brixen,28,,102,120,222
011 Brixen,29,,130,114,244
011 Brixen,30,,133,146,279
011 Brixen,31,,121,125,246
011 Brixen,32,,134,151,285
011 Brixen,33,,162,162,324
011 Brixen,34,,159,157,316
011 Brixen,35,,155,167,322
011 Brixen,36,,174,155,329
011 Brixen,37,,192,181,373
011 Brixen,38,,179,198,377
011 Brixen,39,,172,162,334
011 Brixen,40,,172,182,354
011 Brixen,41,,180,155,335
011 Brixen,42,,183,181,364
011 Brixen,43,,157,166,323
011 Brixen,44,,167,164,331
011 Brixen,45,,136,168,304
011 Brixen,46,,146,152,298
011 Brixen,47,,149,135,284
011 Brixen,48,,152,120,272
011 Brixen,49,,134,141,275
011 Brixen,50,,115,135,250
011 Brixen,51,,124,94,218
011 Brixen,52,,97,113,210
011 Brixen,53,,88,109,197
011 Brixen,54,,101,104,205
011 Brixen,55,,100,106,206
011 Brixen,56,,108,99,207
011 Brixen,57,,79,124,203
011 Brixen,58,,111,119,230
011 Brixen,59,,92,114,206
011 Brixen,60,,101,109,210
011 Brixen,61,,68,98,166
011 Brixen,62,,115,108,223
011 Brixen,63,,130,121,251
011 Brixen,64,,91,97,188
011 Brixen,65,,104,125,229
011 Brixen,66,,85,119,204
011 Brixen,67,,92,111,203
011 Brixen,68,,87,95,182
011 Brixen,69,,88,94,182
011 Brixen,70,,68,91,159
011 Brixen,71,,80,83,163
011 Brixen,72,,65,91,156
011 Brixen,73,,70,67,137
011 Brixen,74,,74,79,153
011 Brixen,75,,65,83,148
011 Brixen,76,,61,93,154
011 Brixen,77,,49,87,136
011 Brixen,78,,54,70,124
011 Brixen,79,,38,85,123
011 Brixen,80,,40,64,104
011 Brixen,81,,43,70,113
011 Brixen,82,,33,75,108
011 Brixen,83,,37,60,97
011 Brixen,84,,25,67,92
011 Brixen,85,,20,60,80
011 Brixen,86,,18,48,66
011 Brixen,87,,14,34,48
011 Brixen,88,,7,20,27
011 Brixen,89,,11,26,37
011 Brixen,90,,5,14,19
011 Brixen,91,,5,19,24
011 Brixen,92,,11,19,30
011 Brixen,93,,2,16,18
011 Brixen,94,,2,21,23
011 Brixen,95,,1,13,14
011 Brixen,96,,2,10,12
011 Brixen,97,,1,6,7
011 Brixen,98,,-,3,3
011 Brixen,99,,1,4,5
011 Brixen,100,,-,1,1
012 Branzoll,0,,14,7,21
012 Branzoll,1,,7,11,18
012 Branzoll,2,,18,17,35
012 Branzoll,3,,18,24,42
012 Branzoll,4,,15,10,25
012 Branzoll,5,,12,12,24
012 Branzoll,6,,21,8,29
012 Branzoll,7,,9,14,23
012 Branzoll,8,,14,7,21
012 Branzoll,9,,12,20,32
012 Branzoll,10,,15,8,23
012 Branzoll,11,,13,11,24
012 Branzoll,12,,15,8,23
012 Branzoll,13,,20,13,33
012 Branzoll,14,,15,15,30
012 Branzoll,15,,15,16,31
012 Branzoll,16,,13,18,31
012 Branzoll,17,,11,13,24
012 Branzoll,18,,16,12,28
012 Branzoll,19,,12,4,16
012 Branzoll,20,,10,13,23
012 Branzoll,21,,14,16,30
012 Branzoll,22,,16,10,26
012 Branzoll,23,,15,10,25
012 Branzoll,24,,17,12,29
012 Branzoll,25,,15,17,32
012 Branzoll,26,,11,16,27
012 Branzoll,27,,11,9,20
012 Branzoll,28,,15,21,36
012 Branzoll,29,,18,29,47
012 Branzoll,30,,16,19,35
012 Branzoll,31,,21,15,36
012 Branzoll,32,,23,26,49
012 Branzoll,33,,23,15,38
012 Branzoll,34,,24,17,41
012 Branzoll,35,,23,29,52
012 Branzoll,36,,17,20,37
012 Branzoll,37,,27,25,52
012 Branzoll,38,,23,24,47
012 Branzoll,39,,22,24,46
012 Branzoll,40,,22,18,40
012 Branzoll,41,,24,23,47
012 Branzoll,42,,28,25,53
012 Branzoll,43,,17,17,34
012 Branzoll,44,,17,17,34
012 Branzoll,45,,28,25,53
012 Branzoll,46,,26,20,46
012 Branzoll,47,,17,25,42
012 Branzoll,48,,19,17,36
012 Branzoll,49,,19,15,34
012 Branzoll,50,,14,18,32
012 Branzoll,51,,17,18,35
012 Branzoll,52,,21,18,39
012 Branzoll,53,,11,19,30
012 Branzoll,54,,14,20,34
012 Branzoll,55,,19,13,32
012 Branzoll,56,,18,15,33
012 Branzoll,57,,17,15,32
012 Branzoll,58,,15,16,31
012 Branzoll,59,,14,18,32
012 Branzoll,60,,15,20,35
012 Branzoll,61,,13,10,23
012 Branzoll,62,,12,11,23
012 Branzoll,63,,15,11,26
012 Branzoll,64,,18,10,28
012 Branzoll,65,,20,11,31
012 Branzoll,66,,11,13,24
012 Branzoll,67,,14,13,27
012 Branzoll,68,,9,11,20
012 Branzoll,69,,3,9,12
012 Branzoll,70,,8,8,16
012 Branzoll,71,,8,8,16
012 Branzoll,72,,5,10,15
012 Branzoll,73,,18,10,28
012 Branzoll,74,,9,11,20
012 Branzoll,75,,2,10,12
012 Branzoll,76,,7,15,22
012 Branzoll,77,,6,10,16
012 Branzoll,78,,4,10,14
012 Branzoll,79,,4,7,11
012 Branzoll,80,,5,11,16
012 Branzoll,81,,4,5,9
012 Branzoll,82,,1,7,8
012 Branzoll,83,,6,10,16
012 Branzoll,84,,-,3,3
012 Branzoll,85,,4,6,10
012 Branzoll,86,,1,4,5
012 Branzoll,87,,1,4,5
012 Branzoll,88,,2,3,5
012 Branzoll,92,,-,4,4
012 Branzoll,93,,-,1,1
012 Branzoll,94,,-,2,2
012 Branzoll,95,,1,-,1
012 Branzoll,97,,-,1,1
013 Bruneck,0,,102,71,173
013 Bruneck,1,,69,81,150
013 Bruneck,2,,84,92,176
013 Bruneck,3,,94,68,162
013 Bruneck,4,,70,89,159
013 Bruneck,5,,94,71,165
013 Bruneck,6,,86,85,171
013 Bruneck,7,,94,93,187
013 Bruneck,8,,93,84,177
013 Bruneck,9,,108,68,176
013 Bruneck,10,,73,84,157
013 Bruneck,11,,63,72,135
013 Bruneck,12,,83,74,157
013 Bruneck,13,,81,64,145
013 Bruneck,14,,89,73,162
013 Bruneck,15,,89,60,149
013 Bruneck,16,,87,68,155
013 Bruneck,17,,80,83,163
013 Bruneck,18,,72,73,145
013 Bruneck,19,,58,54,112
013 Bruneck,20,,105,77,182
013 Bruneck,21,,75,67,142
013 Bruneck,22,,79,75,154
013 Bruneck,23,,80,80,160
013 Bruneck,24,,84,82,166
013 Bruneck,25,,91,103,194
013 Bruneck,26,,100,91,191
013 Bruneck,27,,98,98,196
013 Bruneck,28,,117,110,227
013 Bruneck,29,,116,92,208
013 Bruneck,30,,100,113,213
013 Bruneck,31,,106,111,217
013 Bruneck,32,,111,98,209
013 Bruneck,33,,130,111,241
013 Bruneck,34,,113,108,221
013 Bruneck,35,,139,111,250
013 Bruneck,36,,124,136,260
013 Bruneck,37,,135,127,262
013 Bruneck,38,,119,145,264
013 Bruneck,39,,133,123,256
013 Bruneck,40,,135,117,252
013 Bruneck,41,,144,135,279
013 Bruneck,42,,131,134,265
013 Bruneck,43,,124,113,237
013 Bruneck,44,,125,111,236
013 Bruneck,45,,114,100,214
013 Bruneck,46,,105,115,220
013 Bruneck,47,,107,95,202
013 Bruneck,48,,103,104,207
013 Bruneck,49,,82,98,180
013 Bruneck,50,,85,95,180
013 Bruneck,51,,78,78,156
013 Bruneck,52,,90,85,175
013 Bruneck,53,,76,97,173
013 Bruneck,54,,87,94,181
013 Bruneck,55,,70,94,164
013 Bruneck,56,,80,97,177
013 Bruneck,57,,83,93,176
013 Bruneck,58,,77,104,181
013 Bruneck,59,,90,70,160
013 Bruneck,60,,101,84,185
013 Bruneck,61,,63,69,132
013 Bruneck,62,,88,94,182
013 Bruneck,63,,94,85,179
013 Bruneck,64,,85,86,171
013 Bruneck,65,,78,94,172
013 Bruneck,66,,74,89,163
013 Bruneck,67,,82,92,174
013 Bruneck,68,,57,50,107
013 Bruneck,69,,51,53,104
013 Bruneck,70,,53,55,108
013 Bruneck,71,,46,49,95
013 Bruneck,72,,40,50,90
013 Bruneck,73,,50,61,111
013 Bruneck,74,,49,51,100
013 Bruneck,75,,37,47,84
013 Bruneck,76,,36,59,95
013 Bruneck,77,,31,58,89
013 Bruneck,78,,34,57,91
013 Bruneck,79,,26,43,69
013 Bruneck,80,,24,34,58
013 Bruneck,81,,25,43,68
013 Bruneck,82,,12,56,68
013 Bruneck,83,,25,39,64
013 Bruneck,84,,20,29,49
013 Bruneck,85,,13,23,36
013 Bruneck,86,,8,24,32
013 Bruneck,87,,8,18,26
013 Bruneck,88,,2,14,16
013 Bruneck,89,,4,16,20
013 Bruneck,90,,2,18,20
013 Bruneck,91,,3,12,15
013 Bruneck,92,,5,14,19
013 Bruneck,93,,4,11,15
013 Bruneck,94,,6,8,14
013 Bruneck,95,,-,8,8
013 Bruneck,96,,1,3,4
013 Bruneck,97,,1,4,5
013 Bruneck,98,,-,3,3
013 Bruneck,99,,-,1,1
013 Bruneck,100,,-,1,1
014 Kuens,0,,2,-,2
014 Kuens,1,,6,2,8
014 Kuens,2,,1,4,5
014 Kuens,3,,4,3,7
014 Kuens,4,,2,1,3
014 Kuens,5,,4,2,6
014 Kuens,6,,2,6,8
014 Kuens,7,,2,3,5
014 Kuens,8,,2,5,7
014 Kuens,9,,2,1,3
014 Kuens,10,,5,3,8
014 Kuens,11,,2,3,5
014 Kuens,12,,2,4,6
014 Kuens,13,,3,3,6
014 Kuens,14,,3,2,5
014 Kuens,15,,3,2,5
014 Kuens,16,,3,2,5
014 Kuens,17,,3,2,5
014 Kuens,18,,1,3,4
014 Kuens,19,,3,-,3
014 Kuens,20,,1,1,2
014 Kuens,22,,1,1,2
014 Kuens,23,,2,-,2
014 Kuens,24,,2,-,2
014 Kuens,25,,2,2,4
014 Kuens,26,,3,2,5
014 Kuens,27,,3,1,4
014 Kuens,28,,2,-,2
014 Kuens,29,,2,-,2
014 Kuens,30,,3,2,5
014 Kuens,31,,3,4,7
014 Kuens,32,,3,5,8
014 Kuens,33,,1,5,6
014 Kuens,34,,4,1,5
014 Kuens,35,,3,5,8
014 Kuens,36,,7,3,10
014 Kuens,37,,5,1,6
014 Kuens,38,,3,4,7
014 Kuens,39,,6,11,17
014 Kuens,40,,2,6,8
014 Kuens,41,,7,1,8
014 Kuens,42,,7,5,12
014 Kuens,43,,8,2,10
014 Kuens,44,,6,2,8
014 Kuens,45,,-,4,4
014 Kuens,46,,-,1,1
014 Kuens,47,,1,-,1
014 Kuens,48,,-,3,3
014 Kuens,49,,3,-,3
014 Kuens,50,,3,-,3
014 Kuens,51,,1,2,3
014 Kuens,53,,1,1,2
014 Kuens,54,,-,2,2
014 Kuens,56,,-,3,3
014 Kuens,57,,-,2,2
014 Kuens,58,,3,1,4
014 Kuens,59,,1,2,3
014 Kuens,60,,1,2,3
014 Kuens,61,,3,1,4
014 Kuens,63,,-,2,2
014 Kuens,64,,-,3,3
014 Kuens,65,,-,2,2
014 Kuens,66,,-,1,1
014 Kuens,67,,5,2,7
014 Kuens,68,,3,2,5
014 Kuens,69,,1,3,4
014 Kuens,70,,2,2,4
014 Kuens,71,,1,3,4
014 Kuens,72,,-,1,1
014 Kuens,73,,1,1,2
014 Kuens,74,,4,2,6
014 Kuens,75,,2,2,4
014 Kuens,76,,2,2,4
014 Kuens,77,,1,-,1
014 Kuens,78,,1,-,1
014 Kuens,79,,1,-,1
014 Kuens,80,,1,1,2
014 Kuens,84,,-,2,2
014 Kuens,87,,-,2,2
014 Kuens,90,,-,1,1
014 Kuens,91,,1,-,1
014 Kuens,94,,1,-,1
015 Kaltern a.d. Weinstr.,0,,43,35,78
015 Kaltern a.d. Weinstr.,1,,46,45,91
015 Kaltern a.d. Weinstr.,2,,43,46,89
015 Kaltern a.d. Weinstr.,3,,46,37,83
015 Kaltern a.d. Weinstr.,4,,46,37,83
015 Kaltern a.d. Weinstr.,5,,35,49,84
015 Kaltern a.d. Weinstr.,6,,38,37,75
015 Kaltern a.d. Weinstr.,7,,42,37,79
015 Kaltern a.d. Weinstr.,8,,40,45,85
015 Kaltern a.d. Weinstr.,9,,45,46,91
015 Kaltern a.d. Weinstr.,10,,40,47,87
015 Kaltern a.d. Weinstr.,11,,45,35,80
015 Kaltern a.d. Weinstr.,12,,36,38,74
015 Kaltern a.d. Weinstr.,13,,32,39,71
015 Kaltern a.d. Weinstr.,14,,41,39,80
015 Kaltern a.d. Weinstr.,15,,33,41,74
015 Kaltern a.d. Weinstr.,16,,38,35,73
015 Kaltern a.d. Weinstr.,17,,54,27,81
015 Kaltern a.d. Weinstr.,18,,39,36,75
015 Kaltern a.d. Weinstr.,19,,40,33,73
015 Kaltern a.d. Weinstr.,20,,53,41,94
015 Kaltern a.d. Weinstr.,21,,48,38,86
015 Kaltern a.d. Weinstr.,22,,38,37,75
015 Kaltern a.d. Weinstr.,23,,47,42,89
015 Kaltern a.d. Weinstr.,24,,45,49,94
015 Kaltern a.d. Weinstr.,25,,42,44,86
015 Kaltern a.d. Weinstr.,26,,44,49,93
015 Kaltern a.d. Weinstr.,27,,47,43,90
015 Kaltern a.d. Weinstr.,28,,47,40,87
015 Kaltern a.d. Weinstr.,29,,41,45,86
015 Kaltern a.d. Weinstr.,30,,42,50,92
015 Kaltern a.d. Weinstr.,31,,47,70,117
015 Kaltern a.d. Weinstr.,32,,51,53,104
015 Kaltern a.d. Weinstr.,33,,41,56,97
015 Kaltern a.d. Weinstr.,34,,56,71,127
015 Kaltern a.d. Weinstr.,35,,62,56,118
015 Kaltern a.d. Weinstr.,36,,65,59,124
015 Kaltern a.d. Weinstr.,37,,61,70,131
015 Kaltern a.d. Weinstr.,38,,80,72,152
015 Kaltern a.d. Weinstr.,39,,65,62,127
015 Kaltern a.d. Weinstr.,40,,67,71,138
015 Kaltern a.d. Weinstr.,41,,58,58,116
015 Kaltern a.d. Weinstr.,42,,82,54,136
015 Kaltern a.d. Weinstr.,43,,53,55,108
015 Kaltern a.d. Weinstr.,44,,63,60,123
015 Kaltern a.d. Weinstr.,45,,63,63,126
015 Kaltern a.d. Weinstr.,46,,55,63,118
015 Kaltern a.d. Weinstr.,47,,52,55,107
015 Kaltern a.d. Weinstr.,48,,59,61,120
015 Kaltern a.d. Weinstr.,49,,54,57,111
015 Kaltern a.d. Weinstr.,50,,65,44,109
015 Kaltern a.d. Weinstr.,51,,56,40,96
015 Kaltern a.d. Weinstr.,52,,36,52,88
015 Kaltern a.d. Weinstr.,53,,34,37,71
015 Kaltern a.d. Weinstr.,54,,40,57,97
015 Kaltern a.d. Weinstr.,55,,30,34,64
015 Kaltern a.d. Weinstr.,56,,42,34,76
015 Kaltern a.d. Weinstr.,57,,30,40,70
015 Kaltern a.d. Weinstr.,58,,39,35,74
015 Kaltern a.d. Weinstr.,59,,36,56,92
015 Kaltern a.d. Weinstr.,60,,48,47,95
015 Kaltern a.d. Weinstr.,61,,38,37,75
015 Kaltern a.d. Weinstr.,62,,37,42,79
015 Kaltern a.d. Weinstr.,63,,34,38,72
015 Kaltern a.d. Weinstr.,64,,44,42,86
015 Kaltern a.d. Weinstr.,65,,43,43,86
015 Kaltern a.d. Weinstr.,66,,31,43,74
015 Kaltern a.d. Weinstr.,67,,23,36,59
015 Kaltern a.d. Weinstr.,68,,41,41,82
015 Kaltern a.d. Weinstr.,69,,27,31,58
015 Kaltern a.d. Weinstr.,70,,23,23,46
015 Kaltern a.d. Weinstr.,71,,26,25,51
015 Kaltern a.d. Weinstr.,72,,27,26,53
015 Kaltern a.d. Weinstr.,73,,26,36,62
015 Kaltern a.d. Weinstr.,74,,27,31,58
015 Kaltern a.d. Weinstr.,75,,22,32,54
015 Kaltern a.d. Weinstr.,76,,26,38,64
015 Kaltern a.d. Weinstr.,77,,20,32,52
015 Kaltern a.d. Weinstr.,78,,20,30,50
015 Kaltern a.d. Weinstr.,79,,15,33,48
015 Kaltern a.d. Weinstr.,80,,14,29,43
015 Kaltern a.d. Weinstr.,81,,20,34,54
015 Kaltern a.d. Weinstr.,82,,14,23,37
015 Kaltern a.d. Weinstr.,83,,6,22,28
015 Kaltern a.d. Weinstr.,84,,9,28,37
015 Kaltern a.d. Weinstr.,85,,6,28,34
015 Kaltern a.d. Weinstr.,86,,6,22,28
015 Kaltern a.d. Weinstr.,87,,4,16,20
015 Kaltern a.d. Weinstr.,88,,2,7,9
015 Kaltern a.d. Weinstr.,89,,3,7,10
015 Kaltern a.d. Weinstr.,90,,2,3,5
015 Kaltern a.d. Weinstr.,91,,3,5,8
015 Kaltern a.d. Weinstr.,92,,2,9,11
015 Kaltern a.d. Weinstr.,93,,3,6,9
015 Kaltern a.d. Weinstr.,94,,-,9,9
015 Kaltern a.d. Weinstr.,95,,1,2,3
015 Kaltern a.d. Weinstr.,98,,1,-,1
015 Kaltern a.d. Weinstr.,99,,-,1,1
016 Freienfeld,0,,18,14,32
016 Freienfeld,1,,16,16,32
016 Freienfeld,2,,17,12,29
016 Freienfeld,3,,18,15,33
016 Freienfeld,4,,18,22,40
016 Freienfeld,5,,17,20,37
016 Freienfeld,6,,14,14,28
016 Freienfeld,7,,14,19,33
016 Freienfeld,8,,13,19,32
016 Freienfeld,9,,20,18,38
016 Freienfeld,10,,23,12,35
016 Freienfeld,11,,15,16,31
016 Freienfeld,12,,15,11,26
016 Freienfeld,13,,16,12,28
016 Freienfeld,14,,19,23,42
016 Freienfeld,15,,11,12,23
016 Freienfeld,16,,20,20,40
016 Freienfeld,17,,26,19,45
016 Freienfeld,18,,20,16,36
016 Freienfeld,19,,15,18,33
016 Freienfeld,20,,14,13,27
016 Freienfeld,21,,17,13,30
016 Freienfeld,22,,24,14,38
016 Freienfeld,23,,24,19,43
016 Freienfeld,24,,14,16,30
016 Freienfeld,25,,23,22,45
016 Freienfeld,26,,18,16,34
016 Freienfeld,27,,19,18,37
016 Freienfeld,28,,13,15,28
016 Freienfeld,29,,18,20,38
016 Freienfeld,30,,16,11,27
016 Freienfeld,31,,22,15,37
016 Freienfeld,32,,20,18,38
016 Freienfeld,33,,21,19,40
016 Freienfeld,34,,18,24,42
016 Freienfeld,35,,22,23,45
016 Freienfeld,36,,23,16,39
016 Freienfeld,37,,30,27,57
016 Freienfeld,38,,25,21,46
016 Freienfeld,39,,20,30,50
016 Freienfeld,40,,26,20,46
016 Freienfeld,41,,27,21,48
016 Freienfeld,42,,25,21,46
016 Freienfeld,43,,20,18,38
016 Freienfeld,44,,26,27,53
016 Freienfeld,45,,23,19,42
016 Freienfeld,46,,24,22,46
016 Freienfeld,47,,25,13,38
016 Freienfeld,48,,15,20,35
016 Freienfeld,49,,15,20,35
016 Freienfeld,50,,23,17,40
016 Freienfeld,51,,22,9,31
016 Freienfeld,52,,16,18,34
016 Freienfeld,53,,17,10,27
016 Freienfeld,54,,15,18,33
016 Freienfeld,55,,14,11,25
016 Freienfeld,56,,20,9,29
016 Freienfeld,57,,16,13,29
016 Freienfeld,58,,20,13,33
016 Freienfeld,59,,4,11,15
016 Freienfeld,60,,11,16,27
016 Freienfeld,61,,12,2,14
016 Freienfeld,62,,10,5,15
016 Freienfeld,63,,13,9,22
016 Freienfeld,64,,12,9,21
016 Freienfeld,65,,12,12,24
016 Freienfeld,66,,10,4,14
016 Freienfeld,67,,10,9,19
016 Freienfeld,68,,13,11,24
016 Freienfeld,69,,6,11,17
016 Freienfeld,70,,8,11,19
016 Freienfeld,71,,7,12,19
016 Freienfeld,72,,4,6,10
016 Freienfeld,73,,7,8,15
016 Freienfeld,74,,9,9,18
016 Freienfeld,75,,8,8,16
016 Freienfeld,76,,7,7,14
016 Freienfeld,77,,4,6,10
016 Freienfeld,78,,5,5,10
016 Freienfeld,79,,3,7,10
016 Freienfeld,80,,7,12,19
016 Freienfeld,81,,6,8,14
016 Freienfeld,82,,2,3,5
016 Freienfeld,83,,2,12,14
016 Freienfeld,84,,2,8,10
016 Freienfeld,85,,1,3,4
016 Freienfeld,86,,4,3,7
016 Freienfeld,87,,3,1,4
016 Freienfeld,88,,-,2,2
016 Freienfeld,90,,-,1,1
016 Freienfeld,91,,-,2,2
016 Freienfeld,92,,-,3,3
016 Freienfeld,93,,-,1,1
016 Freienfeld,95,,-,1,1
016 Freienfeld,96,,2,-,2
017 Sand in Taufers,0,,33,23,56
017 Sand in Taufers,1,,37,32,69
017 Sand in Taufers,2,,37,19,56
017 Sand in Taufers,3,,34,27,61
017 Sand in Taufers,4,,29,32,61
017 Sand in Taufers,5,,35,38,73
017 Sand in Taufers,6,,41,22,63
017 Sand in Taufers,7,,36,35,71
017 Sand in Taufers,8,,27,32,59
017 Sand in Taufers,9,,34,36,70
017 Sand in Taufers,10,,28,30,58
017 Sand in Taufers,11,,27,29,56
017 Sand in Taufers,12,,39,34,73
017 Sand in Taufers,13,,24,34,58
017 Sand in Taufers,14,,32,35,67
017 Sand in Taufers,15,,27,32,59
017 Sand in Taufers,16,,23,31,54
017 Sand in Taufers,17,,28,27,55
017 Sand in Taufers,18,,28,28,56
017 Sand in Taufers,19,,21,22,43
017 Sand in Taufers,20,,23,21,44
017 Sand in Taufers,21,,24,24,48
017 Sand in Taufers,22,,33,28,61
017 Sand in Taufers,23,,36,31,67
017 Sand in Taufers,24,,22,36,58
017 Sand in Taufers,25,,32,34,66
017 Sand in Taufers,26,,35,34,69
017 Sand in Taufers,27,,32,39,71
017 Sand in Taufers,28,,38,33,71
017 Sand in Taufers,29,,31,41,72
017 Sand in Taufers,30,,41,34,75
017 Sand in Taufers,31,,42,35,77
017 Sand in Taufers,32,,61,52,113
017 Sand in Taufers,33,,59,50,109
017 Sand in Taufers,34,,51,49,100
017 Sand in Taufers,35,,43,46,89
017 Sand in Taufers,36,,43,53,96
017 Sand in Taufers,37,,54,42,96
017 Sand in Taufers,38,,54,38,92
017 Sand in Taufers,39,,32,45,77
017 Sand in Taufers,40,,51,35,86
017 Sand in Taufers,41,,51,37,88
017 Sand in Taufers,42,,49,43,92
017 Sand in Taufers,43,,47,42,89
017 Sand in Taufers,44,,36,40,76
017 Sand in Taufers,45,,44,41,85
017 Sand in Taufers,46,,40,31,71
017 Sand in Taufers,47,,33,32,65
017 Sand in Taufers,48,,32,21,53
017 Sand in Taufers,49,,24,36,60
017 Sand in Taufers,50,,27,34,61
017 Sand in Taufers,51,,23,21,44
017 Sand in Taufers,52,,28,29,57
017 Sand in Taufers,53,,31,23,54
017 Sand in Taufers,54,,17,28,45
017 Sand in Taufers,55,,25,23,48
017 Sand in Taufers,56,,32,32,64
017 Sand in Taufers,57,,31,21,52
017 Sand in Taufers,58,,22,27,49
017 Sand in Taufers,59,,25,29,54
017 Sand in Taufers,60,,26,24,50
017 Sand in Taufers,61,,26,9,35
017 Sand in Taufers,62,,16,30,46
017 Sand in Taufers,63,,29,28,57
017 Sand in Taufers,64,,28,32,60
017 Sand in Taufers,65,,25,31,56
017 Sand in Taufers,66,,23,18,41
017 Sand in Taufers,67,,26,30,56
017 Sand in Taufers,68,,17,26,43
017 Sand in Taufers,69,,27,12,39
017 Sand in Taufers,70,,15,25,40
017 Sand in Taufers,71,,28,16,44
017 Sand in Taufers,72,,14,13,27
017 Sand in Taufers,73,,13,17,30
017 Sand in Taufers,74,,10,16,26
017 Sand in Taufers,75,,12,11,23
017 Sand in Taufers,76,,14,18,32
017 Sand in Taufers,77,,13,12,25
017 Sand in Taufers,78,,10,15,25
017 Sand in Taufers,79,,10,10,20
017 Sand in Taufers,80,,8,18,26
017 Sand in Taufers,81,,8,12,20
017 Sand in Taufers,82,,5,14,19
017 Sand in Taufers,83,,9,7,16
017 Sand in Taufers,84,,4,14,18
017 Sand in Taufers,85,,5,13,18
017 Sand in Taufers,86,,5,7,12
017 Sand in Taufers,87,,5,7,12
017 Sand in Taufers,88,,3,3,6
017 Sand in Taufers,89,,1,4,5
017 Sand in Taufers,90,,-,1,1
017 Sand in Taufers,91,,3,5,8
017 Sand in Taufers,92,,1,5,6
017 Sand in Taufers,93,,-,3,3
017 Sand in Taufers,94,,-,2,2
017 Sand in Taufers,95,,-,4,4
017 Sand in Taufers,97,,1,1,2
018 Kastelbell-Tschars,0,,14,8,22
018 Kastelbell-Tschars,1,,8,9,17
018 Kastelbell-Tschars,2,,11,9,20
018 Kastelbell-Tschars,3,,12,9,21
018 Kastelbell-Tschars,4,,8,9,17
018 Kastelbell-Tschars,5,,16,15,31
018 Kastelbell-Tschars,6,,10,8,18
018 Kastelbell-Tschars,7,,23,11,34
018 Kastelbell-Tschars,8,,16,9,25
018 Kastelbell-Tschars,9,,10,11,21
018 Kastelbell-Tschars,10,,15,18,33
018 Kastelbell-Tschars,11,,15,9,24
018 Kastelbell-Tschars,12,,15,15,30
018 Kastelbell-Tschars,13,,13,14,27
018 Kastelbell-Tschars,14,,13,13,26
018 Kastelbell-Tschars,15,,19,13,32
018 Kastelbell-Tschars,16,,15,11,26
018 Kastelbell-Tschars,17,,18,10,28
018 Kastelbell-Tschars,18,,20,7,27
018 Kastelbell-Tschars,19,,17,16,33
018 Kastelbell-Tschars,20,,16,20,36
018 Kastelbell-Tschars,21,,20,16,36
018 Kastelbell-Tschars,22,,8,11,19
018 Kastelbell-Tschars,23,,13,18,31
018 Kastelbell-Tschars,24,,27,14,41
018 Kastelbell-Tschars,25,,14,16,30
018 Kastelbell-Tschars,26,,17,17,34
018 Kastelbell-Tschars,27,,18,12,30
018 Kastelbell-Tschars,28,,15,18,33
018 Kastelbell-Tschars,29,,10,14,24
018 Kastelbell-Tschars,30,,24,16,40
018 Kastelbell-Tschars,31,,17,14,31
018 Kastelbell-Tschars,32,,17,13,30
018 Kastelbell-Tschars,33,,19,24,43
018 Kastelbell-Tschars,34,,12,23,35
018 Kastelbell-Tschars,35,,16,15,31
018 Kastelbell-Tschars,36,,16,16,32
018 Kastelbell-Tschars,37,,27,22,49
018 Kastelbell-Tschars,38,,17,17,34
018 Kastelbell-Tschars,39,,11,20,31
018 Kastelbell-Tschars,40,,19,10,29
018 Kastelbell-Tschars,41,,20,14,34
018 Kastelbell-Tschars,42,,21,14,35
018 Kastelbell-Tschars,43,,26,20,46
018 Kastelbell-Tschars,44,,6,23,29
018 Kastelbell-Tschars,45,,22,18,40
018 Kastelbell-Tschars,46,,24,19,43
018 Kastelbell-Tschars,47,,24,20,44
018 Kastelbell-Tschars,48,,17,13,30
018 Kastelbell-Tschars,49,,16,11,27
018 Kastelbell-Tschars,50,,14,16,30
018 Kastelbell-Tschars,51,,23,18,41
018 Kastelbell-Tschars,52,,8,13,21
018 Kastelbell-Tschars,53,,9,16,25
018 Kastelbell-Tschars,54,,15,16,31
018 Kastelbell-Tschars,55,,17,12,29
018 Kastelbell-Tschars,56,,12,13,25
018 Kastelbell-Tschars,57,,13,9,22
018 Kastelbell-Tschars,58,,12,10,22
018 Kastelbell-Tschars,59,,9,8,17
018 Kastelbell-Tschars,60,,15,13,28
018 Kastelbell-Tschars,61,,10,4,14
018 Kastelbell-Tschars,62,,10,6,16
018 Kastelbell-Tschars,63,,7,8,15
018 Kastelbell-Tschars,64,,12,12,24
018 Kastelbell-Tschars,65,,10,8,18
018 Kastelbell-Tschars,66,,8,10,18
018 Kastelbell-Tschars,67,,12,12,24
018 Kastelbell-Tschars,68,,7,16,23
018 Kastelbell-Tschars,69,,11,11,22
018 Kastelbell-Tschars,70,,10,15,25
018 Kastelbell-Tschars,71,,11,8,19
018 Kastelbell-Tschars,72,,5,14,19
018 Kastelbell-Tschars,73,,16,13,29
018 Kastelbell-Tschars,74,,7,13,20
018 Kastelbell-Tschars,75,,10,14,24
018 Kastelbell-Tschars,76,,19,16,35
018 Kastelbell-Tschars,77,,10,11,21
018 Kastelbell-Tschars,78,,6,10,16
018 Kastelbell-Tschars,79,,7,8,15
018 Kastelbell-Tschars,80,,9,14,23
018 Kastelbell-Tschars,81,,9,11,20
018 Kastelbell-Tschars,82,,1,8,9
018 Kastelbell-Tschars,83,,5,7,12
018 Kastelbell-Tschars,84,,3,6,9
018 Kastelbell-Tschars,85,,2,6,8
018 Kastelbell-Tschars,86,,4,5,9
018 Kastelbell-Tschars,87,,-,3,3
018 Kastelbell-Tschars,88,,-,3,3
018 Kastelbell-Tschars,89,,1,2,3
018 Kastelbell-Tschars,90,,-,1,1
018 Kastelbell-Tschars,91,,1,2,3
018 Kastelbell-Tschars,92,,-,2,2
018 Kastelbell-Tschars,93,,-,1,1
018 Kastelbell-Tschars,95,,-,3,3
018 Kastelbell-Tschars,96,,-,1,1
018 Kastelbell-Tschars,97,,1,-,1
019 Kastelruth,0,,46,39,85
019 Kastelruth,1,,45,35,80
019 Kastelruth,2,,45,38,83
019 Kastelruth,3,,44,40,84
019 Kastelruth,4,,35,33,68
019 Kastelruth,5,,43,29,72
019 Kastelruth,6,,37,29,66
019 Kastelruth,7,,35,44,79
019 Kastelruth,8,,50,44,94
019 Kastelruth,9,,46,46,92
019 Kastelruth,10,,41,36,77
019 Kastelruth,11,,51,42,93
019 Kastelruth,12,,33,32,65
019 Kastelruth,13,,37,35,72
019 Kastelruth,14,,37,53,90
019 Kastelruth,15,,35,39,74
019 Kastelruth,16,,39,39,78
019 Kastelruth,17,,47,38,85
019 Kastelruth,18,,26,23,49
019 Kastelruth,19,,36,41,77
019 Kastelruth,20,,37,25,62
019 Kastelruth,21,,28,33,61
019 Kastelruth,22,,33,31,64
019 Kastelruth,23,,35,41,76
019 Kastelruth,24,,48,39,87
019 Kastelruth,25,,43,41,84
019 Kastelruth,26,,44,38,82
019 Kastelruth,27,,34,41,75
019 Kastelruth,28,,31,38,69
019 Kastelruth,29,,40,37,77
019 Kastelruth,30,,35,61,96
019 Kastelruth,31,,50,40,90
019 Kastelruth,32,,56,42,98
019 Kastelruth,33,,44,60,104
019 Kastelruth,34,,65,41,106
019 Kastelruth,35,,59,46,105
019 Kastelruth,36,,55,53,108
019 Kastelruth,37,,62,48,110
019 Kastelruth,38,,62,58,120
019 Kastelruth,39,,70,52,122
019 Kastelruth,40,,73,49,122
019 Kastelruth,41,,44,74,118
019 Kastelruth,42,,52,40,92
019 Kastelruth,43,,53,35,88
019 Kastelruth,44,,36,49,85
019 Kastelruth,45,,54,44,98
019 Kastelruth,46,,47,43,90
019 Kastelruth,47,,44,42,86
019 Kastelruth,48,,49,42,91
019 Kastelruth,49,,39,40,79
019 Kastelruth,50,,34,31,65
019 Kastelruth,51,,36,37,73
019 Kastelruth,52,,36,30,66
019 Kastelruth,53,,28,29,57
019 Kastelruth,54,,36,26,62
019 Kastelruth,55,,29,25,54
019 Kastelruth,56,,44,22,66
019 Kastelruth,57,,19,36,55
019 Kastelruth,58,,26,38,64
019 Kastelruth,59,,35,30,65
019 Kastelruth,60,,21,38,59
019 Kastelruth,61,,24,21,45
019 Kastelruth,62,,20,47,67
019 Kastelruth,63,,41,40,81
019 Kastelruth,64,,33,28,61
019 Kastelruth,65,,31,45,76
019 Kastelruth,66,,28,36,64
019 Kastelruth,67,,27,28,55
019 Kastelruth,68,,25,25,50
019 Kastelruth,69,,28,26,54
019 Kastelruth,70,,29,19,48
019 Kastelruth,71,,28,29,57
019 Kastelruth,72,,22,23,45
019 Kastelruth,73,,35,28,63
019 Kastelruth,74,,18,37,55
019 Kastelruth,75,,35,25,60
019 Kastelruth,76,,11,25,36
019 Kastelruth,77,,21,26,47
019 Kastelruth,78,,10,16,26
019 Kastelruth,79,,18,30,48
019 Kastelruth,80,,11,18,29
019 Kastelruth,81,,11,17,28
019 Kastelruth,82,,11,21,32
019 Kastelruth,83,,7,16,23
019 Kastelruth,84,,9,13,22
019 Kastelruth,85,,6,15,21
019 Kastelruth,86,,6,14,20
019 Kastelruth,87,,5,6,11
019 Kastelruth,88,,2,6,8
019 Kastelruth,89,,-,4,4
019 Kastelruth,90,,-,3,3
019 Kastelruth,91,,1,11,12
019 Kastelruth,92,,3,6,9
019 Kastelruth,93,,2,4,6
019 Kastelruth,94,,2,5,7
019 Kastelruth,95,,-,1,1
019 Kastelruth,96,,-,1,1
019 Kastelruth,97,,-,2,2
019 Kastelruth,98,,1,-,1
019 Kastelruth,100,,-,1,1
019 Kastelruth,101,,-,1,1
020 Tscherms,0,,9,8,17
020 Tscherms,1,,2,9,11
020 Tscherms,2,,9,6,15
020 Tscherms,3,,9,7,16
020 Tscherms,4,,7,9,16
020 Tscherms,5,,7,8,15
020 Tscherms,6,,9,5,14
020 Tscherms,7,,9,8,17
020 Tscherms,8,,4,8,12
020 Tscherms,9,,8,9,17
020 Tscherms,10,,7,4,11
020 Tscherms,11,,13,10,23
020 Tscherms,12,,10,18,28
020 Tscherms,13,,8,10,18
020 Tscherms,14,,14,8,22
020 Tscherms,15,,5,9,14
020 Tscherms,16,,9,7,16
020 Tscherms,17,,6,4,10
020 Tscherms,18,,5,15,20
020 Tscherms,19,,9,6,15
020 Tscherms,20,,11,7,18
020 Tscherms,21,,13,11,24
020 Tscherms,22,,13,7,20
020 Tscherms,23,,10,11,21
020 Tscherms,24,,7,8,15
020 Tscherms,25,,10,8,18
020 Tscherms,26,,8,7,15
020 Tscherms,27,,6,10,16
020 Tscherms,28,,3,12,15
020 Tscherms,29,,11,7,18
020 Tscherms,30,,6,7,13
020 Tscherms,31,,10,6,16
020 Tscherms,32,,9,7,16
020 Tscherms,33,,8,14,22
020 Tscherms,34,,10,9,19
020 Tscherms,35,,9,14,23
020 Tscherms,36,,12,7,19
020 Tscherms,37,,12,18,30
020 Tscherms,38,,13,10,23
020 Tscherms,39,,15,15,30
020 Tscherms,40,,15,5,20
020 Tscherms,41,,18,15,33
020 Tscherms,42,,12,15,27
020 Tscherms,43,,16,13,29
020 Tscherms,44,,19,12,31
020 Tscherms,45,,10,11,21
020 Tscherms,46,,11,15,26
020 Tscherms,47,,8,16,24
020 Tscherms,48,,8,7,15
020 Tscherms,49,,9,10,19
020 Tscherms,50,,9,6,15
020 Tscherms,51,,11,9,20
020 Tscherms,52,,8,8,16
020 Tscherms,53,,11,8,19
020 Tscherms,54,,11,7,18
020 Tscherms,55,,5,10,15
020 Tscherms,56,,9,7,16
020 Tscherms,57,,4,3,7
020 Tscherms,58,,6,5,11
020 Tscherms,59,,8,7,15
020 Tscherms,60,,5,7,12
020 Tscherms,61,,5,6,11
020 Tscherms,62,,4,9,13
020 Tscherms,63,,5,3,8
020 Tscherms,64,,7,4,11
020 Tscherms,65,,10,8,18
020 Tscherms,66,,5,5,10
020 Tscherms,67,,4,5,9
020 Tscherms,68,,8,2,10
020 Tscherms,69,,5,8,13
020 Tscherms,70,,5,7,12
020 Tscherms,71,,4,4,8
020 Tscherms,72,,2,9,11
020 Tscherms,73,,4,3,7
020 Tscherms,74,,5,5,10
020 Tscherms,75,,2,3,5
020 Tscherms,76,,3,5,8
020 Tscherms,77,,2,2,4
020 Tscherms,78,,5,5,10
020 Tscherms,79,,5,4,9
020 Tscherms,80,,3,2,5
020 Tscherms,81,,3,5,8
020 Tscherms,82,,3,5,8
020 Tscherms,83,,1,4,5
020 Tscherms,84,,1,4,5
020 Tscherms,85,,-,3,3
020 Tscherms,86,,4,3,7
020 Tscherms,87,,-,1,1
020 Tscherms,88,,1,1,2
020 Tscherms,89,,-,1,1
020 Tscherms,90,,-,1,1
020 Tscherms,91,,1,-,1
020 Tscherms,92,,-,1,1
020 Tscherms,94,,1,-,1
020 Tscherms,95,,-,1,1
020 Tscherms,96,,1,1,2
021 Kiens,0,,10,13,23
021 Kiens,1,,12,20,32
021 Kiens,2,,14,13,27
021 Kiens,3,,17,17,34
021 Kiens,4,,10,13,23
021 Kiens,5,,22,22,44
021 Kiens,6,,9,22,31
021 Kiens,7,,14,17,31
021 Kiens,8,,22,8,30
021 Kiens,9,,16,13,29
021 Kiens,10,,15,19,34
021 Kiens,11,,14,20,34
021 Kiens,12,,19,17,36
021 Kiens,13,,18,18,36
021 Kiens,14,,26,18,44
021 Kiens,15,,12,24,36
021 Kiens,16,,16,21,37
021 Kiens,17,,12,19,31
021 Kiens,18,,13,14,27
021 Kiens,19,,12,16,28
021 Kiens,20,,20,10,30
021 Kiens,21,,19,13,32
021 Kiens,22,,19,12,31
021 Kiens,23,,14,19,33
021 Kiens,24,,21,15,36
021 Kiens,25,,13,18,31
021 Kiens,26,,19,22,41
021 Kiens,27,,14,17,31
021 Kiens,28,,27,20,47
021 Kiens,29,,19,18,37
021 Kiens,30,,27,17,44
021 Kiens,31,,19,21,40
021 Kiens,32,,17,21,38
021 Kiens,33,,30,26,56
021 Kiens,34,,21,22,43
021 Kiens,35,,27,23,50
021 Kiens,36,,25,26,51
021 Kiens,37,,32,22,54
021 Kiens,38,,39,15,54
021 Kiens,39,,21,23,44
021 Kiens,40,,30,25,55
021 Kiens,41,,23,21,44
021 Kiens,42,,32,23,55
021 Kiens,43,,17,22,39
021 Kiens,44,,28,19,47
021 Kiens,45,,22,23,45
021 Kiens,46,,21,19,40
021 Kiens,47,,24,15,39
021 Kiens,48,,14,13,27
021 Kiens,49,,12,16,28
021 Kiens,50,,19,13,32
021 Kiens,51,,14,8,22
021 Kiens,52,,11,16,27
021 Kiens,53,,14,23,37
021 Kiens,54,,13,8,21
021 Kiens,55,,13,12,25
021 Kiens,56,,16,10,26
021 Kiens,57,,10,13,23
021 Kiens,58,,15,17,32
021 Kiens,59,,14,14,28
021 Kiens,60,,19,13,32
021 Kiens,61,,8,12,20
021 Kiens,62,,11,14,25
021 Kiens,63,,20,11,31
021 Kiens,64,,16,11,27
021 Kiens,65,,13,11,24
021 Kiens,66,,11,16,27
021 Kiens,67,,11,8,19
021 Kiens,68,,13,14,27
021 Kiens,69,,10,11,21
021 Kiens,70,,9,11,20
021 Kiens,71,,4,17,21
021 Kiens,72,,9,11,20
021 Kiens,73,,12,8,20
021 Kiens,74,,13,13,26
021 Kiens,75,,12,8,20
021 Kiens,76,,8,11,19
021 Kiens,77,,6,9,15
021 Kiens,78,,2,4,6
021 Kiens,79,,5,5,10
021 Kiens,80,,3,5,8
021 Kiens,81,,5,3,8
021 Kiens,82,,2,6,8
021 Kiens,83,,4,6,10
021 Kiens,84,,4,4,8
021 Kiens,85,,-,5,5
021 Kiens,86,,3,3,6
021 Kiens,87,,1,2,3
021 Kiens,88,,-,2,2
021 Kiens,89,,-,2,2
021 Kiens,90,,-,2,2
021 Kiens,91,,1,1,2
021 Kiens,92,,1,1,2
021 Kiens,93,,2,2,4
021 Kiens,94,,1,3,4
022 Klausen,0,,37,40,77
022 Klausen,1,,39,34,73
022 Klausen,2,,37,36,73
022 Klausen,3,,29,31,60
022 Klausen,4,,42,25,67
022 Klausen,5,,31,33,64
022 Klausen,6,,30,32,62
022 Klausen,7,,29,30,59
022 Klausen,8,,23,28,51
022 Klausen,9,,40,34,74
022 Klausen,10,,28,28,56
022 Klausen,11,,34,25,59
022 Klausen,12,,16,34,50
022 Klausen,13,,31,27,58
022 Klausen,14,,43,26,69
022 Klausen,15,,33,34,67
022 Klausen,16,,38,25,63
022 Klausen,17,,29,30,59
022 Klausen,18,,32,33,65
022 Klausen,19,,22,32,54
022 Klausen,20,,37,32,69
022 Klausen,21,,38,38,76
022 Klausen,22,,31,28,59
022 Klausen,23,,21,38,59
022 Klausen,24,,40,34,74
022 Klausen,25,,35,29,64
022 Klausen,26,,29,38,67
022 Klausen,27,,34,35,69
022 Klausen,28,,40,44,84
022 Klausen,29,,36,38,74
022 Klausen,30,,45,28,73
022 Klausen,31,,37,41,78
022 Klausen,32,,41,32,73
022 Klausen,33,,44,33,77
022 Klausen,34,,33,42,75
022 Klausen,35,,48,43,91
022 Klausen,36,,42,45,87
022 Klausen,37,,51,52,103
022 Klausen,38,,51,45,96
022 Klausen,39,,49,44,93
022 Klausen,40,,59,41,100
022 Klausen,41,,39,46,85
022 Klausen,42,,43,48,91
022 Klausen,43,,37,39,76
022 Klausen,44,,34,41,75
022 Klausen,45,,50,44,94
022 Klausen,46,,40,26,66
022 Klausen,47,,34,38,72
022 Klausen,48,,26,30,56
022 Klausen,49,,33,25,58
022 Klausen,50,,32,24,56
022 Klausen,51,,30,33,63
022 Klausen,52,,34,43,77
022 Klausen,53,,20,33,53
022 Klausen,54,,26,15,41
022 Klausen,55,,33,26,59
022 Klausen,56,,30,23,53
022 Klausen,57,,30,25,55
022 Klausen,58,,28,26,54
022 Klausen,59,,27,19,46
022 Klausen,60,,30,20,50
022 Klausen,61,,13,17,30
022 Klausen,62,,22,18,40
022 Klausen,63,,19,29,48
022 Klausen,64,,22,26,48
022 Klausen,65,,28,20,48
022 Klausen,66,,22,22,44
022 Klausen,67,,24,18,42
022 Klausen,68,,16,20,36
022 Klausen,69,,18,17,35
022 Klausen,70,,16,22,38
022 Klausen,71,,11,18,29
022 Klausen,72,,18,14,32
022 Klausen,73,,22,16,38
022 Klausen,74,,10,19,29
022 Klausen,75,,12,14,26
022 Klausen,76,,10,18,28
022 Klausen,77,,16,18,34
022 Klausen,78,,4,17,21
022 Klausen,79,,3,14,17
022 Klausen,80,,9,11,20
022 Klausen,81,,12,8,20
022 Klausen,82,,8,13,21
022 Klausen,83,,2,13,15
022 Klausen,84,,3,7,10
022 Klausen,85,,-,7,7
022 Klausen,86,,4,9,13
022 Klausen,87,,1,7,8
022 Klausen,88,,1,6,7
022 Klausen,89,,2,6,8
022 Klausen,90,,1,1,2
022 Klausen,92,,2,4,6
022 Klausen,93,,-,6,6
022 Klausen,95,,1,-,1
022 Klausen,96,,-,2,2
022 Klausen,97,,-,1,1
023 Karneid,0,,19,12,31
023 Karneid,1,,24,16,40
023 Karneid,2,,20,23,43
023 Karneid,3,,23,18,41
023 Karneid,4,,14,13,27
023 Karneid,5,,21,19,40
023 Karneid,6,,17,19,36
023 Karneid,7,,25,27,52
023 Karneid,8,,21,20,41
023 Karneid,9,,30,20,50
023 Karneid,10,,21,22,43
023 Karneid,11,,25,20,45
023 Karneid,12,,23,22,45
023 Karneid,13,,22,20,42
023 Karneid,14,,25,19,44
023 Karneid,15,,16,20,36
023 Karneid,16,,25,18,43
023 Karneid,17,,15,19,34
023 Karneid,18,,18,19,37
023 Karneid,19,,13,21,34
023 Karneid,20,,20,20,40
023 Karneid,21,,23,14,37
023 Karneid,22,,26,16,42
023 Karneid,23,,18,12,30
023 Karneid,24,,23,11,34
023 Karneid,25,,29,28,57
023 Karneid,26,,25,18,43
023 Karneid,27,,28,28,56
023 Karneid,28,,27,15,42
023 Karneid,29,,18,19,37
023 Karneid,30,,26,28,54
023 Karneid,31,,19,20,39
023 Karneid,32,,23,21,44
023 Karneid,33,,31,30,61
023 Karneid,34,,31,24,55
023 Karneid,35,,34,38,72
023 Karneid,36,,40,20,60
023 Karneid,37,,22,27,49
023 Karneid,38,,36,30,66
023 Karneid,39,,35,35,70
023 Karneid,40,,35,37,72
023 Karneid,41,,32,23,55
023 Karneid,42,,34,25,59
023 Karneid,43,,38,26,64
023 Karneid,44,,27,39,66
023 Karneid,45,,27,21,48
023 Karneid,46,,32,27,59
023 Karneid,47,,27,19,46
023 Karneid,48,,22,18,40
023 Karneid,49,,18,16,34
023 Karneid,50,,22,18,40
023 Karneid,51,,16,11,27
023 Karneid,52,,15,14,29
023 Karneid,53,,19,15,34
023 Karneid,54,,13,21,34
023 Karneid,55,,20,12,32
023 Karneid,56,,25,17,42
023 Karneid,57,,12,15,27
023 Karneid,58,,16,24,40
023 Karneid,59,,9,15,24
023 Karneid,60,,12,20,32
023 Karneid,61,,12,15,27
023 Karneid,62,,12,14,26
023 Karneid,63,,20,14,34
023 Karneid,64,,17,24,41
023 Karneid,65,,21,15,36
023 Karneid,66,,13,16,29
023 Karneid,67,,18,14,32
023 Karneid,68,,21,12,33
023 Karneid,69,,9,8,17
023 Karneid,70,,12,12,24
023 Karneid,71,,8,11,19
023 Karneid,72,,11,15,26
023 Karneid,73,,8,14,22
023 Karneid,74,,13,5,18
023 Karneid,75,,18,11,29
023 Karneid,76,,7,8,15
023 Karneid,77,,12,10,22
023 Karneid,78,,9,7,16
023 Karneid,79,,3,9,12
023 Karneid,80,,6,10,16
023 Karneid,81,,3,7,10
023 Karneid,82,,7,8,15
023 Karneid,83,,4,2,6
023 Karneid,84,,-,7,7
023 Karneid,85,,1,5,6
023 Karneid,86,,3,7,10
023 Karneid,87,,5,1,6
023 Karneid,88,,-,4,4
023 Karneid,89,,1,1,2
023 Karneid,90,,-,1,1
023 Karneid,93,,-,1,1
023 Karneid,94,,-,3,3
023 Karneid,96,,1,-,1
023 Karneid,98,,-,1,1
024 Kurtatsch a.d.Weinstr.,0,,4,15,19
024 Kurtatsch a.d.Weinstr.,1,,13,16,29
024 Kurtatsch a.d.Weinstr.,2,,10,11,21
024 Kurtatsch a.d.Weinstr.,3,,11,12,23
024 Kurtatsch a.d.Weinstr.,4,,10,19,29
024 Kurtatsch a.d.Weinstr.,5,,20,13,33
024 Kurtatsch a.d.Weinstr.,6,,17,15,32
024 Kurtatsch a.d.Weinstr.,7,,17,12,29
024 Kurtatsch a.d.Weinstr.,8,,16,15,31
024 Kurtatsch a.d.Weinstr.,9,,13,14,27
024 Kurtatsch a.d.Weinstr.,10,,23,18,41
024 Kurtatsch a.d.Weinstr.,11,,20,13,33
024 Kurtatsch a.d.Weinstr.,12,,16,6,22
024 Kurtatsch a.d.Weinstr.,13,,23,20,43
024 Kurtatsch a.d.Weinstr.,14,,21,11,32
024 Kurtatsch a.d.Weinstr.,15,,16,17,33
024 Kurtatsch a.d.Weinstr.,16,,11,7,18
024 Kurtatsch a.d.Weinstr.,17,,10,18,28
024 Kurtatsch a.d.Weinstr.,18,,7,14,21
024 Kurtatsch a.d.Weinstr.,19,,12,12,24
024 Kurtatsch a.d.Weinstr.,20,,10,10,20
024 Kurtatsch a.d.Weinstr.,21,,13,10,23
024 Kurtatsch a.d.Weinstr.,22,,14,10,24
024 Kurtatsch a.d.Weinstr.,23,,15,7,22
024 Kurtatsch a.d.Weinstr.,24,,10,20,30
024 Kurtatsch a.d.Weinstr.,25,,11,12,23
024 Kurtatsch a.d.Weinstr.,26,,7,14,21
024 Kurtatsch a.d.Weinstr.,27,,10,11,21
024 Kurtatsch a.d.Weinstr.,28,,10,8,18
024 Kurtatsch a.d.Weinstr.,29,,9,16,25
024 Kurtatsch a.d.Weinstr.,30,,11,10,21
024 Kurtatsch a.d.Weinstr.,31,,11,10,21
024 Kurtatsch a.d.Weinstr.,32,,11,18,29
024 Kurtatsch a.d.Weinstr.,33,,13,18,31
024 Kurtatsch a.d.Weinstr.,34,,13,17,30
024 Kurtatsch a.d.Weinstr.,35,,13,20,33
024 Kurtatsch a.d.Weinstr.,36,,15,28,43
024 Kurtatsch a.d.Weinstr.,37,,24,24,48
024 Kurtatsch a.d.Weinstr.,38,,28,18,46
024 Kurtatsch a.d.Weinstr.,39,,19,19,38
024 Kurtatsch a.d.Weinstr.,40,,30,16,46
024 Kurtatsch a.d.Weinstr.,41,,27,27,54
024 Kurtatsch a.d.Weinstr.,42,,15,25,40
024 Kurtatsch a.d.Weinstr.,43,,21,20,41
024 Kurtatsch a.d.Weinstr.,44,,23,9,32
024 Kurtatsch a.d.Weinstr.,45,,17,15,32
024 Kurtatsch a.d.Weinstr.,46,,19,22,41
024 Kurtatsch a.d.Weinstr.,47,,19,10,29
024 Kurtatsch a.d.Weinstr.,48,,16,16,32
024 Kurtatsch a.d.Weinstr.,49,,10,10,20
024 Kurtatsch a.d.Weinstr.,50,,9,9,18
024 Kurtatsch a.d.Weinstr.,51,,14,17,31
024 Kurtatsch a.d.Weinstr.,52,,15,8,23
024 Kurtatsch a.d.Weinstr.,53,,16,17,33
024 Kurtatsch a.d.Weinstr.,54,,10,8,18
024 Kurtatsch a.d.Weinstr.,55,,8,13,21
024 Kurtatsch a.d.Weinstr.,56,,14,6,20
024 Kurtatsch a.d.Weinstr.,57,,11,9,20
024 Kurtatsch a.d.Weinstr.,58,,10,7,17
024 Kurtatsch a.d.Weinstr.,59,,12,8,20
024 Kurtatsch a.d.Weinstr.,60,,12,8,20
024 Kurtatsch a.d.Weinstr.,61,,7,9,16
024 Kurtatsch a.d.Weinstr.,62,,5,8,13
024 Kurtatsch a.d.Weinstr.,63,,10,7,17
024 Kurtatsch a.d.Weinstr.,64,,10,12,22
024 Kurtatsch a.d.Weinstr.,65,,8,12,20
024 Kurtatsch a.d.Weinstr.,66,,11,11,22
024 Kurtatsch a.d.Weinstr.,67,,3,15,18
024 Kurtatsch a.d.Weinstr.,68,,12,11,23
024 Kurtatsch a.d.Weinstr.,69,,4,10,14
024 Kurtatsch a.d.Weinstr.,70,,9,7,16
024 Kurtatsch a.d.Weinstr.,71,,4,7,11
024 Kurtatsch a.d.Weinstr.,72,,6,9,15
024 Kurtatsch a.d.Weinstr.,73,,8,7,15
024 Kurtatsch a.d.Weinstr.,74,,11,16,27
024 Kurtatsch a.d.Weinstr.,75,,7,11,18
024 Kurtatsch a.d.Weinstr.,76,,9,15,24
024 Kurtatsch a.d.Weinstr.,77,,7,10,17
024 Kurtatsch a.d.Weinstr.,78,,7,9,16
024 Kurtatsch a.d.Weinstr.,79,,8,6,14
024 Kurtatsch a.d.Weinstr.,80,,5,6,11
024 Kurtatsch a.d.Weinstr.,81,,4,7,11
024 Kurtatsch a.d.Weinstr.,82,,5,8,13
024 Kurtatsch a.d.Weinstr.,83,,8,17,25
024 Kurtatsch a.d.Weinstr.,84,,-,2,2
024 Kurtatsch a.d.Weinstr.,85,,2,7,9
024 Kurtatsch a.d.Weinstr.,86,,5,3,8
024 Kurtatsch a.d.Weinstr.,87,,1,1,2
024 Kurtatsch a.d.Weinstr.,89,,-,3,3
024 Kurtatsch a.d.Weinstr.,90,,-,1,1
024 Kurtatsch a.d.Weinstr.,92,,1,-,1
024 Kurtatsch a.d.Weinstr.,93,,-,1,1
024 Kurtatsch a.d.Weinstr.,94,,2,1,3
024 Kurtatsch a.d.Weinstr.,95,,-,2,2
025 Kurtinig a.d. Weinstr.,0,,3,1,4
025 Kurtinig a.d. Weinstr.,1,,-,4,4
025 Kurtinig a.d. Weinstr.,2,,1,2,3
025 Kurtinig a.d. Weinstr.,3,,5,3,8
025 Kurtinig a.d. Weinstr.,4,,3,3,6
025 Kurtinig a.d. Weinstr.,5,,2,8,10
025 Kurtinig a.d. Weinstr.,6,,4,5,9
025 Kurtinig a.d. Weinstr.,7,,3,3,6
025 Kurtinig a.d. Weinstr.,8,,3,6,9
025 Kurtinig a.d. Weinstr.,9,,4,4,8
025 Kurtinig a.d. Weinstr.,10,,1,2,3
025 Kurtinig a.d. Weinstr.,11,,6,2,8
025 Kurtinig a.d. Weinstr.,12,,2,4,6
025 Kurtinig a.d. Weinstr.,13,,4,4,8
025 Kurtinig a.d. Weinstr.,14,,2,3,5
025 Kurtinig a.d. Weinstr.,15,,6,2,8
025 Kurtinig a.d. Weinstr.,16,,3,2,5
025 Kurtinig a.d. Weinstr.,17,,6,4,10
025 Kurtinig a.d. Weinstr.,18,,6,4,10
025 Kurtinig a.d. Weinstr.,19,,5,6,11
025 Kurtinig a.d. Weinstr.,20,,4,4,8
025 Kurtinig a.d. Weinstr.,21,,2,3,5
025 Kurtinig a.d. Weinstr.,22,,3,4,7
025 Kurtinig a.d. Weinstr.,23,,4,3,7
025 Kurtinig a.d. Weinstr.,24,,7,4,11
025 Kurtinig a.d. Weinstr.,25,,4,3,7
025 Kurtinig a.d. Weinstr.,26,,5,4,9
025 Kurtinig a.d. Weinstr.,27,,4,6,10
025 Kurtinig a.d. Weinstr.,28,,3,3,6
025 Kurtinig a.d. Weinstr.,29,,3,1,4
025 Kurtinig a.d. Weinstr.,30,,1,-,1
025 Kurtinig a.d. Weinstr.,31,,2,8,10
025 Kurtinig a.d. Weinstr.,32,,3,2,5
025 Kurtinig a.d. Weinstr.,33,,5,3,8
025 Kurtinig a.d. Weinstr.,34,,3,5,8
025 Kurtinig a.d. Weinstr.,35,,4,3,7
025 Kurtinig a.d. Weinstr.,36,,7,3,10
025 Kurtinig a.d. Weinstr.,37,,7,6,13
025 Kurtinig a.d. Weinstr.,38,,4,4,8
025 Kurtinig a.d. Weinstr.,39,,4,4,8
025 Kurtinig a.d. Weinstr.,40,,2,5,7
025 Kurtinig a.d. Weinstr.,41,,5,4,9
025 Kurtinig a.d. Weinstr.,42,,6,5,11
025 Kurtinig a.d. Weinstr.,43,,10,6,16
025 Kurtinig a.d. Weinstr.,44,,5,5,10
025 Kurtinig a.d. Weinstr.,45,,8,9,17
025 Kurtinig a.d. Weinstr.,46,,5,4,9
025 Kurtinig a.d. Weinstr.,47,,11,5,16
025 Kurtinig a.d. Weinstr.,48,,3,8,11
025 Kurtinig a.d. Weinstr.,49,,7,7,14
025 Kurtinig a.d. Weinstr.,50,,4,2,6
025 Kurtinig a.d. Weinstr.,51,,3,1,4
025 Kurtinig a.d. Weinstr.,52,,7,2,9
025 Kurtinig a.d. Weinstr.,53,,4,6,10
025 Kurtinig a.d. Weinstr.,54,,2,4,6
025 Kurtinig a.d. Weinstr.,55,,3,4,7
025 Kurtinig a.d. Weinstr.,56,,2,3,5
025 Kurtinig a.d. Weinstr.,57,,3,3,6
025 Kurtinig a.d. Weinstr.,58,,5,5,10
025 Kurtinig a.d. Weinstr.,59,,5,2,7
025 Kurtinig a.d. Weinstr.,60,,-,5,5
025 Kurtinig a.d. Weinstr.,61,,3,3,6
025 Kurtinig a.d. Weinstr.,62,,3,2,5
025 Kurtinig a.d. Weinstr.,63,,4,2,6
025 Kurtinig a.d. Weinstr.,64,,2,2,4
025 Kurtinig a.d. Weinstr.,65,,4,2,6
025 Kurtinig a.d. Weinstr.,66,,2,2,4
025 Kurtinig a.d. Weinstr.,67,,5,3,8
025 Kurtinig a.d. Weinstr.,68,,2,2,4
025 Kurtinig a.d. Weinstr.,69,,2,4,6
025 Kurtinig a.d. Weinstr.,70,,4,3,7
025 Kurtinig a.d. Weinstr.,71,,-,6,6
025 Kurtinig a.d. Weinstr.,72,,2,4,6
025 Kurtinig a.d. Weinstr.,73,,1,2,3
025 Kurtinig a.d. Weinstr.,74,,3,4,7
025 Kurtinig a.d. Weinstr.,75,,3,2,5
025 Kurtinig a.d. Weinstr.,76,,4,3,7
025 Kurtinig a.d. Weinstr.,77,,1,3,4
025 Kurtinig a.d. Weinstr.,78,,2,4,6
025 Kurtinig a.d. Weinstr.,79,,2,2,4
025 Kurtinig a.d. Weinstr.,80,,2,1,3
025 Kurtinig a.d. Weinstr.,81,,-,5,5
025 Kurtinig a.d. Weinstr.,82,,1,4,5
025 Kurtinig a.d. Weinstr.,83,,-,1,1
025 Kurtinig a.d. Weinstr.,84,,-,2,2
025 Kurtinig a.d. Weinstr.,85,,1,1,2
025 Kurtinig a.d. Weinstr.,86,,1,-,1
025 Kurtinig a.d. Weinstr.,87,,-,2,2
025 Kurtinig a.d. Weinstr.,88,,-,1,1
025 Kurtinig a.d. Weinstr.,91,,-,1,1
025 Kurtinig a.d. Weinstr.,92,,-,2,2
025 Kurtinig a.d. Weinstr.,94,,-,1,1
026 Corvara,0,,9,4,13
026 Corvara,1,,6,6,12
026 Corvara,2,,7,3,10
026 Corvara,3,,12,5,17
026 Corvara,4,,4,4,8
026 Corvara,5,,4,8,12
026 Corvara,6,,7,3,10
026 Corvara,7,,8,7,15
026 Corvara,8,,10,9,19
026 Corvara,9,,3,5,8
026 Corvara,10,,9,4,13
026 Corvara,11,,7,7,14
026 Corvara,12,,8,5,13
026 Corvara,13,,6,3,9
026 Corvara,14,,6,10,16
026 Corvara,15,,2,5,7
026 Corvara,16,,9,7,16
026 Corvara,17,,5,5,10
026 Corvara,18,,5,3,8
026 Corvara,19,,9,7,16
026 Corvara,20,,4,-,4
026 Corvara,21,,5,8,13
026 Corvara,22,,7,3,10
026 Corvara,23,,7,7,14
026 Corvara,24,,10,11,21
026 Corvara,25,,15,3,18
026 Corvara,26,,10,5,15
026 Corvara,27,,10,8,18
026 Corvara,28,,10,2,12
026 Corvara,29,,17,9,26
026 Corvara,30,,12,5,17
026 Corvara,31,,8,21,29
026 Corvara,32,,8,15,23
026 Corvara,33,,11,7,18
026 Corvara,34,,7,8,15
026 Corvara,35,,12,5,17
026 Corvara,36,,9,13,22
026 Corvara,37,,17,13,30
026 Corvara,38,,7,14,21
026 Corvara,39,,15,20,35
026 Corvara,40,,12,17,29
026 Corvara,41,,16,16,32
026 Corvara,42,,8,8,16
026 Corvara,43,,12,10,22
026 Corvara,44,,13,12,25
026 Corvara,45,,8,7,15
026 Corvara,46,,16,13,29
026 Corvara,47,,7,7,14
026 Corvara,48,,11,6,17
026 Corvara,49,,7,5,12
026 Corvara,50,,4,7,11
026 Corvara,51,,11,7,18
026 Corvara,52,,10,8,18
026 Corvara,53,,6,12,18
026 Corvara,54,,5,8,13
026 Corvara,55,,5,8,13
026 Corvara,56,,7,8,15
026 Corvara,57,,3,9,12
026 Corvara,58,,5,5,10
026 Corvara,59,,4,10,14
026 Corvara,60,,13,11,24
026 Corvara,61,,5,5,10
026 Corvara,62,,7,8,15
026 Corvara,63,,5,10,15
026 Corvara,64,,6,8,14
026 Corvara,65,,11,11,22
026 Corvara,66,,9,6,15
026 Corvara,67,,6,4,10
026 Corvara,68,,4,7,11
026 Corvara,69,,5,9,14
026 Corvara,70,,5,7,12
026 Corvara,71,,7,4,11
026 Corvara,72,,6,8,14
026 Corvara,73,,3,4,7
026 Corvara,74,,4,4,8
026 Corvara,75,,7,10,17
026 Corvara,76,,6,3,9
026 Corvara,77,,4,4,8
026 Corvara,78,,1,2,3
026 Corvara,79,,5,2,7
026 Corvara,80,,3,2,5
026 Corvara,81,,1,3,4
026 Corvara,82,,2,-,2
026 Corvara,83,,4,2,6
026 Corvara,84,,3,3,6
026 Corvara,85,,4,1,5
026 Corvara,86,,3,1,4
026 Corvara,87,,1,2,3
026 Corvara,88,,-,1,1
026 Corvara,89,,1,2,3
026 Corvara,92,,-,2,2
026 Corvara,94,,1,1,2
026 Corvara,95,,1,-,1
026 Corvara,98,,-,1,1
027 Graun im Vinschgau,0,,10,19,29
027 Graun im Vinschgau,1,,13,16,29
027 Graun im Vinschgau,2,,12,17,29
027 Graun im Vinschgau,3,,9,12,21
027 Graun im Vinschgau,4,,11,12,23
027 Graun im Vinschgau,5,,16,15,31
027 Graun im Vinschgau,6,,18,16,34
027 Graun im Vinschgau,7,,15,10,25
027 Graun im Vinschgau,8,,10,15,25
027 Graun im Vinschgau,9,,19,17,36
027 Graun im Vinschgau,10,,22,18,40
027 Graun im Vinschgau,11,,19,16,35
027 Graun im Vinschgau,12,,19,12,31
027 Graun im Vinschgau,13,,20,13,33
027 Graun im Vinschgau,14,,17,15,32
027 Graun im Vinschgau,15,,10,12,22
027 Graun im Vinschgau,16,,18,19,37
027 Graun im Vinschgau,17,,26,17,43
027 Graun im Vinschgau,18,,20,11,31
027 Graun im Vinschgau,19,,15,11,26
027 Graun im Vinschgau,20,,7,8,15
027 Graun im Vinschgau,21,,18,10,28
027 Graun im Vinschgau,22,,18,16,34
027 Graun im Vinschgau,23,,7,16,23
027 Graun im Vinschgau,24,,17,16,33
027 Graun im Vinschgau,25,,20,20,40
027 Graun im Vinschgau,26,,21,16,37
027 Graun im Vinschgau,27,,15,23,38
027 Graun im Vinschgau,28,,19,18,37
027 Graun im Vinschgau,29,,16,19,35
027 Graun im Vinschgau,30,,15,19,34
027 Graun im Vinschgau,31,,20,17,37
027 Graun im Vinschgau,32,,23,15,38
027 Graun im Vinschgau,33,,20,19,39
027 Graun im Vinschgau,34,,23,18,41
027 Graun im Vinschgau,35,,21,13,34
027 Graun im Vinschgau,36,,21,16,37
027 Graun im Vinschgau,37,,26,20,46
027 Graun im Vinschgau,38,,15,21,36
027 Graun im Vinschgau,39,,26,22,48
027 Graun im Vinschgau,40,,20,22,42
027 Graun im Vinschgau,41,,17,20,37
027 Graun im Vinschgau,42,,22,22,44
027 Graun im Vinschgau,43,,23,17,40
027 Graun im Vinschgau,44,,22,24,46
027 Graun im Vinschgau,45,,19,12,31
027 Graun im Vinschgau,46,,21,19,40
027 Graun im Vinschgau,47,,20,11,31
027 Graun im Vinschgau,48,,20,15,35
027 Graun im Vinschgau,49,,12,13,25
027 Graun im Vinschgau,50,,15,10,25
027 Graun im Vinschgau,51,,13,9,22
027 Graun im Vinschgau,52,,17,16,33
027 Graun im Vinschgau,53,,14,6,20
027 Graun im Vinschgau,54,,17,11,28
027 Graun im Vinschgau,55,,13,16,29
027 Graun im Vinschgau,56,,12,12,24
027 Graun im Vinschgau,57,,7,21,28
027 Graun im Vinschgau,58,,14,12,26
027 Graun im Vinschgau,59,,5,10,15
027 Graun im Vinschgau,60,,10,8,18
027 Graun im Vinschgau,61,,8,8,16
027 Graun im Vinschgau,62,,11,9,20
027 Graun im Vinschgau,63,,9,11,20
027 Graun im Vinschgau,64,,9,12,21
027 Graun im Vinschgau,65,,15,10,25
027 Graun im Vinschgau,66,,12,10,22
027 Graun im Vinschgau,67,,11,11,22
027 Graun im Vinschgau,68,,10,11,21
027 Graun im Vinschgau,69,,11,3,14
027 Graun im Vinschgau,70,,13,14,27
027 Graun im Vinschgau,71,,9,8,17
027 Graun im Vinschgau,72,,12,9,21
027 Graun im Vinschgau,73,,7,7,14
027 Graun im Vinschgau,74,,11,7,18
027 Graun im Vinschgau,75,,9,10,19
027 Graun im Vinschgau,76,,4,6,10
027 Graun im Vinschgau,77,,12,12,24
027 Graun im Vinschgau,78,,7,11,18
027 Graun im Vinschgau,79,,6,7,13
027 Graun im Vinschgau,80,,7,11,18
027 Graun im Vinschgau,81,,3,4,7
027 Graun im Vinschgau,82,,4,7,11
027 Graun im Vinschgau,83,,4,11,15
027 Graun im Vinschgau,84,,6,6,12
027 Graun im Vinschgau,85,,5,9,14
027 Graun im Vinschgau,86,,3,1,4
027 Graun im Vinschgau,87,,-,4,4
027 Graun im Vinschgau,88,,2,1,3
027 Graun im Vinschgau,89,,-,1,1
027 Graun im Vinschgau,90,,-,2,2
027 Graun im Vinschgau,91,,-,1,1
027 Graun im Vinschgau,92,,1,1,2
027 Graun im Vinschgau,94,,1,1,2
027 Graun im Vinschgau,95,,-,2,2
027 Graun im Vinschgau,98,,-,2,2
028 Toblach,0,,18,11,29
028 Toblach,1,,13,18,31
028 Toblach,2,,19,23,42
028 Toblach,3,,19,27,46
028 Toblach,4,,12,22,34
028 Toblach,5,,27,17,44
028 Toblach,6,,21,14,35
028 Toblach,7,,16,24,40
028 Toblach,8,,18,11,29
028 Toblach,9,,24,18,42
028 Toblach,10,,28,22,50
028 Toblach,11,,17,10,27
028 Toblach,12,,23,18,41
028 Toblach,13,,18,19,37
028 Toblach,14,,14,17,31
028 Toblach,15,,17,28,45
028 Toblach,16,,16,22,38
028 Toblach,17,,9,14,23
028 Toblach,18,,13,23,36
028 Toblach,19,,31,17,48
028 Toblach,20,,15,21,36
028 Toblach,21,,23,21,44
028 Toblach,22,,21,26,47
028 Toblach,23,,24,19,43
028 Toblach,24,,27,26,53
028 Toblach,25,,27,22,49
028 Toblach,26,,24,15,39
028 Toblach,27,,30,24,54
028 Toblach,28,,23,24,47
028 Toblach,29,,14,22,36
028 Toblach,30,,22,33,55
028 Toblach,31,,23,19,42
028 Toblach,32,,29,20,49
028 Toblach,33,,30,21,51
028 Toblach,34,,27,30,57
028 Toblach,35,,29,22,51
028 Toblach,36,,21,21,42
028 Toblach,37,,42,28,70
028 Toblach,38,,33,29,62
028 Toblach,39,,26,20,46
028 Toblach,40,,27,28,55
028 Toblach,41,,34,27,61
028 Toblach,42,,35,29,64
028 Toblach,43,,29,25,54
028 Toblach,44,,36,29,65
028 Toblach,45,,22,31,53
028 Toblach,46,,21,18,39
028 Toblach,47,,36,27,63
028 Toblach,48,,23,17,40
028 Toblach,49,,26,22,48
028 Toblach,50,,16,23,39
028 Toblach,51,,17,26,43
028 Toblach,52,,19,20,39
028 Toblach,53,,20,24,44
028 Toblach,54,,20,16,36
028 Toblach,55,,26,11,37
028 Toblach,56,,14,16,30
028 Toblach,57,,20,14,34
028 Toblach,58,,14,25,39
028 Toblach,59,,21,15,36
028 Toblach,60,,12,15,27
028 Toblach,61,,10,17,27
028 Toblach,62,,19,11,30
028 Toblach,63,,13,18,31
028 Toblach,64,,16,19,35
028 Toblach,65,,17,12,29
028 Toblach,66,,13,13,26
028 Toblach,67,,14,13,27
028 Toblach,68,,14,8,22
028 Toblach,69,,4,10,14
028 Toblach,70,,9,16,25
028 Toblach,71,,7,17,24
028 Toblach,72,,14,16,30
028 Toblach,73,,9,9,18
028 Toblach,74,,12,16,28
028 Toblach,75,,13,11,24
028 Toblach,76,,9,11,20
028 Toblach,77,,9,12,21
028 Toblach,78,,10,9,19
028 Toblach,79,,8,13,21
028 Toblach,80,,7,12,19
028 Toblach,81,,9,7,16
028 Toblach,82,,5,7,12
028 Toblach,83,,7,5,12
028 Toblach,84,,4,9,13
028 Toblach,85,,2,8,10
028 Toblach,86,,3,4,7
028 Toblach,87,,3,5,8
028 Toblach,88,,2,2,4
028 Toblach,89,,1,2,3
028 Toblach,91,,1,6,7
028 Toblach,92,,1,-,1
028 Toblach,93,,1,2,3
028 Toblach,94,,1,1,2
028 Toblach,95,,-,1,1
028 Toblach,97,,1,-,1
028 Toblach,99,,1,-,1
029 Neumarkt,0,,19,32,51
029 Neumarkt,1,,30,29,59
029 Neumarkt,2,,24,16,40
029 Neumarkt,3,,39,27,66
029 Neumarkt,4,,29,22,51
029 Neumarkt,5,,31,35,66
029 Neumarkt,6,,33,17,50
029 Neumarkt,7,,24,28,52
029 Neumarkt,8,,19,39,58
029 Neumarkt,9,,21,17,38
029 Neumarkt,10,,21,24,45
029 Neumarkt,11,,23,23,46
029 Neumarkt,12,,24,21,45
029 Neumarkt,13,,22,40,62
029 Neumarkt,14,,23,27,50
029 Neumarkt,15,,22,19,41
029 Neumarkt,16,,24,27,51
029 Neumarkt,17,,23,32,55
029 Neumarkt,18,,21,25,46
029 Neumarkt,19,,23,27,50
029 Neumarkt,20,,23,18,41
029 Neumarkt,21,,25,22,47
029 Neumarkt,22,,23,24,47
029 Neumarkt,23,,17,28,45
029 Neumarkt,24,,25,25,50
029 Neumarkt,25,,25,22,47
029 Neumarkt,26,,21,33,54
029 Neumarkt,27,,31,25,56
029 Neumarkt,28,,44,32,76
029 Neumarkt,29,,22,24,46
029 Neumarkt,30,,25,36,61
029 Neumarkt,31,,40,35,75
029 Neumarkt,32,,36,42,78
029 Neumarkt,33,,29,30,59
029 Neumarkt,34,,42,38,80
029 Neumarkt,35,,29,50,79
029 Neumarkt,36,,31,34,65
029 Neumarkt,37,,35,37,72
029 Neumarkt,38,,30,46,76
029 Neumarkt,39,,46,49,95
029 Neumarkt,40,,57,46,103
029 Neumarkt,41,,51,38,89
029 Neumarkt,42,,51,48,99
029 Neumarkt,43,,48,44,92
029 Neumarkt,44,,48,36,84
029 Neumarkt,45,,33,40,73
029 Neumarkt,46,,47,43,90
029 Neumarkt,47,,47,33,80
029 Neumarkt,48,,30,35,65
029 Neumarkt,49,,39,31,70
029 Neumarkt,50,,31,26,57
029 Neumarkt,51,,41,42,83
029 Neumarkt,52,,35,27,62
029 Neumarkt,53,,19,18,37
029 Neumarkt,54,,29,22,51
029 Neumarkt,55,,23,24,47
029 Neumarkt,56,,22,22,44
029 Neumarkt,57,,16,25,41
029 Neumarkt,58,,20,23,43
029 Neumarkt,59,,25,29,54
029 Neumarkt,60,,33,33,66
029 Neumarkt,61,,24,22,46
029 Neumarkt,62,,19,18,37
029 Neumarkt,63,,22,22,44
029 Neumarkt,64,,23,25,48
029 Neumarkt,65,,37,26,63
029 Neumarkt,66,,29,32,61
029 Neumarkt,67,,17,28,45
029 Neumarkt,68,,19,18,37
029 Neumarkt,69,,21,15,36
029 Neumarkt,70,,20,17,37
029 Neumarkt,71,,20,23,43
029 Neumarkt,72,,14,22,36
029 Neumarkt,73,,17,18,35
029 Neumarkt,74,,17,20,37
029 Neumarkt,75,,21,29,50
029 Neumarkt,76,,16,23,39
029 Neumarkt,77,,12,16,28
029 Neumarkt,78,,5,19,24
029 Neumarkt,79,,16,16,32
029 Neumarkt,80,,12,17,29
029 Neumarkt,81,,10,19,29
029 Neumarkt,82,,7,14,21
029 Neumarkt,83,,14,22,36
029 Neumarkt,84,,7,10,17
029 Neumarkt,85,,5,19,24
029 Neumarkt,86,,2,15,17
029 Neumarkt,87,,3,4,7
029 Neumarkt,88,,1,1,2
029 Neumarkt,89,,-,3,3
029 Neumarkt,90,,-,2,2
029 Neumarkt,91,,-,4,4
029 Neumarkt,92,,2,4,6
029 Neumarkt,93,,2,2,4
029 Neumarkt,94,,1,4,5
029 Neumarkt,95,,-,2,2
029 Neumarkt,96,,-,2,2
030 Pfalzen,0,,17,14,31
030 Pfalzen,1,,17,14,31
030 Pfalzen,2,,16,17,33
030 Pfalzen,3,,22,13,35
030 Pfalzen,4,,14,15,29
030 Pfalzen,5,,15,15,30
030 Pfalzen,6,,13,16,29
030 Pfalzen,7,,20,18,38
030 Pfalzen,8,,16,18,34
030 Pfalzen,9,,13,16,29
030 Pfalzen,10,,15,16,31
030 Pfalzen,11,,23,19,42
030 Pfalzen,12,,10,18,28
030 Pfalzen,13,,11,20,31
030 Pfalzen,14,,13,22,35
030 Pfalzen,15,,14,19,33
030 Pfalzen,16,,18,13,31
030 Pfalzen,17,,18,20,38
030 Pfalzen,18,,13,9,22
030 Pfalzen,19,,13,23,36
030 Pfalzen,20,,19,18,37
030 Pfalzen,21,,22,13,35
030 Pfalzen,22,,15,12,27
030 Pfalzen,23,,13,8,21
030 Pfalzen,24,,19,21,40
030 Pfalzen,25,,17,20,37
030 Pfalzen,26,,19,21,40
030 Pfalzen,27,,16,21,37
030 Pfalzen,28,,20,18,38
030 Pfalzen,29,,19,16,35
030 Pfalzen,30,,19,13,32
030 Pfalzen,31,,12,18,30
030 Pfalzen,32,,24,18,42
030 Pfalzen,33,,18,23,41
030 Pfalzen,34,,19,21,40
030 Pfalzen,35,,29,25,54
030 Pfalzen,36,,20,24,44
030 Pfalzen,37,,29,10,39
030 Pfalzen,38,,19,34,53
030 Pfalzen,39,,19,21,40
030 Pfalzen,40,,22,23,45
030 Pfalzen,41,,22,27,49
030 Pfalzen,42,,19,20,39
030 Pfalzen,43,,32,20,52
030 Pfalzen,44,,22,31,53
030 Pfalzen,45,,25,20,45
030 Pfalzen,46,,21,14,35
030 Pfalzen,47,,15,14,29
030 Pfalzen,48,,17,20,37
030 Pfalzen,49,,25,19,44
030 Pfalzen,50,,16,15,31
030 Pfalzen,51,,16,11,27
030 Pfalzen,52,,13,11,24
030 Pfalzen,53,,14,11,25
030 Pfalzen,54,,10,11,21
030 Pfalzen,55,,17,18,35
030 Pfalzen,56,,11,11,22
030 Pfalzen,57,,16,6,22
030 Pfalzen,58,,9,10,19
030 Pfalzen,59,,11,3,14
030 Pfalzen,60,,8,9,17
030 Pfalzen,61,,7,8,15
030 Pfalzen,62,,8,6,14
030 Pfalzen,63,,8,11,19
030 Pfalzen,64,,7,12,19
030 Pfalzen,65,,11,8,19
030 Pfalzen,66,,12,9,21
030 Pfalzen,67,,9,5,14
030 Pfalzen,68,,12,9,21
030 Pfalzen,69,,6,5,11
030 Pfalzen,70,,2,9,11
030 Pfalzen,71,,7,6,13
030 Pfalzen,72,,8,13,21
030 Pfalzen,73,,7,8,15
030 Pfalzen,74,,8,5,13
030 Pfalzen,75,,9,7,16
030 Pfalzen,76,,7,10,17
030 Pfalzen,77,,9,5,14
030 Pfalzen,78,,2,5,7
030 Pfalzen,79,,5,4,9
030 Pfalzen,80,,4,3,7
030 Pfalzen,81,,4,3,7
030 Pfalzen,82,,3,8,11
030 Pfalzen,83,,5,4,9
030 Pfalzen,84,,3,3,6
030 Pfalzen,85,,-,4,4
030 Pfalzen,86,,-,6,6
030 Pfalzen,87,,3,1,4
030 Pfalzen,88,,1,1,2
030 Pfalzen,89,,-,1,1
030 Pfalzen,90,,-,2,2
030 Pfalzen,92,,-,4,4
030 Pfalzen,93,,1,1,2
030 Pfalzen,97,,-,1,1
030 Pfalzen,98,,1,-,1
031 Völs am Schlern,0,,22,23,45
031 Völs am Schlern,1,,34,14,48
031 Völs am Schlern,2,,19,14,33
031 Völs am Schlern,3,,15,22,37
031 Völs am Schlern,4,,18,30,48
031 Völs am Schlern,5,,19,23,42
031 Völs am Schlern,6,,22,27,49
031 Völs am Schlern,7,,19,20,39
031 Völs am Schlern,8,,24,26,50
031 Völs am Schlern,9,,18,25,43
031 Völs am Schlern,10,,14,21,35
031 Völs am Schlern,11,,23,22,45
031 Völs am Schlern,12,,20,10,30
031 Völs am Schlern,13,,16,15,31
031 Völs am Schlern,14,,19,18,37
031 Völs am Schlern,15,,11,20,31
031 Völs am Schlern,16,,20,19,39
031 Völs am Schlern,17,,19,14,33
031 Völs am Schlern,18,,18,16,34
031 Völs am Schlern,19,,19,13,32
031 Völs am Schlern,20,,23,14,37
031 Völs am Schlern,21,,15,14,29
031 Völs am Schlern,22,,16,7,23
031 Völs am Schlern,23,,10,26,36
031 Völs am Schlern,24,,18,24,42
031 Völs am Schlern,25,,28,18,46
031 Völs am Schlern,26,,30,12,42
031 Völs am Schlern,27,,25,24,49
031 Völs am Schlern,28,,27,18,45
031 Völs am Schlern,29,,20,27,47
031 Völs am Schlern,30,,32,21,53
031 Völs am Schlern,31,,22,18,40
031 Völs am Schlern,32,,21,27,48
031 Völs am Schlern,33,,26,29,55
031 Völs am Schlern,34,,40,28,68
031 Völs am Schlern,35,,39,33,72
031 Völs am Schlern,36,,26,35,61
031 Völs am Schlern,37,,34,33,67
031 Völs am Schlern,38,,35,36,71
031 Völs am Schlern,39,,29,28,57
031 Völs am Schlern,40,,40,31,71
031 Völs am Schlern,41,,28,27,55
031 Völs am Schlern,42,,31,23,54
031 Völs am Schlern,43,,34,23,57
031 Völs am Schlern,44,,28,20,48
031 Völs am Schlern,45,,26,20,46
031 Völs am Schlern,46,,20,19,39
031 Völs am Schlern,47,,22,10,32
031 Völs am Schlern,48,,22,16,38
031 Völs am Schlern,49,,21,19,40
031 Völs am Schlern,50,,17,19,36
031 Völs am Schlern,51,,19,16,35
031 Völs am Schlern,52,,17,26,43
031 Völs am Schlern,53,,18,24,42
031 Völs am Schlern,54,,19,17,36
031 Völs am Schlern,55,,18,21,39
031 Völs am Schlern,56,,19,18,37
031 Völs am Schlern,57,,16,9,25
031 Völs am Schlern,58,,15,12,27
031 Völs am Schlern,59,,15,20,35
031 Völs am Schlern,60,,18,12,30
031 Völs am Schlern,61,,10,13,23
031 Völs am Schlern,62,,15,9,24
031 Völs am Schlern,63,,14,22,36
031 Völs am Schlern,64,,15,15,30
031 Völs am Schlern,65,,20,20,40
031 Völs am Schlern,66,,11,21,32
031 Völs am Schlern,67,,13,11,24
031 Völs am Schlern,68,,11,15,26
031 Völs am Schlern,69,,10,10,20
031 Völs am Schlern,70,,8,19,27
031 Völs am Schlern,71,,14,13,27
031 Völs am Schlern,72,,13,8,21
031 Völs am Schlern,73,,6,14,20
031 Völs am Schlern,74,,14,8,22
031 Völs am Schlern,75,,12,14,26
031 Völs am Schlern,76,,4,12,16
031 Völs am Schlern,77,,7,10,17
031 Völs am Schlern,78,,5,14,19
031 Völs am Schlern,79,,7,10,17
031 Völs am Schlern,80,,5,6,11
031 Völs am Schlern,81,,6,11,17
031 Völs am Schlern,82,,7,12,19
031 Völs am Schlern,83,,2,4,6
031 Völs am Schlern,84,,2,7,9
031 Völs am Schlern,85,,3,10,13
031 Völs am Schlern,86,,3,4,7
031 Völs am Schlern,87,,1,4,5
031 Völs am Schlern,88,,1,3,4
031 Völs am Schlern,89,,1,3,4
031 Völs am Schlern,90,,1,2,3
031 Völs am Schlern,91,,2,2,4
031 Völs am Schlern,92,,2,5,7
031 Völs am Schlern,93,,2,-,2
031 Völs am Schlern,95,,1,-,1
031 Völs am Schlern,96,,1,-,1
031 Völs am Schlern,97,,1,-,1
031 Völs am Schlern,98,,-,1,1
032 Franzensfeste,0,,4,4,8
032 Franzensfeste,1,,5,5,10
032 Franzensfeste,2,,4,4,8
032 Franzensfeste,3,,6,2,8
032 Franzensfeste,4,,9,3,12
032 Franzensfeste,5,,5,6,11
032 Franzensfeste,6,,3,5,8
032 Franzensfeste,7,,6,5,11
032 Franzensfeste,8,,6,5,11
032 Franzensfeste,9,,5,2,7
032 Franzensfeste,10,,6,4,10
032 Franzensfeste,11,,4,2,6
032 Franzensfeste,12,,5,6,11
032 Franzensfeste,13,,6,5,11
032 Franzensfeste,14,,5,6,11
032 Franzensfeste,15,,5,5,10
032 Franzensfeste,16,,2,6,8
032 Franzensfeste,17,,5,4,9
032 Franzensfeste,18,,3,3,6
032 Franzensfeste,19,,4,3,7
032 Franzensfeste,20,,5,3,8
032 Franzensfeste,21,,4,7,11
032 Franzensfeste,22,,3,7,10
032 Franzensfeste,23,,8,6,14
032 Franzensfeste,24,,5,7,12
032 Franzensfeste,25,,8,5,13
032 Franzensfeste,26,,6,8,14
032 Franzensfeste,27,,12,3,15
032 Franzensfeste,28,,6,5,11
032 Franzensfeste,29,,3,4,7
032 Franzensfeste,30,,3,4,7
032 Franzensfeste,31,,9,9,18
032 Franzensfeste,32,,9,8,17
032 Franzensfeste,33,,3,6,9
032 Franzensfeste,34,,5,10,15
032 Franzensfeste,35,,4,3,7
032 Franzensfeste,36,,9,6,15
032 Franzensfeste,37,,11,6,17
032 Franzensfeste,38,,11,11,22
032 Franzensfeste,39,,8,5,13
032 Franzensfeste,40,,11,4,15
032 Franzensfeste,41,,10,8,18
032 Franzensfeste,42,,15,7,22
032 Franzensfeste,43,,7,9,16
032 Franzensfeste,44,,12,3,15
032 Franzensfeste,45,,6,10,16
032 Franzensfeste,46,,4,7,11
032 Franzensfeste,47,,8,9,17
032 Franzensfeste,48,,13,3,16
032 Franzensfeste,49,,5,5,10
032 Franzensfeste,50,,4,7,11
032 Franzensfeste,51,,8,7,15
032 Franzensfeste,52,,6,10,16
032 Franzensfeste,53,,7,6,13
032 Franzensfeste,54,,5,4,9
032 Franzensfeste,55,,7,1,8
032 Franzensfeste,56,,11,3,14
032 Franzensfeste,57,,3,5,8
032 Franzensfeste,58,,5,4,9
032 Franzensfeste,59,,2,3,5
032 Franzensfeste,60,,8,6,14
032 Franzensfeste,61,,4,7,11
032 Franzensfeste,62,,4,9,13
032 Franzensfeste,63,,3,3,6
032 Franzensfeste,64,,5,2,7
032 Franzensfeste,65,,5,2,7
032 Franzensfeste,66,,3,4,7
032 Franzensfeste,67,,6,2,8
032 Franzensfeste,68,,1,3,4
032 Franzensfeste,69,,7,5,12
032 Franzensfeste,70,,4,2,6
032 Franzensfeste,71,,2,2,4
032 Franzensfeste,72,,3,3,6
032 Franzensfeste,73,,2,6,8
032 Franzensfeste,74,,3,6,9
032 Franzensfeste,75,,2,8,10
032 Franzensfeste,76,,6,4,10
032 Franzensfeste,77,,3,7,10
032 Franzensfeste,78,,2,2,4
032 Franzensfeste,79,,3,5,8
032 Franzensfeste,80,,3,9,12
032 Franzensfeste,81,,3,1,4
032 Franzensfeste,82,,5,5,10
032 Franzensfeste,83,,3,6,9
032 Franzensfeste,84,,2,4,6
032 Franzensfeste,85,,1,3,4
032 Franzensfeste,86,,-,1,1
032 Franzensfeste,88,,-,2,2
032 Franzensfeste,91,,1,2,3
032 Franzensfeste,93,,1,-,1
032 Franzensfeste,94,,-,1,1
032 Franzensfeste,95,,-,1,1
033 Villnöss,0,,12,22,34
033 Villnöss,1,,18,21,39
033 Villnöss,2,,12,13,25
033 Villnöss,3,,16,14,30
033 Villnöss,4,,21,13,34
033 Villnöss,5,,14,22,36
033 Villnöss,6,,18,14,32
033 Villnöss,7,,17,30,47
033 Villnöss,8,,22,19,41
033 Villnöss,9,,17,22,39
033 Villnöss,10,,21,17,38
033 Villnöss,11,,16,13,29
033 Villnöss,12,,14,12,26
033 Villnöss,13,,17,12,29
033 Villnöss,14,,11,14,25
033 Villnöss,15,,21,16,37
033 Villnöss,16,,15,11,26
033 Villnöss,17,,13,9,22
033 Villnöss,18,,15,23,38
033 Villnöss,19,,16,21,37
033 Villnöss,20,,10,15,25
033 Villnöss,21,,16,16,32
033 Villnöss,22,,16,13,29
033 Villnöss,23,,15,14,29
033 Villnöss,24,,13,16,29
033 Villnöss,25,,15,15,30
033 Villnöss,26,,22,12,34
033 Villnöss,27,,10,11,21
033 Villnöss,28,,16,14,30
033 Villnöss,29,,15,12,27
033 Villnöss,30,,15,11,26
033 Villnöss,31,,22,16,38
033 Villnöss,32,,22,19,41
033 Villnöss,33,,9,17,26
033 Villnöss,34,,17,24,41
033 Villnöss,35,,24,26,50
033 Villnöss,36,,16,25,41
033 Villnöss,37,,27,22,49
033 Villnöss,38,,30,20,50
033 Villnöss,39,,18,18,36
033 Villnöss,40,,26,18,44
033 Villnöss,41,,26,22,48
033 Villnöss,42,,31,28,59
033 Villnöss,43,,30,19,49
033 Villnöss,44,,28,20,48
033 Villnöss,45,,24,14,38
033 Villnöss,46,,22,11,33
033 Villnöss,47,,10,10,20
033 Villnöss,48,,10,15,25
033 Villnöss,49,,13,11,24
033 Villnöss,50,,15,16,31
033 Villnöss,51,,11,3,14
033 Villnöss,52,,17,13,30
033 Villnöss,53,,13,14,27
033 Villnöss,54,,13,11,24
033 Villnöss,55,,11,9,20
033 Villnöss,56,,8,9,17
033 Villnöss,57,,7,14,21
033 Villnöss,58,,10,10,20
033 Villnöss,59,,12,11,23
033 Villnöss,60,,10,5,15
033 Villnöss,61,,8,4,12
033 Villnöss,62,,7,14,21
033 Villnöss,63,,12,10,22
033 Villnöss,64,,11,18,29
033 Villnöss,65,,13,9,22
033 Villnöss,66,,7,18,25
033 Villnöss,67,,12,13,25
033 Villnöss,68,,11,9,20
033 Villnöss,69,,9,14,23
033 Villnöss,70,,3,16,19
033 Villnöss,71,,4,9,13
033 Villnöss,72,,10,9,19
033 Villnöss,73,,7,11,18
033 Villnöss,74,,12,12,24
033 Villnöss,75,,10,11,21
033 Villnöss,76,,10,10,20
033 Villnöss,77,,9,12,21
033 Villnöss,78,,14,6,20
033 Villnöss,79,,6,9,15
033 Villnöss,80,,3,8,11
033 Villnöss,81,,6,6,12
033 Villnöss,82,,3,8,11
033 Villnöss,83,,5,11,16
033 Villnöss,84,,3,5,8
033 Villnöss,85,,1,3,4
033 Villnöss,86,,-,6,6
033 Villnöss,87,,2,3,5
033 Villnöss,88,,-,2,2
033 Villnöss,89,,1,3,4
033 Villnöss,90,,-,1,1
033 Villnöss,91,,1,2,3
033 Villnöss,92,,-,2,2
033 Villnöss,93,,-,1,1
033 Villnöss,95,,1,1,2
033 Villnöss,97,,-,2,2
034 Gais,0,,21,14,35
034 Gais,1,,27,17,44
034 Gais,2,,12,26,38
034 Gais,3,,17,17,34
034 Gais,4,,24,23,47
034 Gais,5,,22,13,35
034 Gais,6,,21,17,38
034 Gais,7,,21,28,49
034 Gais,8,,23,22,45
034 Gais,9,,29,12,41
034 Gais,10,,10,18,28
034 Gais,11,,28,18,46
034 Gais,12,,21,25,46
034 Gais,13,,12,19,31
034 Gais,14,,22,30,52
034 Gais,15,,24,31,55
034 Gais,16,,14,21,35
034 Gais,17,,17,13,30
034 Gais,18,,15,15,30
034 Gais,19,,18,21,39
034 Gais,20,,17,19,36
034 Gais,21,,21,16,37
034 Gais,22,,22,17,39
034 Gais,23,,22,21,43
034 Gais,24,,18,18,36
034 Gais,25,,24,17,41
034 Gais,26,,25,25,50
034 Gais,27,,24,13,37
034 Gais,28,,19,21,40
034 Gais,29,,18,24,42
034 Gais,30,,24,24,48
034 Gais,31,,27,19,46
034 Gais,32,,31,27,58
034 Gais,33,,27,25,52
034 Gais,34,,29,38,67
034 Gais,35,,37,28,65
034 Gais,36,,29,27,56
034 Gais,37,,39,33,72
034 Gais,38,,23,21,44
034 Gais,39,,25,30,55
034 Gais,40,,34,20,54
034 Gais,41,,26,24,50
034 Gais,42,,31,30,61
034 Gais,43,,16,18,34
034 Gais,44,,30,20,50
034 Gais,45,,24,30,54
034 Gais,46,,17,11,28
034 Gais,47,,18,22,40
034 Gais,48,,26,20,46
034 Gais,49,,13,17,30
034 Gais,50,,24,18,42
034 Gais,51,,19,13,32
034 Gais,52,,15,14,29
034 Gais,53,,13,14,27
034 Gais,54,,15,18,33
034 Gais,55,,17,20,37
034 Gais,56,,22,21,43
034 Gais,57,,15,11,26
034 Gais,58,,24,14,38
034 Gais,59,,20,10,30
034 Gais,60,,17,18,35
034 Gais,61,,13,9,22
034 Gais,62,,12,13,25
034 Gais,63,,11,16,27
034 Gais,64,,12,13,25
034 Gais,65,,21,12,33
034 Gais,66,,18,12,30
034 Gais,67,,13,15,28
034 Gais,68,,15,13,28
034 Gais,69,,17,16,33
034 Gais,70,,10,13,23
034 Gais,71,,12,12,24
034 Gais,72,,6,6,12
034 Gais,73,,4,10,14
034 Gais,74,,7,9,16
034 Gais,75,,8,7,15
034 Gais,76,,4,13,17
034 Gais,77,,4,4,8
034 Gais,78,,10,8,18
034 Gais,79,,7,8,15
034 Gais,80,,10,7,17
034 Gais,81,,4,4,8
034 Gais,82,,4,6,10
034 Gais,83,,3,9,12
034 Gais,84,,2,4,6
034 Gais,85,,3,4,7
034 Gais,86,,2,1,3
034 Gais,87,,1,1,2
034 Gais,88,,2,2,4
034 Gais,89,,1,-,1
034 Gais,90,,-,2,2
034 Gais,91,,-,1,1
034 Gais,93,,2,-,2
034 Gais,95,,-,1,1
035 Gargazon,0,,11,14,25
035 Gargazon,1,,4,8,12
035 Gargazon,2,,10,7,17
035 Gargazon,3,,7,13,20
035 Gargazon,4,,9,14,23
035 Gargazon,5,,4,8,12
035 Gargazon,6,,10,5,15
035 Gargazon,7,,14,9,23
035 Gargazon,8,,14,8,22
035 Gargazon,9,,6,13,19
035 Gargazon,10,,11,7,18
035 Gargazon,11,,11,4,15
035 Gargazon,12,,4,7,11
035 Gargazon,13,,9,8,17
035 Gargazon,14,,15,8,23
035 Gargazon,15,,17,9,26
035 Gargazon,16,,7,10,17
035 Gargazon,17,,8,8,16
035 Gargazon,18,,9,5,14
035 Gargazon,19,,6,9,15
035 Gargazon,20,,5,11,16
035 Gargazon,21,,11,4,15
035 Gargazon,22,,9,3,12
035 Gargazon,23,,5,9,14
035 Gargazon,24,,5,9,14
035 Gargazon,25,,10,7,17
035 Gargazon,26,,9,16,25
035 Gargazon,27,,9,8,17
035 Gargazon,28,,4,14,18
035 Gargazon,29,,11,10,21
035 Gargazon,30,,4,10,14
035 Gargazon,31,,10,9,19
035 Gargazon,32,,17,11,28
035 Gargazon,33,,14,10,24
035 Gargazon,34,,10,19,29
035 Gargazon,35,,16,14,30
035 Gargazon,36,,11,11,22
035 Gargazon,37,,17,13,30
035 Gargazon,38,,17,19,36
035 Gargazon,39,,12,17,29
035 Gargazon,40,,14,15,29
035 Gargazon,41,,13,9,22
035 Gargazon,42,,16,16,32
035 Gargazon,43,,21,20,41
035 Gargazon,44,,13,13,26
035 Gargazon,45,,11,13,24
035 Gargazon,46,,12,11,23
035 Gargazon,47,,17,14,31
035 Gargazon,48,,6,8,14
035 Gargazon,49,,14,10,24
035 Gargazon,50,,12,6,18
035 Gargazon,51,,6,3,9
035 Gargazon,52,,10,10,20
035 Gargazon,53,,14,9,23
035 Gargazon,54,,4,8,12
035 Gargazon,55,,10,9,19
035 Gargazon,56,,9,6,15
035 Gargazon,57,,6,10,16
035 Gargazon,58,,8,8,16
035 Gargazon,59,,5,6,11
035 Gargazon,60,,8,14,22
035 Gargazon,61,,9,5,14
035 Gargazon,62,,4,4,8
035 Gargazon,63,,5,7,12
035 Gargazon,64,,6,11,17
035 Gargazon,65,,9,9,18
035 Gargazon,66,,5,17,22
035 Gargazon,67,,8,7,15
035 Gargazon,68,,9,7,16
035 Gargazon,69,,8,13,21
035 Gargazon,70,,6,4,10
035 Gargazon,71,,12,2,14
035 Gargazon,72,,6,6,12
035 Gargazon,73,,1,10,11
035 Gargazon,74,,5,2,7
035 Gargazon,75,,3,7,10
035 Gargazon,76,,3,4,7
035 Gargazon,77,,2,8,10
035 Gargazon,78,,2,4,6
035 Gargazon,79,,2,5,7
035 Gargazon,80,,4,3,7
035 Gargazon,81,,2,5,7
035 Gargazon,82,,1,3,4
035 Gargazon,83,,4,4,8
035 Gargazon,84,,3,6,9
035 Gargazon,85,,3,3,6
035 Gargazon,86,,-,1,1
035 Gargazon,87,,1,1,2
035 Gargazon,89,,-,1,1
035 Gargazon,90,,-,1,1
035 Gargazon,91,,2,3,5
035 Gargazon,92,,1,-,1
035 Gargazon,93,,1,3,4
035 Gargazon,94,,1,2,3
035 Gargazon,97,,-,1,1
035 Gargazon,100,,-,1,1
036 Glurns,0,,3,7,10
036 Glurns,1,,8,4,12
036 Glurns,2,,3,5,8
036 Glurns,3,,6,5,11
036 Glurns,4,,3,5,8
036 Glurns,5,,5,-,5
036 Glurns,6,,4,4,8
036 Glurns,7,,3,2,5
036 Glurns,8,,10,4,14
036 Glurns,9,,4,7,11
036 Glurns,10,,8,3,11
036 Glurns,11,,7,4,11
036 Glurns,12,,2,3,5
036 Glurns,13,,7,7,14
036 Glurns,14,,5,8,13
036 Glurns,15,,6,4,10
036 Glurns,16,,8,6,14
036 Glurns,17,,4,3,7
036 Glurns,18,,7,9,16
036 Glurns,19,,6,6,12
036 Glurns,20,,6,6,12
036 Glurns,21,,3,1,4
036 Glurns,22,,6,6,12
036 Glurns,23,,10,6,16
036 Glurns,24,,9,9,18
036 Glurns,25,,6,6,12
036 Glurns,26,,12,4,16
036 Glurns,27,,6,11,17
036 Glurns,28,,6,7,13
036 Glurns,29,,4,4,8
036 Glurns,30,,11,6,17
036 Glurns,31,,8,9,17
036 Glurns,32,,9,10,19
036 Glurns,33,,3,3,6
036 Glurns,34,,5,6,11
036 Glurns,35,,6,4,10
036 Glurns,36,,5,-,5
036 Glurns,37,,3,6,9
036 Glurns,38,,7,4,11
036 Glurns,39,,6,9,15
036 Glurns,40,,5,8,13
036 Glurns,41,,1,5,6
036 Glurns,42,,9,4,13
036 Glurns,43,,6,9,15
036 Glurns,44,,5,5,10
036 Glurns,45,,4,5,9
036 Glurns,46,,7,9,16
036 Glurns,47,,12,7,19
036 Glurns,48,,4,10,14
036 Glurns,49,,6,12,18
036 Glurns,50,,7,6,13
036 Glurns,51,,9,7,16
036 Glurns,52,,12,4,16
036 Glurns,53,,8,9,17
036 Glurns,54,,5,10,15
036 Glurns,55,,8,10,18
036 Glurns,56,,6,5,11
036 Glurns,57,,6,3,9
036 Glurns,58,,8,5,13
036 Glurns,59,,10,7,17
036 Glurns,60,,8,2,10
036 Glurns,61,,6,1,7
036 Glurns,62,,4,4,8
036 Glurns,63,,1,4,5
036 Glurns,64,,4,6,10
036 Glurns,65,,4,2,6
036 Glurns,66,,6,1,7
036 Glurns,67,,1,3,4
036 Glurns,68,,4,3,7
036 Glurns,69,,4,5,9
036 Glurns,70,,-,1,1
036 Glurns,71,,2,4,6
036 Glurns,72,,1,5,6
036 Glurns,73,,1,1,2
036 Glurns,74,,6,3,9
036 Glurns,75,,4,1,5
036 Glurns,76,,2,2,4
036 Glurns,77,,2,7,9
036 Glurns,78,,-,3,3
036 Glurns,79,,1,3,4
036 Glurns,80,,-,2,2
036 Glurns,81,,1,6,7
036 Glurns,82,,2,2,4
036 Glurns,83,,-,1,1
036 Glurns,85,,1,-,1
036 Glurns,86,,1,-,1
036 Glurns,87,,1,1,2
036 Glurns,89,,-,1,1
036 Glurns,91,,-,1,1
036 Glurns,93,,-,2,2
036 Glurns,94,,-,1,1
037 Latsch,0,,27,29,56
037 Latsch,1,,21,24,45
037 Latsch,2,,30,23,53
037 Latsch,3,,23,24,47
037 Latsch,4,,31,29,60
037 Latsch,5,,34,24,58
037 Latsch,6,,33,33,66
037 Latsch,7,,31,22,53
037 Latsch,8,,26,19,45
037 Latsch,9,,37,40,77
037 Latsch,10,,38,35,73
037 Latsch,11,,46,35,81
037 Latsch,12,,41,21,62
037 Latsch,13,,34,34,68
037 Latsch,14,,35,35,70
037 Latsch,15,,29,37,66
037 Latsch,16,,35,50,85
037 Latsch,17,,35,32,67
037 Latsch,18,,41,33,74
037 Latsch,19,,33,38,71
037 Latsch,20,,37,25,62
037 Latsch,21,,33,35,68
037 Latsch,22,,36,34,70
037 Latsch,23,,28,35,63
037 Latsch,24,,31,46,77
037 Latsch,25,,29,45,74
037 Latsch,26,,32,37,69
037 Latsch,27,,39,37,76
037 Latsch,28,,32,18,50
037 Latsch,29,,30,35,65
037 Latsch,30,,26,20,46
037 Latsch,31,,36,32,68
037 Latsch,32,,28,30,58
037 Latsch,33,,35,34,69
037 Latsch,34,,32,35,67
037 Latsch,35,,48,45,93
037 Latsch,36,,37,34,71
037 Latsch,37,,39,43,82
037 Latsch,38,,47,50,97
037 Latsch,39,,53,52,105
037 Latsch,40,,34,50,84
037 Latsch,41,,57,48,105
037 Latsch,42,,61,45,106
037 Latsch,43,,56,46,102
037 Latsch,44,,42,44,86
037 Latsch,45,,47,38,85
037 Latsch,46,,39,54,93
037 Latsch,47,,44,45,89
037 Latsch,48,,39,29,68
037 Latsch,49,,31,33,64
037 Latsch,50,,31,32,63
037 Latsch,51,,36,27,63
037 Latsch,52,,32,22,54
037 Latsch,53,,26,22,48
037 Latsch,54,,38,20,58
037 Latsch,55,,20,33,53
037 Latsch,56,,32,15,47
037 Latsch,57,,16,21,37
037 Latsch,58,,17,24,41
037 Latsch,59,,18,16,34
037 Latsch,60,,20,21,41
037 Latsch,61,,17,19,36
037 Latsch,62,,24,12,36
037 Latsch,63,,24,20,44
037 Latsch,64,,24,25,49
037 Latsch,65,,18,25,43
037 Latsch,66,,19,24,43
037 Latsch,67,,19,18,37
037 Latsch,68,,16,27,43
037 Latsch,69,,12,26,38
037 Latsch,70,,17,13,30
037 Latsch,71,,28,14,42
037 Latsch,72,,17,25,42
037 Latsch,73,,17,22,39
037 Latsch,74,,23,19,42
037 Latsch,75,,16,18,34
037 Latsch,76,,19,18,37
037 Latsch,77,,16,16,32
037 Latsch,78,,16,19,35
037 Latsch,79,,12,26,38
037 Latsch,80,,16,17,33
037 Latsch,81,,14,18,32
037 Latsch,82,,6,13,19
037 Latsch,83,,6,17,23
037 Latsch,84,,7,14,21
037 Latsch,85,,12,7,19
037 Latsch,86,,5,5,10
037 Latsch,87,,4,9,13
037 Latsch,88,,2,3,5
037 Latsch,89,,1,2,3
037 Latsch,90,,1,1,2
037 Latsch,91,,-,4,4
037 Latsch,92,,2,4,6
037 Latsch,93,,1,1,2
037 Latsch,94,,1,2,3
037 Latsch,95,,-,1,1
037 Latsch,97,,1,1,2
038 Algund,0,,17,18,35
038 Algund,1,,21,22,43
038 Algund,2,,17,16,33
038 Algund,3,,27,19,46
038 Algund,4,,19,24,43
038 Algund,5,,31,24,55
038 Algund,6,,22,28,50
038 Algund,7,,33,25,58
038 Algund,8,,23,21,44
038 Algund,9,,22,19,41
038 Algund,10,,17,19,36
038 Algund,11,,30,22,52
038 Algund,12,,26,16,42
038 Algund,13,,23,17,40
038 Algund,14,,30,20,50
038 Algund,15,,26,23,49
038 Algund,16,,32,19,51
038 Algund,17,,21,28,49
038 Algund,18,,18,25,43
038 Algund,19,,32,22,54
038 Algund,20,,18,36,54
038 Algund,21,,26,20,46
038 Algund,22,,23,24,47
038 Algund,23,,27,35,62
038 Algund,24,,29,20,49
038 Algund,25,,26,27,53
038 Algund,26,,33,27,60
038 Algund,27,,19,26,45
038 Algund,28,,20,28,48
038 Algund,29,,26,33,59
038 Algund,30,,24,26,50
038 Algund,31,,34,28,62
038 Algund,32,,21,27,48
038 Algund,33,,36,22,58
038 Algund,34,,35,29,64
038 Algund,35,,34,36,70
038 Algund,36,,48,33,81
038 Algund,37,,43,41,84
038 Algund,38,,37,30,67
038 Algund,39,,41,41,82
038 Algund,40,,39,38,77
038 Algund,41,,35,40,75
038 Algund,42,,47,26,73
038 Algund,43,,31,36,67
038 Algund,44,,35,42,77
038 Algund,45,,29,49,78
038 Algund,46,,32,42,74
038 Algund,47,,39,32,71
038 Algund,48,,41,28,69
038 Algund,49,,24,32,56
038 Algund,50,,32,28,60
038 Algund,51,,25,27,52
038 Algund,52,,35,23,58
038 Algund,53,,17,30,47
038 Algund,54,,26,25,51
038 Algund,55,,25,30,55
038 Algund,56,,23,28,51
038 Algund,57,,24,24,48
038 Algund,58,,29,24,53
038 Algund,59,,21,20,41
038 Algund,60,,30,29,59
038 Algund,61,,27,23,50
038 Algund,62,,24,25,49
038 Algund,63,,19,21,40
038 Algund,64,,16,34,50
038 Algund,65,,20,20,40
038 Algund,66,,18,25,43
038 Algund,67,,23,30,53
038 Algund,68,,20,21,41
038 Algund,69,,16,15,31
038 Algund,70,,15,28,43
038 Algund,71,,16,17,33
038 Algund,72,,22,25,47
038 Algund,73,,20,24,44
038 Algund,74,,14,21,35
038 Algund,75,,13,22,35
038 Algund,76,,15,21,36
038 Algund,77,,11,22,33
038 Algund,78,,10,20,30
038 Algund,79,,11,16,27
038 Algund,80,,13,16,29
038 Algund,81,,11,13,24
038 Algund,82,,5,15,20
038 Algund,83,,4,10,14
038 Algund,84,,5,15,20
038 Algund,85,,5,9,14
038 Algund,86,,6,8,14
038 Algund,87,,2,10,12
038 Algund,88,,3,4,7
038 Algund,89,,-,4,4
038 Algund,90,,2,3,5
038 Algund,91,,-,3,3
038 Algund,92,,1,3,4
038 Algund,93,,1,1,2
038 Algund,94,,2,5,7
038 Algund,95,,1,7,8
038 Algund,96,,-,1,1
038 Algund,97,,1,-,1
038 Algund,98,,-,2,2
038 Algund,100,,-,1,1
039 Lajen,0,,14,19,33
039 Lajen,1,,18,17,35
039 Lajen,2,,16,23,39
039 Lajen,3,,22,23,45
039 Lajen,4,,22,7,29
039 Lajen,5,,23,19,42
039 Lajen,6,,26,17,43
039 Lajen,7,,19,15,34
039 Lajen,8,,18,16,34
039 Lajen,9,,15,22,37
039 Lajen,10,,16,12,28
039 Lajen,11,,8,12,20
039 Lajen,12,,11,16,27
039 Lajen,13,,13,14,27
039 Lajen,14,,16,9,25
039 Lajen,15,,20,19,39
039 Lajen,16,,8,8,16
039 Lajen,17,,16,14,30
039 Lajen,18,,11,11,22
039 Lajen,19,,13,6,19
039 Lajen,20,,17,15,32
039 Lajen,21,,19,11,30
039 Lajen,22,,11,14,25
039 Lajen,23,,9,20,29
039 Lajen,24,,17,19,36
039 Lajen,25,,10,19,29
039 Lajen,26,,20,22,42
039 Lajen,27,,20,18,38
039 Lajen,28,,24,22,46
039 Lajen,29,,23,15,38
039 Lajen,30,,23,23,46
039 Lajen,31,,20,21,41
039 Lajen,32,,28,22,50
039 Lajen,33,,20,23,43
039 Lajen,34,,21,23,44
039 Lajen,35,,18,24,42
039 Lajen,36,,23,25,48
039 Lajen,37,,36,21,57
039 Lajen,38,,22,24,46
039 Lajen,39,,26,23,49
039 Lajen,40,,24,16,40
039 Lajen,41,,27,19,46
039 Lajen,42,,22,18,40
039 Lajen,43,,16,12,28
039 Lajen,44,,28,17,45
039 Lajen,45,,10,18,28
039 Lajen,46,,13,8,21
039 Lajen,47,,17,25,42
039 Lajen,48,,23,11,34
039 Lajen,49,,13,11,24
039 Lajen,50,,12,14,26
039 Lajen,51,,12,12,24
039 Lajen,52,,5,14,19
039 Lajen,53,,10,8,18
039 Lajen,54,,7,10,17
039 Lajen,55,,9,11,20
039 Lajen,56,,11,13,24
039 Lajen,57,,4,13,17
039 Lajen,58,,9,15,24
039 Lajen,59,,15,8,23
039 Lajen,60,,13,14,27
039 Lajen,61,,10,10,20
039 Lajen,62,,14,8,22
039 Lajen,63,,12,12,24
039 Lajen,64,,18,13,31
039 Lajen,65,,17,17,34
039 Lajen,66,,16,10,26
039 Lajen,67,,14,9,23
039 Lajen,68,,7,16,23
039 Lajen,69,,7,9,16
039 Lajen,70,,7,8,15
039 Lajen,71,,6,7,13
039 Lajen,72,,9,6,15
039 Lajen,73,,5,11,16
039 Lajen,74,,9,4,13
039 Lajen,75,,1,8,9
039 Lajen,76,,7,4,11
039 Lajen,77,,7,5,12
039 Lajen,78,,8,7,15
039 Lajen,79,,7,8,15
039 Lajen,80,,9,6,15
039 Lajen,81,,4,8,12
039 Lajen,82,,1,9,10
039 Lajen,83,,-,8,8
039 Lajen,84,,4,4,8
039 Lajen,85,,3,4,7
039 Lajen,86,,1,1,2
039 Lajen,87,,1,1,2
039 Lajen,88,,-,2,2
039 Lajen,91,,1,-,1
039 Lajen,92,,-,1,1
039 Lajen,93,,1,2,3
039 Lajen,94,,-,1,1
039 Lajen,95,,-,1,1
039 Lajen,99,,-,1,1
039 Lajen,100,,-,1,1
040 Leifers,0,,80,80,160
040 Leifers,1,,87,71,158
040 Leifers,2,,81,75,156
040 Leifers,3,,98,76,174
040 Leifers,4,,88,87,175
040 Leifers,5,,83,80,163
040 Leifers,6,,95,92,187
040 Leifers,7,,92,85,177
040 Leifers,8,,76,104,180
040 Leifers,9,,109,79,188
040 Leifers,10,,106,82,188
040 Leifers,11,,96,93,189
040 Leifers,12,,90,94,184
040 Leifers,13,,80,71,151
040 Leifers,14,,88,77,165
040 Leifers,15,,84,83,167
040 Leifers,16,,93,81,174
040 Leifers,17,,70,82,152
040 Leifers,18,,76,84,160
040 Leifers,19,,70,69,139
040 Leifers,20,,83,86,169
040 Leifers,21,,85,69,154
040 Leifers,22,,80,72,152
040 Leifers,23,,89,94,183
040 Leifers,24,,93,80,173
040 Leifers,25,,88,77,165
040 Leifers,26,,81,89,170
040 Leifers,27,,90,108,198
040 Leifers,28,,109,94,203
040 Leifers,29,,110,95,205
040 Leifers,30,,128,103,231
040 Leifers,31,,144,126,270
040 Leifers,32,,159,134,293
040 Leifers,33,,139,139,278
040 Leifers,34,,141,145,286
040 Leifers,35,,132,143,275
040 Leifers,36,,162,137,299
040 Leifers,37,,153,134,287
040 Leifers,38,,146,155,301
040 Leifers,39,,151,127,278
040 Leifers,40,,151,148,299
040 Leifers,41,,147,129,276
040 Leifers,42,,173,156,329
040 Leifers,43,,154,134,288
040 Leifers,44,,135,130,265
040 Leifers,45,,134,140,274
040 Leifers,46,,133,116,249
040 Leifers,47,,122,105,227
040 Leifers,48,,94,109,203
040 Leifers,49,,104,107,211
040 Leifers,50,,136,127,263
040 Leifers,51,,105,124,229
040 Leifers,52,,89,110,199
040 Leifers,53,,106,114,220
040 Leifers,54,,100,99,199
040 Leifers,55,,100,98,198
040 Leifers,56,,97,88,185
040 Leifers,57,,92,96,188
040 Leifers,58,,111,102,213
040 Leifers,59,,103,100,203
040 Leifers,60,,114,153,267
040 Leifers,61,,81,79,160
040 Leifers,62,,87,92,179
040 Leifers,63,,93,92,185
040 Leifers,64,,93,92,185
040 Leifers,65,,87,80,167
040 Leifers,66,,94,90,184
040 Leifers,67,,92,92,184
040 Leifers,68,,88,73,161
040 Leifers,69,,54,79,133
040 Leifers,70,,53,63,116
040 Leifers,71,,54,66,120
040 Leifers,72,,57,62,119
040 Leifers,73,,46,59,105
040 Leifers,74,,65,73,138
040 Leifers,75,,53,59,112
040 Leifers,76,,50,61,111
040 Leifers,77,,40,51,91
040 Leifers,78,,38,38,76
040 Leifers,79,,25,53,78
040 Leifers,80,,24,49,73
040 Leifers,81,,20,44,64
040 Leifers,82,,20,40,60
040 Leifers,83,,15,32,47
040 Leifers,84,,16,35,51
040 Leifers,85,,13,23,36
040 Leifers,86,,11,19,30
040 Leifers,87,,6,32,38
040 Leifers,88,,1,10,11
040 Leifers,89,,1,10,11
040 Leifers,90,,3,14,17
040 Leifers,91,,1,13,14
040 Leifers,92,,3,9,12
040 Leifers,93,,6,10,16
040 Leifers,94,,1,7,8
040 Leifers,95,,1,3,4
040 Leifers,96,,1,6,7
040 Leifers,97,,1,2,3
040 Leifers,99,,-,1,1
040 Leifers,100,,-,1,1
040 Leifers,101,,-,1,1
041 Lana,0,,62,56,118
041 Lana,1,,72,71,143
041 Lana,2,,71,55,126
041 Lana,3,,61,62,123
041 Lana,4,,58,49,107
041 Lana,5,,71,53,124
041 Lana,6,,72,72,144
041 Lana,7,,73,54,127
041 Lana,8,,64,66,130
041 Lana,9,,59,65,124
041 Lana,10,,70,77,147
041 Lana,11,,63,60,123
041 Lana,12,,65,73,138
041 Lana,13,,62,57,119
041 Lana,14,,62,55,117
041 Lana,15,,60,58,118
041 Lana,16,,53,63,116
041 Lana,17,,50,76,126
041 Lana,18,,59,49,108
041 Lana,19,,74,48,122
041 Lana,20,,59,54,113
041 Lana,21,,57,66,123
041 Lana,22,,57,57,114
041 Lana,23,,77,65,142
041 Lana,24,,72,55,127
041 Lana,25,,54,75,129
041 Lana,26,,55,64,119
041 Lana,27,,66,86,152
041 Lana,28,,83,69,152
041 Lana,29,,68,69,137
041 Lana,30,,69,80,149
041 Lana,31,,60,81,141
041 Lana,32,,87,80,167
041 Lana,33,,77,93,170
041 Lana,34,,109,94,203
041 Lana,35,,95,98,193
041 Lana,36,,100,106,206
041 Lana,37,,123,79,202
041 Lana,38,,94,97,191
041 Lana,39,,91,93,184
041 Lana,40,,97,107,204
041 Lana,41,,94,92,186
041 Lana,42,,105,101,206
041 Lana,43,,104,79,183
041 Lana,44,,84,78,162
041 Lana,45,,82,83,165
041 Lana,46,,72,75,147
041 Lana,47,,88,78,166
041 Lana,48,,79,89,168
041 Lana,49,,74,75,149
041 Lana,50,,57,64,121
041 Lana,51,,63,73,136
041 Lana,52,,61,63,124
041 Lana,53,,57,60,117
041 Lana,54,,53,59,112
041 Lana,55,,55,65,120
041 Lana,56,,54,54,108
041 Lana,57,,54,52,106
041 Lana,58,,55,63,118
041 Lana,59,,58,43,101
041 Lana,60,,61,62,123
041 Lana,61,,43,50,93
041 Lana,62,,48,59,107
041 Lana,63,,58,57,115
041 Lana,64,,54,67,121
041 Lana,65,,50,50,100
041 Lana,66,,42,48,90
041 Lana,67,,52,52,104
041 Lana,68,,41,55,96
041 Lana,69,,37,37,74
041 Lana,70,,40,48,88
041 Lana,71,,32,37,69
041 Lana,72,,33,45,78
041 Lana,73,,27,42,69
041 Lana,74,,29,34,63
041 Lana,75,,27,42,69
041 Lana,76,,26,39,65
041 Lana,77,,20,35,55
041 Lana,78,,31,27,58
041 Lana,79,,27,33,60
041 Lana,80,,19,37,56
041 Lana,81,,23,38,61
041 Lana,82,,5,21,26
041 Lana,83,,18,21,39
041 Lana,84,,19,31,50
041 Lana,85,,9,29,38
041 Lana,86,,10,23,33
041 Lana,87,,5,17,22
041 Lana,88,,3,7,10
041 Lana,89,,3,12,15
041 Lana,90,,2,4,6
041 Lana,91,,4,9,13
041 Lana,92,,5,11,16
041 Lana,93,,2,10,12
041 Lana,94,,3,5,8
041 Lana,95,,1,7,8
041 Lana,96,,-,8,8
041 Lana,97,,-,5,5
041 Lana,99,,-,1,1
041 Lana,100,,-,1,1
041 Lana,102,,-,2,2
042 Laas,0,,22,27,49
042 Laas,1,,34,16,50
042 Laas,2,,22,19,41
042 Laas,3,,21,17,38
042 Laas,4,,29,19,48
042 Laas,5,,16,20,36
042 Laas,6,,25,24,49
042 Laas,7,,18,12,30
042 Laas,8,,26,32,58
042 Laas,9,,27,24,51
042 Laas,10,,29,34,63
042 Laas,11,,33,23,56
042 Laas,12,,23,25,48
042 Laas,13,,22,20,42
042 Laas,14,,17,27,44
042 Laas,15,,22,23,45
042 Laas,16,,19,25,44
042 Laas,17,,22,26,48
042 Laas,18,,22,20,42
042 Laas,19,,30,24,54
042 Laas,20,,32,19,51
042 Laas,21,,28,29,57
042 Laas,22,,24,26,50
042 Laas,23,,21,37,58
042 Laas,24,,36,26,62
042 Laas,25,,29,28,57
042 Laas,26,,24,28,52
042 Laas,27,,27,28,55
042 Laas,28,,28,34,62
042 Laas,29,,27,18,45
042 Laas,30,,27,29,56
042 Laas,31,,30,21,51
042 Laas,32,,43,30,73
042 Laas,33,,32,30,62
042 Laas,34,,28,26,54
042 Laas,35,,24,25,49
042 Laas,36,,35,22,57
042 Laas,37,,35,41,76
042 Laas,38,,39,25,64
042 Laas,39,,33,23,56
042 Laas,40,,35,24,59
042 Laas,41,,37,34,71
042 Laas,42,,27,29,56
042 Laas,43,,26,29,55
042 Laas,44,,36,27,63
042 Laas,45,,26,28,54
042 Laas,46,,37,24,61
042 Laas,47,,32,26,58
042 Laas,48,,28,25,53
042 Laas,49,,20,28,48
042 Laas,50,,22,15,37
042 Laas,51,,16,14,30
042 Laas,52,,15,24,39
042 Laas,53,,22,13,35
042 Laas,54,,28,25,53
042 Laas,55,,13,17,30
042 Laas,56,,21,25,46
042 Laas,57,,18,19,37
042 Laas,58,,16,22,38
042 Laas,59,,27,11,38
042 Laas,60,,12,15,27
042 Laas,61,,14,12,26
042 Laas,62,,12,15,27
042 Laas,63,,14,16,30
042 Laas,64,,17,19,36
042 Laas,65,,15,22,37
042 Laas,66,,17,23,40
042 Laas,67,,12,25,37
042 Laas,68,,18,12,30
042 Laas,69,,13,14,27
042 Laas,70,,19,13,32
042 Laas,71,,18,21,39
042 Laas,72,,13,17,30
042 Laas,73,,17,11,28
042 Laas,74,,13,15,28
042 Laas,75,,18,22,40
042 Laas,76,,13,14,27
042 Laas,77,,13,8,21
042 Laas,78,,11,12,23
042 Laas,79,,11,16,27
042 Laas,80,,13,11,24
042 Laas,81,,6,10,16
042 Laas,82,,6,19,25
042 Laas,83,,10,8,18
042 Laas,84,,4,15,19
042 Laas,85,,2,4,6
042 Laas,86,,5,8,13
042 Laas,87,,2,6,8
042 Laas,88,,4,-,4
042 Laas,89,,1,2,3
042 Laas,90,,1,3,4
042 Laas,91,,-,1,1
042 Laas,92,,1,4,5
042 Laas,93,,-,4,4
042 Laas,94,,-,3,3
042 Laas,95,,-,1,1
042 Laas,96,,1,1,2
043 Laurein,0,,9,-,9
043 Laurein,1,,4,5,9
043 Laurein,2,,3,1,4
043 Laurein,3,,3,4,7
043 Laurein,4,,2,3,5
043 Laurein,5,,7,1,8
043 Laurein,6,,3,8,11
043 Laurein,7,,3,2,5
043 Laurein,8,,4,3,7
043 Laurein,9,,3,5,8
043 Laurein,10,,1,2,3
043 Laurein,11,,2,2,4
043 Laurein,12,,2,4,6
043 Laurein,13,,1,5,6
043 Laurein,14,,1,1,2
043 Laurein,15,,1,1,2
043 Laurein,16,,4,-,4
043 Laurein,17,,3,2,5
043 Laurein,18,,1,-,1
043 Laurein,19,,2,2,4
043 Laurein,20,,4,2,6
043 Laurein,21,,2,2,4
043 Laurein,22,,1,2,3
043 Laurein,24,,2,2,4
043 Laurein,25,,2,1,3
043 Laurein,26,,2,-,2
043 Laurein,27,,2,-,2
043 Laurein,28,,4,5,9
043 Laurein,29,,1,3,4
043 Laurein,30,,5,2,7
043 Laurein,31,,-,5,5
043 Laurein,32,,1,1,2
043 Laurein,33,,5,2,7
043 Laurein,34,,1,2,3
043 Laurein,35,,6,7,13
043 Laurein,36,,4,3,7
043 Laurein,37,,5,4,9
043 Laurein,38,,-,3,3
043 Laurein,39,,4,6,10
043 Laurein,40,,6,3,9
043 Laurein,41,,5,1,6
043 Laurein,42,,4,2,6
043 Laurein,43,,-,2,2
043 Laurein,44,,1,2,3
043 Laurein,45,,5,4,9
043 Laurein,46,,1,1,2
043 Laurein,47,,3,4,7
043 Laurein,48,,2,2,4
043 Laurein,49,,7,-,7
043 Laurein,51,,2,-,2
043 Laurein,52,,3,1,4
043 Laurein,53,,2,1,3
043 Laurein,54,,2,-,2
043 Laurein,56,,2,1,3
043 Laurein,57,,3,2,5
043 Laurein,58,,2,-,2
043 Laurein,59,,2,3,5
043 Laurein,60,,-,1,1
043 Laurein,61,,-,1,1
043 Laurein,62,,-,1,1
043 Laurein,63,,1,-,1
043 Laurein,64,,1,-,1
043 Laurein,66,,2,2,4
043 Laurein,67,,1,3,4
043 Laurein,68,,1,1,2
043 Laurein,69,,2,1,3
043 Laurein,70,,1,2,3
043 Laurein,71,,1,3,4
043 Laurein,72,,1,5,6
043 Laurein,73,,1,2,3
043 Laurein,74,,2,2,4
043 Laurein,75,,-,3,3
043 Laurein,76,,1,5,6
043 Laurein,77,,3,-,3
043 Laurein,78,,4,1,5
043 Laurein,79,,5,1,6
043 Laurein,80,,2,1,3
043 Laurein,81,,1,2,3
043 Laurein,82,,-,1,1
043 Laurein,84,,-,2,2
043 Laurein,85,,1,-,1
043 Laurein,86,,1,2,3
043 Laurein,87,,-,1,1
043 Laurein,90,,1,-,1
043 Laurein,93,,-,1,1
043 Laurein,95,,-,1,1
044 Lüsen,0,,11,11,22
044 Lüsen,1,,10,6,16
044 Lüsen,2,,9,10,19
044 Lüsen,3,,9,7,16
044 Lüsen,4,,11,8,19
044 Lüsen,5,,10,11,21
044 Lüsen,6,,15,8,23
044 Lüsen,7,,5,10,15
044 Lüsen,8,,11,11,22
044 Lüsen,9,,16,6,22
044 Lüsen,10,,8,13,21
044 Lüsen,11,,10,12,22
044 Lüsen,12,,14,13,27
044 Lüsen,13,,9,8,17
044 Lüsen,14,,12,9,21
044 Lüsen,15,,8,9,17
044 Lüsen,16,,6,12,18
044 Lüsen,17,,16,8,24
044 Lüsen,18,,9,9,18
044 Lüsen,19,,7,8,15
044 Lüsen,20,,12,9,21
044 Lüsen,21,,3,2,5
044 Lüsen,22,,9,15,24
044 Lüsen,23,,6,7,13
044 Lüsen,24,,15,10,25
044 Lüsen,25,,10,12,22
044 Lüsen,26,,11,12,23
044 Lüsen,27,,7,9,16
044 Lüsen,28,,13,18,31
044 Lüsen,29,,6,12,18
044 Lüsen,30,,16,11,27
044 Lüsen,31,,14,12,26
044 Lüsen,32,,15,12,27
044 Lüsen,33,,9,7,16
044 Lüsen,34,,8,9,17
044 Lüsen,35,,15,9,24
044 Lüsen,36,,16,14,30
044 Lüsen,37,,10,10,20
044 Lüsen,38,,13,16,29
044 Lüsen,39,,11,19,30
044 Lüsen,40,,15,13,28
044 Lüsen,41,,18,13,31
044 Lüsen,42,,13,9,22
044 Lüsen,43,,15,11,26
044 Lüsen,44,,8,11,19
044 Lüsen,45,,12,10,22
044 Lüsen,46,,9,12,21
044 Lüsen,47,,8,5,13
044 Lüsen,48,,11,11,22
044 Lüsen,49,,9,10,19
044 Lüsen,50,,9,10,19
044 Lüsen,51,,6,6,12
044 Lüsen,52,,13,5,18
044 Lüsen,53,,6,10,16
044 Lüsen,54,,11,4,15
044 Lüsen,55,,5,7,12
044 Lüsen,56,,6,7,13
044 Lüsen,57,,8,11,19
044 Lüsen,58,,7,1,8
044 Lüsen,59,,6,5,11
044 Lüsen,60,,10,6,16
044 Lüsen,61,,3,9,12
044 Lüsen,62,,4,4,8
044 Lüsen,63,,7,7,14
044 Lüsen,64,,2,6,8
044 Lüsen,65,,7,3,10
044 Lüsen,66,,4,9,13
044 Lüsen,67,,8,7,15
044 Lüsen,68,,8,5,13
044 Lüsen,69,,7,5,12
044 Lüsen,70,,6,9,15
044 Lüsen,71,,6,4,10
044 Lüsen,72,,3,5,8
044 Lüsen,73,,7,3,10
044 Lüsen,74,,2,11,13
044 Lüsen,75,,6,5,11
044 Lüsen,76,,3,5,8
044 Lüsen,77,,4,7,11
044 Lüsen,78,,5,7,12
044 Lüsen,79,,4,4,8
044 Lüsen,80,,2,6,8
044 Lüsen,81,,2,4,6
044 Lüsen,82,,2,3,5
044 Lüsen,83,,1,4,5
044 Lüsen,84,,1,2,3
044 Lüsen,85,,2,7,9
044 Lüsen,86,,1,2,3
044 Lüsen,87,,1,1,2
044 Lüsen,88,,-,2,2
044 Lüsen,89,,1,2,3
044 Lüsen,90,,-,1,1
044 Lüsen,92,,-,1,1
044 Lüsen,93,,-,3,3
045 Margreid a.d. Weinstr.,0,,6,7,13
045 Margreid a.d. Weinstr.,1,,7,8,15
045 Margreid a.d. Weinstr.,2,,10,9,19
045 Margreid a.d. Weinstr.,3,,5,5,10
045 Margreid a.d. Weinstr.,4,,11,8,19
045 Margreid a.d. Weinstr.,5,,12,9,21
045 Margreid a.d. Weinstr.,6,,7,8,15
045 Margreid a.d. Weinstr.,7,,8,7,15
045 Margreid a.d. Weinstr.,8,,3,13,16
045 Margreid a.d. Weinstr.,9,,9,12,21
045 Margreid a.d. Weinstr.,10,,5,3,8
045 Margreid a.d. Weinstr.,11,,2,8,10
045 Margreid a.d. Weinstr.,12,,5,8,13
045 Margreid a.d. Weinstr.,13,,4,12,16
045 Margreid a.d. Weinstr.,14,,3,2,5
045 Margreid a.d. Weinstr.,15,,6,7,13
045 Margreid a.d. Weinstr.,16,,7,10,17
045 Margreid a.d. Weinstr.,17,,7,6,13
045 Margreid a.d. Weinstr.,18,,8,7,15
045 Margreid a.d. Weinstr.,19,,8,5,13
045 Margreid a.d. Weinstr.,20,,6,12,18
045 Margreid a.d. Weinstr.,21,,11,-,11
045 Margreid a.d. Weinstr.,22,,6,13,19
045 Margreid a.d. Weinstr.,23,,6,11,17
045 Margreid a.d. Weinstr.,24,,9,10,19
045 Margreid a.d. Weinstr.,25,,17,4,21
045 Margreid a.d. Weinstr.,26,,4,5,9
045 Margreid a.d. Weinstr.,27,,10,5,15
045 Margreid a.d. Weinstr.,28,,7,5,12
045 Margreid a.d. Weinstr.,29,,9,7,16
045 Margreid a.d. Weinstr.,30,,11,14,25
045 Margreid a.d. Weinstr.,31,,8,6,14
045 Margreid a.d. Weinstr.,32,,4,5,9
045 Margreid a.d. Weinstr.,33,,11,12,23
045 Margreid a.d. Weinstr.,34,,7,5,12
045 Margreid a.d. Weinstr.,35,,10,11,21
045 Margreid a.d. Weinstr.,36,,10,10,20
045 Margreid a.d. Weinstr.,37,,9,8,17
045 Margreid a.d. Weinstr.,38,,23,16,39
045 Margreid a.d. Weinstr.,39,,13,17,30
045 Margreid a.d. Weinstr.,40,,20,12,32
045 Margreid a.d. Weinstr.,41,,11,7,18
045 Margreid a.d. Weinstr.,42,,9,5,14
045 Margreid a.d. Weinstr.,43,,13,14,27
045 Margreid a.d. Weinstr.,44,,11,14,25
045 Margreid a.d. Weinstr.,45,,14,12,26
045 Margreid a.d. Weinstr.,46,,15,12,27
045 Margreid a.d. Weinstr.,47,,9,12,21
045 Margreid a.d. Weinstr.,48,,6,7,13
045 Margreid a.d. Weinstr.,49,,8,4,12
045 Margreid a.d. Weinstr.,50,,16,5,21
045 Margreid a.d. Weinstr.,51,,8,7,15
045 Margreid a.d. Weinstr.,52,,4,6,10
045 Margreid a.d. Weinstr.,53,,7,7,14
045 Margreid a.d. Weinstr.,54,,6,8,14
045 Margreid a.d. Weinstr.,55,,3,8,11
045 Margreid a.d. Weinstr.,56,,6,6,12
045 Margreid a.d. Weinstr.,57,,7,4,11
045 Margreid a.d. Weinstr.,58,,6,7,13
045 Margreid a.d. Weinstr.,59,,6,7,13
045 Margreid a.d. Weinstr.,60,,2,4,6
045 Margreid a.d. Weinstr.,61,,6,7,13
045 Margreid a.d. Weinstr.,62,,3,6,9
045 Margreid a.d. Weinstr.,63,,6,4,10
045 Margreid a.d. Weinstr.,64,,11,4,15
045 Margreid a.d. Weinstr.,65,,7,7,14
045 Margreid a.d. Weinstr.,66,,5,3,8
045 Margreid a.d. Weinstr.,67,,3,6,9
045 Margreid a.d. Weinstr.,68,,4,9,13
045 Margreid a.d. Weinstr.,69,,5,3,8
045 Margreid a.d. Weinstr.,70,,7,4,11
045 Margreid a.d. Weinstr.,71,,2,6,8
045 Margreid a.d. Weinstr.,72,,5,4,9
045 Margreid a.d. Weinstr.,73,,4,4,8
045 Margreid a.d. Weinstr.,74,,4,7,11
045 Margreid a.d. Weinstr.,75,,4,5,9
045 Margreid a.d. Weinstr.,76,,6,3,9
045 Margreid a.d. Weinstr.,77,,1,4,5
045 Margreid a.d. Weinstr.,78,,5,3,8
045 Margreid a.d. Weinstr.,79,,1,5,6
045 Margreid a.d. Weinstr.,80,,2,7,9
045 Margreid a.d. Weinstr.,81,,3,2,5
045 Margreid a.d. Weinstr.,82,,1,4,5
045 Margreid a.d. Weinstr.,83,,1,4,5
045 Margreid a.d. Weinstr.,84,,1,2,3
045 Margreid a.d. Weinstr.,85,,-,3,3
045 Margreid a.d. Weinstr.,86,,-,1,1
045 Margreid a.d. Weinstr.,87,,1,4,5
045 Margreid a.d. Weinstr.,88,,1,1,2
045 Margreid a.d. Weinstr.,90,,2,2,4
045 Margreid a.d. Weinstr.,92,,-,1,1
045 Margreid a.d. Weinstr.,100,,-,1,1
046 Mals,0,,35,33,68
046 Mals,1,,29,29,58
046 Mals,2,,29,24,53
046 Mals,3,,30,22,52
046 Mals,4,,22,27,49
046 Mals,5,,31,28,59
046 Mals,6,,33,36,69
046 Mals,7,,41,29,70
046 Mals,8,,35,32,67
046 Mals,9,,32,32,64
046 Mals,10,,32,26,58
046 Mals,11,,34,43,77
046 Mals,12,,38,31,69
046 Mals,13,,35,32,67
046 Mals,14,,31,32,63
046 Mals,15,,35,34,69
046 Mals,16,,35,27,62
046 Mals,17,,40,34,74
046 Mals,18,,31,25,56
046 Mals,19,,31,30,61
046 Mals,20,,27,38,65
046 Mals,21,,34,35,69
046 Mals,22,,35,38,73
046 Mals,23,,31,30,61
046 Mals,24,,38,26,64
046 Mals,25,,36,38,74
046 Mals,26,,35,35,70
046 Mals,27,,32,28,60
046 Mals,28,,42,35,77
046 Mals,29,,30,33,63
046 Mals,30,,32,29,61
046 Mals,31,,42,32,74
046 Mals,32,,43,25,68
046 Mals,33,,32,40,72
046 Mals,34,,31,43,74
046 Mals,35,,35,46,81
046 Mals,36,,49,49,98
046 Mals,37,,47,44,91
046 Mals,38,,55,40,95
046 Mals,39,,49,30,79
046 Mals,40,,51,50,101
046 Mals,41,,48,39,87
046 Mals,42,,49,42,91
046 Mals,43,,50,53,103
046 Mals,44,,37,26,63
046 Mals,45,,49,37,86
046 Mals,46,,30,41,71
046 Mals,47,,33,33,66
046 Mals,48,,34,24,58
046 Mals,49,,37,34,71
046 Mals,50,,33,26,59
046 Mals,51,,33,23,56
046 Mals,52,,21,21,42
046 Mals,53,,33,31,64
046 Mals,54,,29,20,49
046 Mals,55,,31,22,53
046 Mals,56,,33,22,55
046 Mals,57,,18,24,42
046 Mals,58,,26,16,42
046 Mals,59,,23,20,43
046 Mals,60,,21,29,50
046 Mals,61,,11,20,31
046 Mals,62,,31,14,45
046 Mals,63,,24,20,44
046 Mals,64,,23,23,46
046 Mals,65,,19,18,37
046 Mals,66,,21,28,49
046 Mals,67,,24,27,51
046 Mals,68,,21,20,41
046 Mals,69,,12,29,41
046 Mals,70,,21,19,40
046 Mals,71,,15,18,33
046 Mals,72,,14,17,31
046 Mals,73,,12,21,33
046 Mals,74,,16,11,27
046 Mals,75,,11,17,28
046 Mals,76,,21,14,35
046 Mals,77,,16,14,30
046 Mals,78,,19,14,33
046 Mals,79,,11,14,25
046 Mals,80,,7,19,26
046 Mals,81,,6,16,22
046 Mals,82,,6,13,19
046 Mals,83,,3,10,13
046 Mals,84,,10,14,24
046 Mals,85,,7,10,17
046 Mals,86,,2,15,17
046 Mals,87,,2,15,17
046 Mals,88,,1,2,3
046 Mals,89,,3,3,6
046 Mals,90,,-,4,4
046 Mals,91,,3,2,5
046 Mals,92,,1,4,5
046 Mals,93,,2,8,10
046 Mals,94,,1,-,1
046 Mals,95,,-,1,1
046 Mals,96,,-,2,2
046 Mals,97,,1,1,2
046 Mals,98,,-,1,1
047 Enneberg,0,,22,18,40
047 Enneberg,1,,20,18,38
047 Enneberg,2,,13,18,31
047 Enneberg,3,,23,28,51
047 Enneberg,4,,18,13,31
047 Enneberg,5,,26,17,43
047 Enneberg,6,,18,20,38
047 Enneberg,7,,28,17,45
047 Enneberg,8,,19,10,29
047 Enneberg,9,,23,15,38
047 Enneberg,10,,17,13,30
047 Enneberg,11,,20,8,28
047 Enneberg,12,,21,14,35
047 Enneberg,13,,20,17,37
047 Enneberg,14,,15,15,30
047 Enneberg,15,,17,22,39
047 Enneberg,16,,15,17,32
047 Enneberg,17,,20,18,38
047 Enneberg,18,,21,16,37
047 Enneberg,19,,17,13,30
047 Enneberg,20,,19,10,29
047 Enneberg,21,,25,18,43
047 Enneberg,22,,20,20,40
047 Enneberg,23,,15,16,31
047 Enneberg,24,,24,19,43
047 Enneberg,25,,22,20,42
047 Enneberg,26,,24,17,41
047 Enneberg,27,,12,18,30
047 Enneberg,28,,14,21,35
047 Enneberg,29,,21,17,38
047 Enneberg,30,,13,16,29
047 Enneberg,31,,12,30,42
047 Enneberg,32,,28,31,59
047 Enneberg,33,,22,25,47
047 Enneberg,34,,24,30,54
047 Enneberg,35,,30,33,63
047 Enneberg,36,,27,20,47
047 Enneberg,37,,27,20,47
047 Enneberg,38,,24,20,44
047 Enneberg,39,,25,19,44
047 Enneberg,40,,22,20,42
047 Enneberg,41,,28,20,48
047 Enneberg,42,,23,22,45
047 Enneberg,43,,22,19,41
047 Enneberg,44,,17,17,34
047 Enneberg,45,,21,16,37
047 Enneberg,46,,15,17,32
047 Enneberg,47,,23,13,36
047 Enneberg,48,,20,9,29
047 Enneberg,49,,16,14,30
047 Enneberg,50,,16,19,35
047 Enneberg,51,,15,13,28
047 Enneberg,52,,14,12,26
047 Enneberg,53,,17,19,36
047 Enneberg,54,,14,16,30
047 Enneberg,55,,17,10,27
047 Enneberg,56,,10,15,25
047 Enneberg,57,,19,8,27
047 Enneberg,58,,16,13,29
047 Enneberg,59,,8,12,20
047 Enneberg,60,,14,17,31
047 Enneberg,61,,5,12,17
047 Enneberg,62,,20,16,36
047 Enneberg,63,,16,10,26
047 Enneberg,64,,12,20,32
047 Enneberg,65,,13,11,24
047 Enneberg,66,,11,7,18
047 Enneberg,67,,17,9,26
047 Enneberg,68,,13,18,31
047 Enneberg,69,,14,12,26
047 Enneberg,70,,12,12,24
047 Enneberg,71,,12,15,27
047 Enneberg,72,,7,10,17
047 Enneberg,73,,12,9,21
047 Enneberg,74,,7,18,25
047 Enneberg,75,,10,10,20
047 Enneberg,76,,12,14,26
047 Enneberg,77,,5,7,12
047 Enneberg,78,,9,12,21
047 Enneberg,79,,8,7,15
047 Enneberg,80,,6,9,15
047 Enneberg,81,,10,8,18
047 Enneberg,82,,2,7,9
047 Enneberg,83,,4,11,15
047 Enneberg,84,,7,5,12
047 Enneberg,85,,2,7,9
047 Enneberg,86,,5,1,6
047 Enneberg,87,,1,3,4
047 Enneberg,88,,3,3,6
047 Enneberg,89,,-,3,3
047 Enneberg,90,,1,6,7
047 Enneberg,91,,-,2,2
047 Enneberg,92,,2,4,6
047 Enneberg,93,,1,-,1
047 Enneberg,94,,-,2,2
047 Enneberg,95,,1,-,1
047 Enneberg,101,,-,1,1
048 Marling,0,,12,15,27
048 Marling,1,,21,11,32
048 Marling,2,,16,11,27
048 Marling,3,,10,9,19
048 Marling,4,,18,12,30
048 Marling,5,,10,15,25
048 Marling,6,,17,16,33
048 Marling,7,,13,8,21
048 Marling,8,,10,11,21
048 Marling,9,,14,9,23
048 Marling,10,,11,13,24
048 Marling,11,,19,11,30
048 Marling,12,,10,7,17
048 Marling,13,,17,9,26
048 Marling,14,,15,15,30
048 Marling,15,,11,14,25
048 Marling,16,,10,14,24
048 Marling,17,,12,16,28
048 Marling,18,,11,14,25
048 Marling,19,,6,10,16
048 Marling,20,,13,9,22
048 Marling,21,,8,17,25
048 Marling,22,,12,8,20
048 Marling,23,,12,11,23
048 Marling,24,,13,9,22
048 Marling,25,,15,10,25
048 Marling,26,,16,10,26
048 Marling,27,,17,19,36
048 Marling,28,,19,15,34
048 Marling,29,,11,14,25
048 Marling,30,,17,28,45
048 Marling,31,,18,15,33
048 Marling,32,,14,9,23
048 Marling,33,,13,21,34
048 Marling,34,,16,20,36
048 Marling,35,,24,14,38
048 Marling,36,,14,18,32
048 Marling,37,,20,19,39
048 Marling,38,,29,18,47
048 Marling,39,,19,13,32
048 Marling,40,,22,25,47
048 Marling,41,,25,22,47
048 Marling,42,,30,19,49
048 Marling,43,,27,30,57
048 Marling,44,,22,19,41
048 Marling,45,,24,12,36
048 Marling,46,,18,21,39
048 Marling,47,,18,15,33
048 Marling,48,,16,13,29
048 Marling,49,,11,9,20
048 Marling,50,,9,11,20
048 Marling,51,,10,8,18
048 Marling,52,,17,11,28
048 Marling,53,,13,17,30
048 Marling,54,,15,14,29
048 Marling,55,,5,16,21
048 Marling,56,,15,14,29
048 Marling,57,,18,19,37
048 Marling,58,,6,14,20
048 Marling,59,,17,13,30
048 Marling,60,,12,15,27
048 Marling,61,,21,14,35
048 Marling,62,,15,17,32
048 Marling,63,,10,16,26
048 Marling,64,,10,11,21
048 Marling,65,,21,19,40
048 Marling,66,,11,13,24
048 Marling,67,,14,15,29
048 Marling,68,,9,13,22
048 Marling,69,,11,17,28
048 Marling,70,,14,8,22
048 Marling,71,,5,16,21
048 Marling,72,,12,9,21
048 Marling,73,,8,13,21
048 Marling,74,,10,10,20
048 Marling,75,,9,8,17
048 Marling,76,,4,10,14
048 Marling,77,,7,7,14
048 Marling,78,,7,2,9
048 Marling,79,,10,6,16
048 Marling,80,,4,11,15
048 Marling,81,,2,12,14
048 Marling,82,,-,6,6
048 Marling,83,,3,5,8
048 Marling,84,,2,4,6
048 Marling,85,,4,6,10
048 Marling,86,,-,1,1
048 Marling,87,,2,4,6
048 Marling,88,,1,2,3
048 Marling,90,,-,2,2
048 Marling,91,,2,3,5
048 Marling,92,,2,1,3
048 Marling,93,,-,2,2
048 Marling,94,,2,1,3
048 Marling,96,,-,1,1
048 Marling,97,,1,-,1
048 Marling,101,,-,1,1
049 Martell,0,,5,5,10
049 Martell,1,,8,2,10
049 Martell,2,,7,2,9
049 Martell,3,,5,5,10
049 Martell,4,,3,5,8
049 Martell,5,,4,8,12
049 Martell,6,,7,4,11
049 Martell,7,,2,7,9
049 Martell,8,,6,7,13
049 Martell,9,,5,7,12
049 Martell,10,,4,6,10
049 Martell,11,,6,7,13
049 Martell,12,,7,8,15
049 Martell,13,,6,6,12
049 Martell,14,,5,6,11
049 Martell,15,,8,5,13
049 Martell,16,,6,5,11
049 Martell,17,,9,4,13
049 Martell,18,,4,1,5
049 Martell,19,,7,3,10
049 Martell,20,,-,4,4
049 Martell,21,,5,6,11
049 Martell,22,,5,2,7
049 Martell,23,,7,3,10
049 Martell,24,,5,7,12
049 Martell,25,,7,4,11
049 Martell,26,,9,4,13
049 Martell,27,,8,6,14
049 Martell,28,,4,5,9
049 Martell,29,,6,5,11
049 Martell,30,,5,6,11
049 Martell,31,,1,7,8
049 Martell,32,,6,9,15
049 Martell,33,,9,4,13
049 Martell,34,,4,9,13
049 Martell,35,,9,4,13
049 Martell,36,,8,4,12
049 Martell,37,,6,13,19
049 Martell,38,,8,6,14
049 Martell,39,,6,7,13
049 Martell,40,,15,6,21
049 Martell,41,,17,10,27
049 Martell,42,,9,9,18
049 Martell,43,,13,1,14
049 Martell,44,,10,8,18
049 Martell,45,,7,5,12
049 Martell,46,,9,3,12
049 Martell,47,,8,6,14
049 Martell,48,,8,6,14
049 Martell,49,,7,3,10
049 Martell,50,,5,4,9
049 Martell,51,,7,2,9
049 Martell,52,,7,6,13
049 Martell,53,,4,4,8
049 Martell,54,,4,3,7
049 Martell,55,,6,7,13
049 Martell,56,,2,4,6
049 Martell,57,,4,1,5
049 Martell,58,,5,4,9
049 Martell,59,,4,3,7
049 Martell,60,,3,-,3
049 Martell,61,,4,1,5
049 Martell,62,,1,3,4
049 Martell,63,,2,4,6
049 Martell,64,,6,5,11
049 Martell,65,,4,4,8
049 Martell,66,,6,2,8
049 Martell,67,,2,4,6
049 Martell,68,,2,6,8
049 Martell,69,,3,4,7
049 Martell,70,,3,4,7
049 Martell,71,,4,9,13
049 Martell,72,,7,1,8
049 Martell,73,,5,6,11
049 Martell,74,,2,4,6
049 Martell,75,,5,-,5
049 Martell,76,,7,4,11
049 Martell,77,,4,3,7
049 Martell,78,,3,4,7
049 Martell,79,,2,3,5
049 Martell,80,,2,8,10
049 Martell,81,,2,2,4
049 Martell,82,,3,5,8
049 Martell,83,,-,6,6
049 Martell,84,,1,1,2
049 Martell,85,,-,1,1
049 Martell,88,,1,1,2
049 Martell,91,,2,1,3
049 Martell,92,,-,1,1
049 Martell,93,,1,-,1
049 Martell,95,,3,-,3
050 Mölten,0,,7,8,15
050 Mölten,1,,9,12,21
050 Mölten,2,,10,9,19
050 Mölten,3,,10,9,19
050 Mölten,4,,15,11,26
050 Mölten,5,,15,17,32
050 Mölten,6,,13,12,25
050 Mölten,7,,12,18,30
050 Mölten,8,,8,15,23
050 Mölten,9,,10,7,17
050 Mölten,10,,16,13,29
050 Mölten,11,,11,10,21
050 Mölten,12,,13,5,18
050 Mölten,13,,12,11,23
050 Mölten,14,,6,12,18
050 Mölten,15,,10,6,16
050 Mölten,16,,12,6,18
050 Mölten,17,,13,5,18
050 Mölten,18,,7,9,16
050 Mölten,19,,9,8,17
050 Mölten,20,,10,6,16
050 Mölten,21,,7,12,19
050 Mölten,22,,8,3,11
050 Mölten,23,,6,13,19
050 Mölten,24,,11,9,20
050 Mölten,25,,13,11,24
050 Mölten,26,,14,9,23
050 Mölten,27,,13,13,26
050 Mölten,28,,11,6,17
050 Mölten,29,,6,11,17
050 Mölten,30,,12,17,29
050 Mölten,31,,20,12,32
050 Mölten,32,,15,10,25
050 Mölten,33,,12,17,29
050 Mölten,34,,9,10,19
050 Mölten,35,,19,14,33
050 Mölten,36,,16,11,27
050 Mölten,37,,14,14,28
050 Mölten,38,,15,16,31
050 Mölten,39,,18,14,32
050 Mölten,40,,13,13,26
050 Mölten,41,,11,16,27
050 Mölten,42,,20,14,34
050 Mölten,43,,20,6,26
050 Mölten,44,,11,9,20
050 Mölten,45,,16,9,25
050 Mölten,46,,9,8,17
050 Mölten,47,,14,6,20
050 Mölten,48,,2,11,13
050 Mölten,49,,7,3,10
050 Mölten,50,,5,8,13
050 Mölten,51,,12,7,19
050 Mölten,52,,7,7,14
050 Mölten,53,,7,6,13
050 Mölten,54,,8,6,14
050 Mölten,55,,5,5,10
050 Mölten,56,,9,9,18
050 Mölten,57,,6,6,12
050 Mölten,58,,7,4,11
050 Mölten,59,,3,8,11
050 Mölten,60,,8,3,11
050 Mölten,61,,6,5,11
050 Mölten,62,,2,6,8
050 Mölten,63,,13,8,21
050 Mölten,64,,7,10,17
050 Mölten,65,,9,4,13
050 Mölten,66,,5,7,12
050 Mölten,67,,5,7,12
050 Mölten,68,,2,3,5
050 Mölten,69,,5,6,11
050 Mölten,70,,4,5,9
050 Mölten,71,,9,6,15
050 Mölten,72,,9,5,14
050 Mölten,73,,9,8,17
050 Mölten,74,,3,5,8
050 Mölten,75,,8,3,11
050 Mölten,76,,7,4,11
050 Mölten,77,,1,8,9
050 Mölten,78,,1,4,5
050 Mölten,79,,3,3,6
050 Mölten,80,,3,5,8
050 Mölten,81,,2,4,6
050 Mölten,82,,1,2,3
050 Mölten,83,,6,4,10
050 Mölten,84,,1,1,2
050 Mölten,85,,1,3,4
050 Mölten,86,,-,5,5
050 Mölten,87,,-,5,5
050 Mölten,88,,-,1,1
050 Mölten,90,,-,1,1
050 Mölten,91,,-,1,1
050 Mölten,92,,-,2,2
050 Mölten,93,,1,-,1
050 Mölten,95,,-,1,1
050 Mölten,98,,-,1,1
051 Meran,0,,178,189,367
051 Meran,1,,179,149,328
051 Meran,2,,213,175,388
051 Meran,3,,177,178,355
051 Meran,4,,172,163,335
051 Meran,5,,169,173,342
051 Meran,6,,186,145,331
051 Meran,7,,176,186,362
051 Meran,8,,153,135,288
051 Meran,9,,184,167,351
051 Meran,10,,196,164,360
051 Meran,11,,166,152,318
051 Meran,12,,167,186,353
051 Meran,13,,130,157,287
051 Meran,14,,169,144,313
051 Meran,15,,156,175,331
051 Meran,16,,159,148,307
051 Meran,17,,175,156,331
051 Meran,18,,174,130,304
051 Meran,19,,171,149,320
051 Meran,20,,167,127,294
051 Meran,21,,139,187,326
051 Meran,22,,179,162,341
051 Meran,23,,154,168,322
051 Meran,24,,178,190,368
051 Meran,25,,211,183,394
051 Meran,26,,201,178,379
051 Meran,27,,172,187,359
051 Meran,28,,215,198,413
051 Meran,29,,212,232,444
051 Meran,30,,225,246,471
051 Meran,31,,244,261,505
051 Meran,32,,272,301,573
051 Meran,33,,273,258,531
051 Meran,34,,289,285,574
051 Meran,35,,289,279,568
051 Meran,36,,290,301,591
051 Meran,37,,323,306,629
051 Meran,38,,340,325,665
051 Meran,39,,348,334,682
051 Meran,40,,327,298,625
051 Meran,41,,338,309,647
051 Meran,42,,344,299,643
051 Meran,43,,345,277,622
051 Meran,44,,270,288,558
051 Meran,45,,298,298,596
051 Meran,46,,299,261,560
051 Meran,47,,268,244,512
051 Meran,48,,248,238,486
051 Meran,49,,228,254,482
051 Meran,50,,226,216,442
051 Meran,51,,199,215,414
051 Meran,52,,186,229,415
051 Meran,53,,182,223,405
051 Meran,54,,209,220,429
051 Meran,55,,204,211,415
051 Meran,56,,186,221,407
051 Meran,57,,224,247,471
051 Meran,58,,221,255,476
051 Meran,59,,214,281,495
051 Meran,60,,237,296,533
051 Meran,61,,203,216,419
051 Meran,62,,202,230,432
051 Meran,63,,257,236,493
051 Meran,64,,261,293,554
051 Meran,65,,229,278,507
051 Meran,66,,190,223,413
051 Meran,67,,196,250,446
051 Meran,68,,179,223,402
051 Meran,69,,178,220,398
051 Meran,70,,169,201,370
051 Meran,71,,161,200,361
051 Meran,72,,149,179,328
051 Meran,73,,143,169,312
051 Meran,74,,126,192,318
051 Meran,75,,115,173,288
051 Meran,76,,119,184,303
051 Meran,77,,101,136,237
051 Meran,78,,98,172,270
051 Meran,79,,99,142,241
051 Meran,80,,95,168,263
051 Meran,81,,66,151,217
051 Meran,82,,80,144,224
051 Meran,83,,56,137,193
051 Meran,84,,64,145,209
051 Meran,85,,37,139,176
051 Meran,86,,42,129,171
051 Meran,87,,31,85,116
051 Meran,88,,19,61,80
051 Meran,89,,20,52,72
051 Meran,90,,12,31,43
051 Meran,91,,20,49,69
051 Meran,92,,17,54,71
051 Meran,93,,14,34,48
051 Meran,94,,9,33,42
051 Meran,95,,7,16,23
051 Meran,96,,3,17,20
051 Meran,97,,2,18,20
051 Meran,98,,4,9,13
051 Meran,99,,-,5,5
051 Meran,100,,-,9,9
051 Meran,101,,-,2,2
051 Meran,102,,-,1,1
051 Meran,104,,-,1,1
051 Meran,105,,-,1,1
052 Welsberg-Taisten,0,,11,26,37
052 Welsberg-Taisten,1,,24,23,47
052 Welsberg-Taisten,2,,13,19,32
052 Welsberg-Taisten,3,,16,16,32
052 Welsberg-Taisten,4,,22,22,44
052 Welsberg-Taisten,5,,31,18,49
052 Welsberg-Taisten,6,,18,16,34
052 Welsberg-Taisten,7,,22,19,41
052 Welsberg-Taisten,8,,21,14,35
052 Welsberg-Taisten,9,,20,19,39
052 Welsberg-Taisten,10,,16,15,31
052 Welsberg-Taisten,11,,18,14,32
052 Welsberg-Taisten,12,,12,15,27
052 Welsberg-Taisten,13,,15,20,35
052 Welsberg-Taisten,14,,10,10,20
052 Welsberg-Taisten,15,,20,17,37
052 Welsberg-Taisten,16,,10,20,30
052 Welsberg-Taisten,17,,4,18,22
052 Welsberg-Taisten,18,,12,17,29
052 Welsberg-Taisten,19,,13,14,27
052 Welsberg-Taisten,20,,9,10,19
052 Welsberg-Taisten,21,,8,13,21
052 Welsberg-Taisten,22,,26,14,40
052 Welsberg-Taisten,23,,20,19,39
052 Welsberg-Taisten,24,,17,17,34
052 Welsberg-Taisten,25,,10,14,24
052 Welsberg-Taisten,26,,15,13,28
052 Welsberg-Taisten,27,,23,18,41
052 Welsberg-Taisten,28,,20,21,41
052 Welsberg-Taisten,29,,15,22,37
052 Welsberg-Taisten,30,,17,10,27
052 Welsberg-Taisten,31,,17,25,42
052 Welsberg-Taisten,32,,26,21,47
052 Welsberg-Taisten,33,,29,11,40
052 Welsberg-Taisten,34,,17,29,46
052 Welsberg-Taisten,35,,31,24,55
052 Welsberg-Taisten,36,,29,23,52
052 Welsberg-Taisten,37,,20,21,41
052 Welsberg-Taisten,38,,28,16,44
052 Welsberg-Taisten,39,,29,19,48
052 Welsberg-Taisten,40,,30,22,52
052 Welsberg-Taisten,41,,20,16,36
052 Welsberg-Taisten,42,,34,21,55
052 Welsberg-Taisten,43,,28,22,50
052 Welsberg-Taisten,44,,20,22,42
052 Welsberg-Taisten,45,,17,16,33
052 Welsberg-Taisten,46,,10,15,25
052 Welsberg-Taisten,47,,20,21,41
052 Welsberg-Taisten,48,,25,18,43
052 Welsberg-Taisten,49,,11,20,31
052 Welsberg-Taisten,50,,20,19,39
052 Welsberg-Taisten,51,,17,11,28
052 Welsberg-Taisten,52,,15,14,29
052 Welsberg-Taisten,53,,19,12,31
052 Welsberg-Taisten,54,,17,11,28
052 Welsberg-Taisten,55,,19,10,29
052 Welsberg-Taisten,56,,15,13,28
052 Welsberg-Taisten,57,,14,11,25
052 Welsberg-Taisten,58,,16,17,33
052 Welsberg-Taisten,59,,11,13,24
052 Welsberg-Taisten,60,,12,12,24
052 Welsberg-Taisten,61,,10,14,24
052 Welsberg-Taisten,62,,13,10,23
052 Welsberg-Taisten,63,,9,14,23
052 Welsberg-Taisten,64,,11,14,25
052 Welsberg-Taisten,65,,18,17,35
052 Welsberg-Taisten,66,,6,13,19
052 Welsberg-Taisten,67,,14,13,27
052 Welsberg-Taisten,68,,12,10,22
052 Welsberg-Taisten,69,,11,8,19
052 Welsberg-Taisten,70,,10,10,20
052 Welsberg-Taisten,71,,3,16,19
052 Welsberg-Taisten,72,,17,15,32
052 Welsberg-Taisten,73,,10,10,20
052 Welsberg-Taisten,74,,10,11,21
052 Welsberg-Taisten,75,,6,12,18
052 Welsberg-Taisten,76,,8,7,15
052 Welsberg-Taisten,77,,8,10,18
052 Welsberg-Taisten,78,,5,16,21
052 Welsberg-Taisten,79,,5,12,17
052 Welsberg-Taisten,80,,6,6,12
052 Welsberg-Taisten,81,,-,8,8
052 Welsberg-Taisten,82,,2,8,10
052 Welsberg-Taisten,83,,3,8,11
052 Welsberg-Taisten,84,,4,4,8
052 Welsberg-Taisten,85,,3,7,10
052 Welsberg-Taisten,86,,2,5,7
052 Welsberg-Taisten,87,,1,6,7
052 Welsberg-Taisten,88,,1,1,2
052 Welsberg-Taisten,89,,1,1,2
052 Welsberg-Taisten,90,,1,-,1
052 Welsberg-Taisten,91,,1,3,4
052 Welsberg-Taisten,92,,1,-,1
052 Welsberg-Taisten,93,,-,2,2
052 Welsberg-Taisten,94,,1,2,3
052 Welsberg-Taisten,95,,-,2,2
052 Welsberg-Taisten,96,,-,2,2
052 Welsberg-Taisten,98,,-,2,2
052 Welsberg-Taisten,99,,1,1,2
052 Welsberg-Taisten,106,,1,-,1
052 Welsberg-Taisten,-,,-,1,1
053 Montan,0,,8,4,12
053 Montan,1,,11,8,19
053 Montan,2,,6,8,14
053 Montan,3,,10,6,16
053 Montan,4,,6,4,10
053 Montan,5,,11,3,14
053 Montan,6,,9,6,15
053 Montan,7,,6,10,16
053 Montan,8,,9,12,21
053 Montan,9,,7,8,15
053 Montan,10,,14,11,25
053 Montan,11,,16,15,31
053 Montan,12,,14,6,20
053 Montan,13,,5,7,12
053 Montan,14,,8,10,18
053 Montan,15,,14,9,23
053 Montan,16,,12,8,20
053 Montan,17,,10,11,21
053 Montan,18,,12,15,27
053 Montan,19,,11,17,28
053 Montan,20,,13,7,20
053 Montan,21,,10,8,18
053 Montan,22,,8,3,11
053 Montan,23,,10,5,15
053 Montan,24,,10,7,17
053 Montan,25,,10,9,19
053 Montan,26,,7,4,11
053 Montan,27,,8,6,14
053 Montan,28,,8,4,12
053 Montan,29,,7,5,12
053 Montan,30,,7,6,13
053 Montan,31,,8,11,19
053 Montan,32,,9,15,24
053 Montan,33,,12,4,16
053 Montan,34,,5,10,15
053 Montan,35,,11,8,19
053 Montan,36,,15,10,25
053 Montan,37,,16,17,33
053 Montan,38,,12,17,29
053 Montan,39,,10,12,22
053 Montan,40,,12,18,30
053 Montan,41,,27,15,42
053 Montan,42,,17,10,27
053 Montan,43,,11,16,27
053 Montan,44,,15,17,32
053 Montan,45,,18,12,30
053 Montan,46,,13,11,24
053 Montan,47,,14,10,24
053 Montan,48,,14,10,24
053 Montan,49,,15,11,26
053 Montan,50,,7,14,21
053 Montan,51,,7,11,18
053 Montan,52,,13,11,24
053 Montan,53,,11,7,18
053 Montan,54,,12,3,15
053 Montan,55,,7,7,14
053 Montan,56,,4,5,9
053 Montan,57,,8,3,11
053 Montan,58,,5,6,11
053 Montan,59,,8,11,19
053 Montan,60,,5,2,7
053 Montan,61,,4,3,7
053 Montan,62,,2,5,7
053 Montan,63,,5,6,11
053 Montan,64,,8,6,14
053 Montan,65,,6,5,11
053 Montan,66,,9,7,16
053 Montan,67,,4,10,14
053 Montan,68,,8,9,17
053 Montan,69,,2,7,9
053 Montan,70,,7,10,17
053 Montan,71,,1,8,9
053 Montan,72,,3,5,8
053 Montan,73,,15,5,20
053 Montan,74,,5,7,12
053 Montan,75,,7,11,18
053 Montan,76,,9,11,20
053 Montan,77,,6,9,15
053 Montan,78,,7,3,10
053 Montan,79,,4,5,9
053 Montan,80,,6,8,14
053 Montan,81,,3,9,12
053 Montan,82,,1,5,6
053 Montan,83,,3,10,13
053 Montan,84,,3,6,9
053 Montan,85,,1,3,4
053 Montan,86,,1,5,6
053 Montan,87,,1,3,4
053 Montan,88,,-,3,3
053 Montan,89,,1,3,4
053 Montan,90,,-,2,2
053 Montan,91,,-,5,5
053 Montan,92,,1,1,2
053 Montan,93,,1,2,3
053 Montan,94,,1,-,1
053 Montan,95,,-,1,1
053 Montan,97,,-,1,1
054 Moos in Passeier,0,,14,9,23
054 Moos in Passeier,1,,17,10,27
054 Moos in Passeier,2,,17,19,36
054 Moos in Passeier,3,,12,11,23
054 Moos in Passeier,4,,21,19,40
054 Moos in Passeier,5,,14,12,26
054 Moos in Passeier,6,,13,18,31
054 Moos in Passeier,7,,26,9,35
054 Moos in Passeier,8,,14,16,30
054 Moos in Passeier,9,,13,17,30
054 Moos in Passeier,10,,18,19,37
054 Moos in Passeier,11,,8,13,21
054 Moos in Passeier,12,,17,21,38
054 Moos in Passeier,13,,18,13,31
054 Moos in Passeier,14,,18,17,35
054 Moos in Passeier,15,,16,21,37
054 Moos in Passeier,16,,15,13,28
054 Moos in Passeier,17,,17,19,36
054 Moos in Passeier,18,,17,15,32
054 Moos in Passeier,19,,15,14,29
054 Moos in Passeier,20,,17,15,32
054 Moos in Passeier,21,,19,10,29
054 Moos in Passeier,22,,22,20,42
054 Moos in Passeier,23,,14,14,28
054 Moos in Passeier,24,,15,19,34
054 Moos in Passeier,25,,17,15,32
054 Moos in Passeier,26,,17,19,36
054 Moos in Passeier,27,,18,15,33
054 Moos in Passeier,28,,22,9,31
054 Moos in Passeier,29,,21,17,38
054 Moos in Passeier,30,,13,10,23
054 Moos in Passeier,31,,17,15,32
054 Moos in Passeier,32,,23,14,37
054 Moos in Passeier,33,,9,21,30
054 Moos in Passeier,34,,20,16,36
054 Moos in Passeier,35,,16,16,32
054 Moos in Passeier,36,,19,11,30
054 Moos in Passeier,37,,17,19,36
054 Moos in Passeier,38,,20,18,38
054 Moos in Passeier,39,,23,17,40
054 Moos in Passeier,40,,25,20,45
054 Moos in Passeier,41,,20,9,29
054 Moos in Passeier,42,,23,10,33
054 Moos in Passeier,43,,16,19,35
054 Moos in Passeier,44,,11,20,31
054 Moos in Passeier,45,,9,7,16
054 Moos in Passeier,46,,17,15,32
054 Moos in Passeier,47,,16,13,29
054 Moos in Passeier,48,,13,14,27
054 Moos in Passeier,49,,19,7,26
054 Moos in Passeier,50,,9,8,17
054 Moos in Passeier,51,,8,8,16
054 Moos in Passeier,52,,15,10,25
054 Moos in Passeier,53,,7,9,16
054 Moos in Passeier,54,,8,4,12
054 Moos in Passeier,55,,9,10,19
054 Moos in Passeier,56,,7,10,17
054 Moos in Passeier,57,,14,9,23
054 Moos in Passeier,58,,6,6,12
054 Moos in Passeier,59,,18,10,28
054 Moos in Passeier,60,,9,8,17
054 Moos in Passeier,61,,9,7,16
054 Moos in Passeier,62,,11,7,18
054 Moos in Passeier,63,,13,12,25
054 Moos in Passeier,64,,5,12,17
054 Moos in Passeier,65,,9,15,24
054 Moos in Passeier,66,,9,10,19
054 Moos in Passeier,67,,5,4,9
054 Moos in Passeier,68,,10,7,17
054 Moos in Passeier,69,,5,6,11
054 Moos in Passeier,70,,8,7,15
054 Moos in Passeier,71,,8,6,14
054 Moos in Passeier,72,,12,14,26
054 Moos in Passeier,73,,7,10,17
054 Moos in Passeier,74,,8,4,12
054 Moos in Passeier,75,,9,7,16
054 Moos in Passeier,76,,8,7,15
054 Moos in Passeier,77,,7,12,19
054 Moos in Passeier,78,,3,10,13
054 Moos in Passeier,79,,6,5,11
054 Moos in Passeier,80,,8,2,10
054 Moos in Passeier,81,,5,7,12
054 Moos in Passeier,82,,3,4,7
054 Moos in Passeier,83,,4,3,7
054 Moos in Passeier,84,,-,5,5
054 Moos in Passeier,85,,1,2,3
054 Moos in Passeier,86,,2,2,4
054 Moos in Passeier,87,,1,4,5
054 Moos in Passeier,89,,1,2,3
054 Moos in Passeier,90,,-,2,2
054 Moos in Passeier,92,,1,1,2
054 Moos in Passeier,94,,-,1,1
054 Moos in Passeier,96,,-,1,1
054 Moos in Passeier,98,,1,-,1
055 Nals,0,,9,3,12
055 Nals,1,,9,11,20
055 Nals,2,,7,7,14
055 Nals,3,,8,6,14
055 Nals,4,,11,12,23
055 Nals,5,,6,9,15
055 Nals,6,,6,13,19
055 Nals,7,,13,8,21
055 Nals,8,,13,9,22
055 Nals,9,,12,6,18
055 Nals,10,,11,11,22
055 Nals,11,,8,6,14
055 Nals,12,,9,8,17
055 Nals,13,,7,12,19
055 Nals,14,,12,9,21
055 Nals,15,,8,11,19
055 Nals,16,,9,7,16
055 Nals,17,,12,8,20
055 Nals,18,,9,12,21
055 Nals,19,,12,10,22
055 Nals,20,,5,3,8
055 Nals,21,,12,6,18
055 Nals,22,,8,11,19
055 Nals,23,,5,11,16
055 Nals,24,,7,9,16
055 Nals,25,,10,10,20
055 Nals,26,,15,9,24
055 Nals,27,,8,9,17
055 Nals,28,,10,6,16
055 Nals,29,,6,6,12
055 Nals,30,,11,15,26
055 Nals,31,,7,11,18
055 Nals,32,,19,10,29
055 Nals,33,,13,8,21
055 Nals,34,,13,16,29
055 Nals,35,,17,13,30
055 Nals,36,,22,10,32
055 Nals,37,,16,16,32
055 Nals,38,,21,15,36
055 Nals,39,,16,13,29
055 Nals,40,,13,12,25
055 Nals,41,,18,14,32
055 Nals,42,,18,20,38
055 Nals,43,,10,19,29
055 Nals,44,,9,14,23
055 Nals,45,,16,14,30
055 Nals,46,,13,9,22
055 Nals,47,,17,15,32
055 Nals,48,,17,16,33
055 Nals,49,,8,8,16
055 Nals,50,,7,9,16
055 Nals,51,,20,15,35
055 Nals,52,,6,7,13
055 Nals,53,,8,7,15
055 Nals,54,,7,6,13
055 Nals,55,,3,10,13
055 Nals,56,,6,11,17
055 Nals,57,,10,9,19
055 Nals,58,,12,12,24
055 Nals,59,,12,6,18
055 Nals,60,,7,13,20
055 Nals,61,,7,12,19
055 Nals,62,,5,12,17
055 Nals,63,,10,6,16
055 Nals,64,,5,8,13
055 Nals,65,,10,6,16
055 Nals,66,,7,12,19
055 Nals,67,,9,9,18
055 Nals,68,,6,9,15
055 Nals,69,,3,14,17
055 Nals,70,,6,3,9
055 Nals,71,,6,6,12
055 Nals,72,,5,6,11
055 Nals,73,,9,10,19
055 Nals,74,,6,4,10
055 Nals,75,,3,6,9
055 Nals,76,,4,5,9
055 Nals,77,,9,7,16
055 Nals,78,,6,7,13
055 Nals,79,,4,6,10
055 Nals,80,,6,6,12
055 Nals,81,,3,4,7
055 Nals,82,,2,-,2
055 Nals,83,,1,6,7
055 Nals,84,,1,6,7
055 Nals,85,,1,8,9
055 Nals,86,,-,1,1
055 Nals,87,,1,3,4
055 Nals,90,,-,1,1
055 Nals,91,,1,2,3
055 Nals,92,,-,3,3
055 Nals,93,,-,1,1
055 Nals,94,,1,-,1
055 Nals,95,,-,1,1
055 Nals,96,,-,1,1
056 Naturns,0,,32,27,59
056 Naturns,1,,32,20,52
056 Naturns,2,,35,31,66
056 Naturns,3,,39,25,64
056 Naturns,4,,26,28,54
056 Naturns,5,,30,27,57
056 Naturns,6,,29,26,55
056 Naturns,7,,33,28,61
056 Naturns,8,,31,33,64
056 Naturns,9,,22,18,40
056 Naturns,10,,32,34,66
056 Naturns,11,,45,35,80
056 Naturns,12,,36,38,74
056 Naturns,13,,32,36,68
056 Naturns,14,,30,40,70
056 Naturns,15,,43,36,79
056 Naturns,16,,36,32,68
056 Naturns,17,,36,24,60
056 Naturns,18,,41,36,77
056 Naturns,19,,37,19,56
056 Naturns,20,,29,26,55
056 Naturns,21,,37,24,61
056 Naturns,22,,40,19,59
056 Naturns,23,,33,36,69
056 Naturns,24,,33,33,66
056 Naturns,25,,38,45,83
056 Naturns,26,,36,32,68
056 Naturns,27,,43,31,74
056 Naturns,28,,39,43,82
056 Naturns,29,,38,34,72
056 Naturns,30,,34,36,70
056 Naturns,31,,46,37,83
056 Naturns,32,,39,46,85
056 Naturns,33,,46,48,94
056 Naturns,34,,44,43,87
056 Naturns,35,,38,40,78
056 Naturns,36,,48,44,92
056 Naturns,37,,39,45,84
056 Naturns,38,,46,42,88
056 Naturns,39,,55,43,98
056 Naturns,40,,57,46,103
056 Naturns,41,,39,52,91
056 Naturns,42,,47,39,86
056 Naturns,43,,41,46,87
056 Naturns,44,,38,46,84
056 Naturns,45,,36,49,85
056 Naturns,46,,56,41,97
056 Naturns,47,,44,38,82
056 Naturns,48,,32,35,67
056 Naturns,49,,37,34,71
056 Naturns,50,,40,36,76
056 Naturns,51,,29,32,61
056 Naturns,52,,38,30,68
056 Naturns,53,,34,23,57
056 Naturns,54,,34,35,69
056 Naturns,55,,36,34,70
056 Naturns,56,,28,32,60
056 Naturns,57,,26,19,45
056 Naturns,58,,31,24,55
056 Naturns,59,,13,20,33
056 Naturns,60,,21,30,51
056 Naturns,61,,25,18,43
056 Naturns,62,,21,21,42
056 Naturns,63,,25,34,59
056 Naturns,64,,32,33,65
056 Naturns,65,,39,28,67
056 Naturns,66,,22,20,42
056 Naturns,67,,20,21,41
056 Naturns,68,,22,18,40
056 Naturns,69,,23,23,46
056 Naturns,70,,20,21,41
056 Naturns,71,,20,10,30
056 Naturns,72,,16,20,36
056 Naturns,73,,15,11,26
056 Naturns,74,,9,19,28
056 Naturns,75,,10,21,31
056 Naturns,76,,13,23,36
056 Naturns,77,,12,17,29
056 Naturns,78,,15,14,29
056 Naturns,79,,7,15,22
056 Naturns,80,,13,13,26
056 Naturns,81,,12,15,27
056 Naturns,82,,11,15,26
056 Naturns,83,,6,8,14
056 Naturns,84,,4,8,12
056 Naturns,85,,3,12,15
056 Naturns,86,,2,5,7
056 Naturns,87,,-,6,6
056 Naturns,88,,2,3,5
056 Naturns,89,,2,1,3
056 Naturns,90,,1,-,1
056 Naturns,91,,1,3,4
056 Naturns,92,,2,6,8
056 Naturns,93,,3,6,9
056 Naturns,94,,1,1,2
056 Naturns,95,,-,1,1
056 Naturns,96,,2,-,2
056 Naturns,97,,-,5,5
057 Natz-Schabs,0,,10,17,27
057 Natz-Schabs,1,,14,13,27
057 Natz-Schabs,2,,12,17,29
057 Natz-Schabs,3,,21,17,38
057 Natz-Schabs,4,,22,15,37
057 Natz-Schabs,5,,11,20,31
057 Natz-Schabs,6,,21,18,39
057 Natz-Schabs,7,,15,19,34
057 Natz-Schabs,8,,23,16,39
057 Natz-Schabs,9,,19,17,36
057 Natz-Schabs,10,,23,17,40
057 Natz-Schabs,11,,13,13,26
057 Natz-Schabs,12,,22,16,38
057 Natz-Schabs,13,,15,18,33
057 Natz-Schabs,14,,17,13,30
057 Natz-Schabs,15,,22,21,43
057 Natz-Schabs,16,,15,25,40
057 Natz-Schabs,17,,15,23,38
057 Natz-Schabs,18,,25,15,40
057 Natz-Schabs,19,,19,20,39
057 Natz-Schabs,20,,16,20,36
057 Natz-Schabs,21,,20,24,44
057 Natz-Schabs,22,,19,15,34
057 Natz-Schabs,23,,21,19,40
057 Natz-Schabs,24,,15,21,36
057 Natz-Schabs,25,,19,20,39
057 Natz-Schabs,26,,28,18,46
057 Natz-Schabs,27,,17,14,31
057 Natz-Schabs,28,,15,18,33
057 Natz-Schabs,29,,19,17,36
057 Natz-Schabs,30,,13,16,29
057 Natz-Schabs,31,,17,26,43
057 Natz-Schabs,32,,17,23,40
057 Natz-Schabs,33,,27,19,46
057 Natz-Schabs,34,,23,19,42
057 Natz-Schabs,35,,25,26,51
057 Natz-Schabs,36,,28,27,55
057 Natz-Schabs,37,,29,21,50
057 Natz-Schabs,38,,29,20,49
057 Natz-Schabs,39,,30,23,53
057 Natz-Schabs,40,,32,20,52
057 Natz-Schabs,41,,33,29,62
057 Natz-Schabs,42,,27,27,54
057 Natz-Schabs,43,,24,27,51
057 Natz-Schabs,44,,18,21,39
057 Natz-Schabs,45,,21,17,38
057 Natz-Schabs,46,,30,21,51
057 Natz-Schabs,47,,23,23,46
057 Natz-Schabs,48,,22,18,40
057 Natz-Schabs,49,,20,20,40
057 Natz-Schabs,50,,15,23,38
057 Natz-Schabs,51,,20,17,37
057 Natz-Schabs,52,,10,15,25
057 Natz-Schabs,53,,22,15,37
057 Natz-Schabs,54,,12,10,22
057 Natz-Schabs,55,,15,11,26
057 Natz-Schabs,56,,17,15,32
057 Natz-Schabs,57,,19,15,34
057 Natz-Schabs,58,,13,13,26
057 Natz-Schabs,59,,13,13,26
057 Natz-Schabs,60,,15,11,26
057 Natz-Schabs,61,,10,6,16
057 Natz-Schabs,62,,12,11,23
057 Natz-Schabs,63,,11,7,18
057 Natz-Schabs,64,,12,6,18
057 Natz-Schabs,65,,13,9,22
057 Natz-Schabs,66,,4,6,10
057 Natz-Schabs,67,,2,5,7
057 Natz-Schabs,68,,6,6,12
057 Natz-Schabs,69,,11,6,17
057 Natz-Schabs,70,,8,4,12
057 Natz-Schabs,71,,6,7,13
057 Natz-Schabs,72,,4,5,9
057 Natz-Schabs,73,,6,9,15
057 Natz-Schabs,74,,4,7,11
057 Natz-Schabs,75,,4,4,8
057 Natz-Schabs,76,,5,7,12
057 Natz-Schabs,77,,9,2,11
057 Natz-Schabs,78,,4,6,10
057 Natz-Schabs,79,,1,4,5
057 Natz-Schabs,80,,2,6,8
057 Natz-Schabs,81,,2,4,6
057 Natz-Schabs,82,,2,6,8
057 Natz-Schabs,83,,-,10,10
057 Natz-Schabs,84,,4,3,7
057 Natz-Schabs,85,,5,3,8
057 Natz-Schabs,86,,1,6,7
057 Natz-Schabs,87,,-,2,2
057 Natz-Schabs,88,,1,2,3
057 Natz-Schabs,89,,-,1,1
057 Natz-Schabs,91,,-,1,1
057 Natz-Schabs,93,,1,-,1
057 Natz-Schabs,94,,-,1,1
057 Natz-Schabs,95,,-,1,1
057 Natz-Schabs,98,,-,1,1
058 Welschnofen,0,,8,7,15
058 Welschnofen,1,,9,12,21
058 Welschnofen,2,,17,8,25
058 Welschnofen,3,,8,8,16
058 Welschnofen,4,,17,5,22
058 Welschnofen,5,,4,9,13
058 Welschnofen,6,,8,8,16
058 Welschnofen,7,,9,13,22
058 Welschnofen,8,,13,10,23
058 Welschnofen,9,,12,14,26
058 Welschnofen,10,,10,10,20
058 Welschnofen,11,,14,14,28
058 Welschnofen,12,,11,10,21
058 Welschnofen,13,,12,11,23
058 Welschnofen,14,,17,10,27
058 Welschnofen,15,,16,11,27
058 Welschnofen,16,,12,14,26
058 Welschnofen,17,,14,9,23
058 Welschnofen,18,,11,17,28
058 Welschnofen,19,,11,9,20
058 Welschnofen,20,,7,9,16
058 Welschnofen,21,,10,9,19
058 Welschnofen,22,,6,8,14
058 Welschnofen,23,,11,12,23
058 Welschnofen,24,,10,16,26
058 Welschnofen,25,,14,12,26
058 Welschnofen,26,,12,9,21
058 Welschnofen,27,,9,4,13
058 Welschnofen,28,,13,11,24
058 Welschnofen,29,,13,17,30
058 Welschnofen,30,,17,9,26
058 Welschnofen,31,,17,11,28
058 Welschnofen,32,,12,13,25
058 Welschnofen,33,,13,14,27
058 Welschnofen,34,,12,16,28
058 Welschnofen,35,,16,16,32
058 Welschnofen,36,,18,12,30
058 Welschnofen,37,,15,13,28
058 Welschnofen,38,,16,19,35
058 Welschnofen,39,,17,15,32
058 Welschnofen,40,,16,12,28
058 Welschnofen,41,,23,15,38
058 Welschnofen,42,,13,8,21
058 Welschnofen,43,,18,16,34
058 Welschnofen,44,,14,16,30
058 Welschnofen,45,,17,19,36
058 Welschnofen,46,,19,8,27
058 Welschnofen,47,,14,13,27
058 Welschnofen,48,,15,10,25
058 Welschnofen,49,,11,13,24
058 Welschnofen,50,,11,13,24
058 Welschnofen,51,,16,14,30
058 Welschnofen,52,,14,11,25
058 Welschnofen,53,,11,13,24
058 Welschnofen,54,,11,8,19
058 Welschnofen,55,,15,7,22
058 Welschnofen,56,,8,9,17
058 Welschnofen,57,,11,13,24
058 Welschnofen,58,,9,9,18
058 Welschnofen,59,,9,8,17
058 Welschnofen,60,,11,11,22
058 Welschnofen,61,,11,6,17
058 Welschnofen,62,,7,9,16
058 Welschnofen,63,,13,9,22
058 Welschnofen,64,,10,13,23
058 Welschnofen,65,,10,7,17
058 Welschnofen,66,,7,7,14
058 Welschnofen,67,,8,6,14
058 Welschnofen,68,,6,6,12
058 Welschnofen,69,,9,4,13
058 Welschnofen,70,,5,12,17
058 Welschnofen,71,,8,6,14
058 Welschnofen,72,,10,10,20
058 Welschnofen,73,,8,14,22
058 Welschnofen,74,,7,7,14
058 Welschnofen,75,,4,7,11
058 Welschnofen,76,,6,8,14
058 Welschnofen,77,,5,12,17
058 Welschnofen,78,,7,3,10
058 Welschnofen,79,,2,3,5
058 Welschnofen,80,,2,6,8
058 Welschnofen,81,,4,6,10
058 Welschnofen,82,,2,12,14
058 Welschnofen,83,,5,6,11
058 Welschnofen,84,,6,5,11
058 Welschnofen,85,,1,9,10
058 Welschnofen,86,,1,4,5
058 Welschnofen,87,,1,5,6
058 Welschnofen,88,,1,1,2
058 Welschnofen,89,,1,1,2
058 Welschnofen,90,,1,4,5
058 Welschnofen,91,,-,3,3
058 Welschnofen,92,,-,1,1
058 Welschnofen,93,,-,1,1
058 Welschnofen,94,,2,4,6
058 Welschnofen,95,,1,-,1
058 Welschnofen,96,,1,1,2
058 Welschnofen,97,,-,1,1
059 Deutschnofen,0,,23,25,48
059 Deutschnofen,1,,28,31,59
059 Deutschnofen,2,,21,29,50
059 Deutschnofen,3,,17,30,47
059 Deutschnofen,4,,32,11,43
059 Deutschnofen,5,,22,33,55
059 Deutschnofen,6,,21,27,48
059 Deutschnofen,7,,30,23,53
059 Deutschnofen,8,,32,13,45
059 Deutschnofen,9,,22,27,49
059 Deutschnofen,10,,20,26,46
059 Deutschnofen,11,,26,26,52
059 Deutschnofen,12,,27,15,42
059 Deutschnofen,13,,24,27,51
059 Deutschnofen,14,,35,28,63
059 Deutschnofen,15,,21,20,41
059 Deutschnofen,16,,34,28,62
059 Deutschnofen,17,,24,22,46
059 Deutschnofen,18,,21,34,55
059 Deutschnofen,19,,21,26,47
059 Deutschnofen,20,,30,17,47
059 Deutschnofen,21,,25,20,45
059 Deutschnofen,22,,31,24,55
059 Deutschnofen,23,,23,20,43
059 Deutschnofen,24,,22,34,56
059 Deutschnofen,25,,21,17,38
059 Deutschnofen,26,,26,24,50
059 Deutschnofen,27,,26,22,48
059 Deutschnofen,28,,24,19,43
059 Deutschnofen,29,,30,22,52
059 Deutschnofen,30,,21,21,42
059 Deutschnofen,31,,24,21,45
059 Deutschnofen,32,,26,34,60
059 Deutschnofen,33,,20,30,50
059 Deutschnofen,34,,27,36,63
059 Deutschnofen,35,,25,24,49
059 Deutschnofen,36,,32,28,60
059 Deutschnofen,37,,41,29,70
059 Deutschnofen,38,,22,30,52
059 Deutschnofen,39,,31,30,61
059 Deutschnofen,40,,35,35,70
059 Deutschnofen,41,,36,18,54
059 Deutschnofen,42,,30,28,58
059 Deutschnofen,43,,32,25,57
059 Deutschnofen,44,,25,28,53
059 Deutschnofen,45,,34,21,55
059 Deutschnofen,46,,40,24,64
059 Deutschnofen,47,,27,18,45
059 Deutschnofen,48,,23,31,54
059 Deutschnofen,49,,24,26,50
059 Deutschnofen,50,,33,27,60
059 Deutschnofen,51,,30,21,51
059 Deutschnofen,52,,27,21,48
059 Deutschnofen,53,,22,23,45
059 Deutschnofen,54,,23,20,43
059 Deutschnofen,55,,20,14,34
059 Deutschnofen,56,,17,18,35
059 Deutschnofen,57,,21,14,35
059 Deutschnofen,58,,22,15,37
059 Deutschnofen,59,,13,13,26
059 Deutschnofen,60,,16,22,38
059 Deutschnofen,61,,17,14,31
059 Deutschnofen,62,,16,16,32
059 Deutschnofen,63,,23,20,43
059 Deutschnofen,64,,17,17,34
059 Deutschnofen,65,,18,25,43
059 Deutschnofen,66,,13,19,32
059 Deutschnofen,67,,25,14,39
059 Deutschnofen,68,,14,21,35
059 Deutschnofen,69,,13,7,20
059 Deutschnofen,70,,14,10,24
059 Deutschnofen,71,,9,13,22
059 Deutschnofen,72,,16,9,25
059 Deutschnofen,73,,8,13,21
059 Deutschnofen,74,,14,13,27
059 Deutschnofen,75,,10,9,19
059 Deutschnofen,76,,10,9,19
059 Deutschnofen,77,,7,10,17
059 Deutschnofen,78,,8,19,27
059 Deutschnofen,79,,7,14,21
059 Deutschnofen,80,,14,10,24
059 Deutschnofen,81,,8,19,27
059 Deutschnofen,82,,4,10,14
059 Deutschnofen,83,,4,9,13
059 Deutschnofen,84,,6,14,20
059 Deutschnofen,85,,4,12,16
059 Deutschnofen,86,,1,9,10
059 Deutschnofen,87,,1,5,6
059 Deutschnofen,88,,-,5,5
059 Deutschnofen,89,,-,2,2
059 Deutschnofen,90,,3,2,5
059 Deutschnofen,91,,2,3,5
059 Deutschnofen,92,,1,2,3
059 Deutschnofen,93,,-,4,4
059 Deutschnofen,94,,-,3,3
059 Deutschnofen,95,,-,6,6
059 Deutschnofen,96,,1,-,1
059 Deutschnofen,98,,1,-,1
059 Deutschnofen,99,,1,-,1
060 Auer,0,,11,11,22
060 Auer,1,,24,21,45
060 Auer,2,,22,17,39
060 Auer,3,,21,15,36
060 Auer,4,,33,18,51
060 Auer,5,,18,22,40
060 Auer,6,,21,24,45
060 Auer,7,,22,26,48
060 Auer,8,,20,24,44
060 Auer,9,,20,18,38
060 Auer,10,,20,23,43
060 Auer,11,,18,17,35
060 Auer,12,,24,23,47
060 Auer,13,,10,24,34
060 Auer,14,,20,20,40
060 Auer,15,,28,15,43
060 Auer,16,,17,19,36
060 Auer,17,,23,24,47
060 Auer,18,,17,24,41
060 Auer,19,,25,19,44
060 Auer,20,,15,14,29
060 Auer,21,,24,17,41
060 Auer,22,,16,14,30
060 Auer,23,,18,18,36
060 Auer,24,,17,27,44
060 Auer,25,,14,19,33
060 Auer,26,,14,15,29
060 Auer,27,,17,18,35
060 Auer,28,,14,14,28
060 Auer,29,,19,27,46
060 Auer,30,,19,31,50
060 Auer,31,,22,18,40
060 Auer,32,,32,25,57
060 Auer,33,,29,23,52
060 Auer,34,,19,27,46
060 Auer,35,,41,25,66
060 Auer,36,,27,30,57
060 Auer,37,,19,32,51
060 Auer,38,,38,39,77
060 Auer,39,,28,29,57
060 Auer,40,,34,37,71
060 Auer,41,,33,25,58
060 Auer,42,,33,25,58
060 Auer,43,,33,41,74
060 Auer,44,,26,23,49
060 Auer,45,,35,34,69
060 Auer,46,,29,33,62
060 Auer,47,,35,29,64
060 Auer,48,,35,21,56
060 Auer,49,,22,26,48
060 Auer,50,,29,29,58
060 Auer,51,,16,22,38
060 Auer,52,,22,13,35
060 Auer,53,,15,23,38
060 Auer,54,,19,21,40
060 Auer,55,,16,20,36
060 Auer,56,,16,22,38
060 Auer,57,,13,13,26
060 Auer,58,,29,14,43
060 Auer,59,,15,22,37
060 Auer,60,,17,24,41
060 Auer,61,,12,12,24
060 Auer,62,,22,15,37
060 Auer,63,,15,18,33
060 Auer,64,,14,19,33
060 Auer,65,,20,14,34
060 Auer,66,,12,10,22
060 Auer,67,,12,20,32
060 Auer,68,,16,18,34
060 Auer,69,,10,11,21
060 Auer,70,,11,9,20
060 Auer,71,,9,16,25
060 Auer,72,,16,14,30
060 Auer,73,,5,8,13
060 Auer,74,,3,15,18
060 Auer,75,,10,12,22
060 Auer,76,,7,8,15
060 Auer,77,,7,13,20
060 Auer,78,,10,7,17
060 Auer,79,,8,13,21
060 Auer,80,,3,16,19
060 Auer,81,,10,10,20
060 Auer,82,,8,10,18
060 Auer,83,,8,12,20
060 Auer,84,,3,14,17
060 Auer,85,,2,8,10
060 Auer,86,,4,9,13
060 Auer,87,,2,3,5
060 Auer,88,,-,6,6
060 Auer,89,,1,2,3
060 Auer,90,,-,2,2
060 Auer,91,,-,3,3
060 Auer,92,,-,3,3
060 Auer,93,,1,4,5
060 Auer,94,,-,1,1
060 Auer,95,,-,1,1
061 St.Ulrich,0,,33,23,56
061 St.Ulrich,1,,38,20,58
061 St.Ulrich,2,,24,30,54
061 St.Ulrich,3,,24,30,54
061 St.Ulrich,4,,25,39,64
061 St.Ulrich,5,,21,24,45
061 St.Ulrich,6,,29,30,59
061 St.Ulrich,7,,43,30,73
061 St.Ulrich,8,,44,35,79
061 St.Ulrich,9,,31,28,59
061 St.Ulrich,10,,32,23,55
061 St.Ulrich,11,,31,29,60
061 St.Ulrich,12,,29,30,59
061 St.Ulrich,13,,22,27,49
061 St.Ulrich,14,,34,28,62
061 St.Ulrich,15,,31,31,62
061 St.Ulrich,16,,28,20,48
061 St.Ulrich,17,,17,21,38
061 St.Ulrich,18,,18,22,40
061 St.Ulrich,19,,25,19,44
061 St.Ulrich,20,,18,14,32
061 St.Ulrich,21,,22,19,41
061 St.Ulrich,22,,22,19,41
061 St.Ulrich,23,,21,19,40
061 St.Ulrich,24,,23,28,51
061 St.Ulrich,25,,19,30,49
061 St.Ulrich,26,,27,32,59
061 St.Ulrich,27,,30,29,59
061 St.Ulrich,28,,21,29,50
061 St.Ulrich,29,,22,23,45
061 St.Ulrich,30,,33,33,66
061 St.Ulrich,31,,35,29,64
061 St.Ulrich,32,,38,31,69
061 St.Ulrich,33,,36,31,67
061 St.Ulrich,34,,40,35,75
061 St.Ulrich,35,,39,34,73
061 St.Ulrich,36,,39,31,70
061 St.Ulrich,37,,43,44,87
061 St.Ulrich,38,,41,45,86
061 St.Ulrich,39,,39,38,77
061 St.Ulrich,40,,35,40,75
061 St.Ulrich,41,,36,34,70
061 St.Ulrich,42,,43,41,84
061 St.Ulrich,43,,36,33,69
061 St.Ulrich,44,,30,34,64
061 St.Ulrich,45,,28,23,51
061 St.Ulrich,46,,32,26,58
061 St.Ulrich,47,,40,25,65
061 St.Ulrich,48,,22,17,39
061 St.Ulrich,49,,25,31,56
061 St.Ulrich,50,,16,28,44
061 St.Ulrich,51,,26,36,62
061 St.Ulrich,52,,28,32,60
061 St.Ulrich,53,,27,17,44
061 St.Ulrich,54,,11,26,37
061 St.Ulrich,55,,25,24,49
061 St.Ulrich,56,,20,26,46
061 St.Ulrich,57,,17,27,44
061 St.Ulrich,58,,30,30,60
061 St.Ulrich,59,,22,25,47
061 St.Ulrich,60,,33,25,58
061 St.Ulrich,61,,17,18,35
061 St.Ulrich,62,,28,32,60
061 St.Ulrich,63,,39,38,77
061 St.Ulrich,64,,28,37,65
061 St.Ulrich,65,,37,45,82
061 St.Ulrich,66,,32,28,60
061 St.Ulrich,67,,19,20,39
061 St.Ulrich,68,,23,25,48
061 St.Ulrich,69,,23,26,49
061 St.Ulrich,70,,24,17,41
061 St.Ulrich,71,,13,26,39
061 St.Ulrich,72,,17,13,30
061 St.Ulrich,73,,17,13,30
061 St.Ulrich,74,,14,21,35
061 St.Ulrich,75,,19,14,33
061 St.Ulrich,76,,21,9,30
061 St.Ulrich,77,,13,4,17
061 St.Ulrich,78,,15,12,27
061 St.Ulrich,79,,16,14,30
061 St.Ulrich,80,,8,13,21
061 St.Ulrich,81,,9,8,17
061 St.Ulrich,82,,7,19,26
061 St.Ulrich,83,,7,19,26
061 St.Ulrich,84,,3,16,19
061 St.Ulrich,85,,6,12,18
061 St.Ulrich,86,,4,14,18
061 St.Ulrich,87,,5,7,12
061 St.Ulrich,88,,3,6,9
061 St.Ulrich,89,,-,5,5
061 St.Ulrich,90,,3,2,5
061 St.Ulrich,91,,1,7,8
061 St.Ulrich,92,,4,4,8
061 St.Ulrich,93,,2,5,7
061 St.Ulrich,94,,3,3,6
061 St.Ulrich,95,,-,2,2
061 St.Ulrich,96,,1,1,2
061 St.Ulrich,97,,1,-,1
061 St.Ulrich,98,,1,1,2
061 St.Ulrich,99,,-,1,1
062 Partschins,0,,19,17,36
062 Partschins,1,,18,21,39
062 Partschins,2,,11,23,34
062 Partschins,3,,23,19,42
062 Partschins,4,,27,19,46
062 Partschins,5,,16,16,32
062 Partschins,6,,19,16,35
062 Partschins,7,,15,18,33
062 Partschins,8,,19,13,32
062 Partschins,9,,21,21,42
062 Partschins,10,,14,18,32
062 Partschins,11,,22,16,38
062 Partschins,12,,21,18,39
062 Partschins,13,,23,19,42
062 Partschins,14,,21,16,37
062 Partschins,15,,25,26,51
062 Partschins,16,,23,23,46
062 Partschins,17,,10,22,32
062 Partschins,18,,18,28,46
062 Partschins,19,,16,15,31
062 Partschins,20,,23,19,42
062 Partschins,21,,12,15,27
062 Partschins,22,,19,20,39
062 Partschins,23,,16,25,41
062 Partschins,24,,18,20,38
062 Partschins,25,,22,28,50
062 Partschins,26,,25,22,47
062 Partschins,27,,19,22,41
062 Partschins,28,,18,16,34
062 Partschins,29,,24,21,45
062 Partschins,30,,22,21,43
062 Partschins,31,,27,20,47
062 Partschins,32,,25,18,43
062 Partschins,33,,28,26,54
062 Partschins,34,,28,29,57
062 Partschins,35,,28,33,61
062 Partschins,36,,23,31,54
062 Partschins,37,,36,25,61
062 Partschins,38,,20,31,51
062 Partschins,39,,33,22,55
062 Partschins,40,,35,36,71
062 Partschins,41,,27,29,56
062 Partschins,42,,29,38,67
062 Partschins,43,,37,24,61
062 Partschins,44,,32,25,57
062 Partschins,45,,23,23,46
062 Partschins,46,,25,36,61
062 Partschins,47,,26,17,43
062 Partschins,48,,20,19,39
062 Partschins,49,,26,24,50
062 Partschins,50,,23,20,43
062 Partschins,51,,26,25,51
062 Partschins,52,,12,26,38
062 Partschins,53,,23,16,39
062 Partschins,54,,16,15,31
062 Partschins,55,,20,16,36
062 Partschins,56,,19,21,40
062 Partschins,57,,8,13,21
062 Partschins,58,,19,19,38
062 Partschins,59,,14,17,31
062 Partschins,60,,27,26,53
062 Partschins,61,,13,17,30
062 Partschins,62,,18,16,34
062 Partschins,63,,23,26,49
062 Partschins,64,,15,16,31
062 Partschins,65,,21,29,50
062 Partschins,66,,13,12,25
062 Partschins,67,,11,15,26
062 Partschins,68,,17,13,30
062 Partschins,69,,14,15,29
062 Partschins,70,,14,16,30
062 Partschins,71,,9,11,20
062 Partschins,72,,9,17,26
062 Partschins,73,,11,16,27
062 Partschins,74,,13,11,24
062 Partschins,75,,13,20,33
062 Partschins,76,,10,9,19
062 Partschins,77,,12,8,20
062 Partschins,78,,11,11,22
062 Partschins,79,,11,10,21
062 Partschins,80,,8,8,16
062 Partschins,81,,4,11,15
062 Partschins,82,,4,12,16
062 Partschins,83,,5,7,12
062 Partschins,84,,4,8,12
062 Partschins,85,,11,7,18
062 Partschins,86,,-,4,4
062 Partschins,87,,2,6,8
062 Partschins,88,,1,1,2
062 Partschins,89,,-,2,2
062 Partschins,90,,-,4,4
062 Partschins,91,,-,1,1
062 Partschins,92,,1,3,4
062 Partschins,93,,1,1,2
062 Partschins,94,,-,2,2
062 Partschins,101,,-,1,1
063 Percha,0,,3,3,6
063 Percha,1,,5,12,17
063 Percha,2,,11,16,27
063 Percha,3,,8,6,14
063 Percha,4,,11,7,18
063 Percha,5,,5,5,10
063 Percha,6,,11,11,22
063 Percha,7,,5,8,13
063 Percha,8,,8,8,16
063 Percha,9,,10,16,26
063 Percha,10,,9,4,13
063 Percha,11,,9,8,17
063 Percha,12,,9,12,21
063 Percha,13,,7,8,15
063 Percha,14,,12,6,18
063 Percha,15,,10,9,19
063 Percha,16,,8,6,14
063 Percha,17,,6,8,14
063 Percha,18,,6,4,10
063 Percha,19,,9,18,27
063 Percha,20,,6,7,13
063 Percha,21,,8,13,21
063 Percha,22,,16,10,26
063 Percha,23,,14,9,23
063 Percha,24,,6,10,16
063 Percha,25,,9,6,15
063 Percha,26,,12,6,18
063 Percha,27,,7,13,20
063 Percha,28,,11,14,25
063 Percha,29,,9,8,17
063 Percha,30,,14,14,28
063 Percha,31,,10,10,20
063 Percha,32,,9,13,22
063 Percha,33,,13,12,25
063 Percha,34,,15,10,25
063 Percha,35,,16,14,30
063 Percha,36,,8,10,18
063 Percha,37,,18,15,33
063 Percha,38,,16,12,28
063 Percha,39,,7,10,17
063 Percha,40,,17,6,23
063 Percha,41,,14,22,36
063 Percha,42,,16,7,23
063 Percha,43,,12,17,29
063 Percha,44,,15,10,25
063 Percha,45,,11,11,22
063 Percha,46,,10,6,16
063 Percha,47,,6,10,16
063 Percha,48,,10,11,21
063 Percha,49,,10,5,15
063 Percha,50,,7,12,19
063 Percha,51,,11,10,21
063 Percha,52,,4,4,8
063 Percha,53,,8,6,14
063 Percha,54,,4,8,12
063 Percha,55,,7,8,15
063 Percha,56,,6,8,14
063 Percha,57,,9,6,15
063 Percha,58,,4,4,8
063 Percha,59,,5,6,11
063 Percha,60,,6,8,14
063 Percha,61,,8,5,13
063 Percha,62,,14,5,19
063 Percha,63,,8,8,16
063 Percha,64,,8,7,15
063 Percha,65,,7,7,14
063 Percha,66,,5,5,10
063 Percha,67,,5,5,10
063 Percha,68,,5,9,14
063 Percha,69,,2,5,7
063 Percha,70,,3,3,6
063 Percha,71,,4,4,8
063 Percha,72,,8,6,14
063 Percha,73,,4,5,9
063 Percha,74,,5,3,8
063 Percha,75,,6,1,7
063 Percha,76,,9,3,12
063 Percha,77,,1,4,5
063 Percha,78,,2,4,6
063 Percha,79,,4,2,6
063 Percha,80,,2,5,7
063 Percha,81,,4,5,9
063 Percha,82,,-,3,3
063 Percha,83,,1,3,4
063 Percha,84,,2,-,2
063 Percha,85,,-,2,2
063 Percha,86,,-,1,1
063 Percha,88,,-,1,1
063 Percha,92,,-,2,2
064 Plaus,0,,5,2,7
064 Plaus,1,,5,1,6
064 Plaus,2,,4,1,5
064 Plaus,3,,3,1,4
064 Plaus,4,,4,6,10
064 Plaus,5,,8,4,12
064 Plaus,6,,10,3,13
064 Plaus,7,,10,5,15
064 Plaus,8,,5,7,12
064 Plaus,9,,7,5,12
064 Plaus,10,,4,2,6
064 Plaus,11,,2,2,4
064 Plaus,12,,5,1,6
064 Plaus,13,,9,4,13
064 Plaus,14,,7,6,13
064 Plaus,15,,3,10,13
064 Plaus,16,,4,3,7
064 Plaus,17,,5,7,12
064 Plaus,18,,4,2,6
064 Plaus,19,,4,2,6
064 Plaus,20,,-,4,4
064 Plaus,21,,2,3,5
064 Plaus,22,,5,-,5
064 Plaus,23,,2,4,6
064 Plaus,24,,1,3,4
064 Plaus,25,,2,7,9
064 Plaus,26,,4,3,7
064 Plaus,27,,2,4,6
064 Plaus,28,,5,2,7
064 Plaus,29,,3,6,9
064 Plaus,30,,3,2,5
064 Plaus,31,,9,3,12
064 Plaus,32,,5,9,14
064 Plaus,33,,11,5,16
064 Plaus,34,,5,4,9
064 Plaus,35,,6,7,13
064 Plaus,36,,9,4,13
064 Plaus,37,,7,9,16
064 Plaus,38,,3,9,12
064 Plaus,39,,7,11,18
064 Plaus,40,,5,5,10
064 Plaus,41,,14,2,16
064 Plaus,42,,7,9,16
064 Plaus,43,,2,5,7
064 Plaus,44,,7,5,12
064 Plaus,45,,7,2,9
064 Plaus,46,,3,6,9
064 Plaus,47,,7,2,9
064 Plaus,48,,3,3,6
064 Plaus,49,,1,2,3
064 Plaus,50,,2,1,3
064 Plaus,51,,4,5,9
064 Plaus,52,,1,1,2
064 Plaus,53,,2,5,7
064 Plaus,54,,5,2,7
064 Plaus,55,,5,3,8
064 Plaus,56,,1,2,3
064 Plaus,57,,4,3,7
064 Plaus,58,,1,3,4
064 Plaus,59,,2,5,7
064 Plaus,60,,5,2,7
064 Plaus,61,,4,1,5
064 Plaus,62,,2,3,5
064 Plaus,63,,5,1,6
064 Plaus,64,,1,4,5
064 Plaus,65,,3,3,6
064 Plaus,66,,3,1,4
064 Plaus,67,,3,2,5
064 Plaus,68,,1,1,2
064 Plaus,69,,3,2,5
064 Plaus,70,,-,1,1
064 Plaus,71,,2,2,4
064 Plaus,72,,4,1,5
064 Plaus,73,,1,3,4
064 Plaus,74,,2,3,5
064 Plaus,75,,1,1,2
064 Plaus,77,,1,1,2
064 Plaus,78,,-,1,1
064 Plaus,79,,1,1,2
064 Plaus,80,,1,1,2
064 Plaus,81,,1,-,1
064 Plaus,82,,-,3,3
064 Plaus,83,,-,2,2
064 Plaus,84,,-,1,1
064 Plaus,85,,-,1,1
064 Plaus,87,,-,2,2
064 Plaus,88,,-,1,1
064 Plaus,91,,-,1,1
065 Waidbruck,0,,2,1,3
065 Waidbruck,2,,1,-,1
065 Waidbruck,3,,-,1,1
065 Waidbruck,4,,-,1,1
065 Waidbruck,5,,1,1,2
065 Waidbruck,6,,1,2,3
065 Waidbruck,7,,2,2,4
065 Waidbruck,9,,3,3,6
065 Waidbruck,10,,2,-,2
065 Waidbruck,11,,1,4,5
065 Waidbruck,12,,3,1,4
065 Waidbruck,13,,1,1,2
065 Waidbruck,14,,-,2,2
065 Waidbruck,15,,1,-,1
065 Waidbruck,16,,1,1,2
065 Waidbruck,17,,1,1,2
065 Waidbruck,18,,-,1,1
065 Waidbruck,19,,1,1,2
065 Waidbruck,21,,1,1,2
065 Waidbruck,22,,3,1,4
065 Waidbruck,23,,1,-,1
065 Waidbruck,24,,1,-,1
065 Waidbruck,25,,1,2,3
065 Waidbruck,26,,1,-,1
065 Waidbruck,27,,1,-,1
065 Waidbruck,28,,4,1,5
065 Waidbruck,29,,1,1,2
065 Waidbruck,30,,-,1,1
065 Waidbruck,31,,2,1,3
065 Waidbruck,32,,3,1,4
065 Waidbruck,33,,-,1,1
065 Waidbruck,34,,4,1,5
065 Waidbruck,35,,2,-,2
065 Waidbruck,36,,1,1,2
065 Waidbruck,37,,3,3,6
065 Waidbruck,38,,3,1,4
065 Waidbruck,39,,2,4,6
065 Waidbruck,40,,2,3,5
065 Waidbruck,41,,4,1,5
065 Waidbruck,42,,5,-,5
065 Waidbruck,43,,2,1,3
065 Waidbruck,44,,1,-,1
065 Waidbruck,45,,1,1,2
065 Waidbruck,46,,4,1,5
065 Waidbruck,47,,4,1,5
065 Waidbruck,48,,-,1,1
065 Waidbruck,49,,3,1,4
065 Waidbruck,50,,2,-,2
065 Waidbruck,51,,2,-,2
065 Waidbruck,52,,1,-,1
065 Waidbruck,54,,1,1,2
065 Waidbruck,55,,-,1,1
065 Waidbruck,60,,-,3,3
065 Waidbruck,61,,1,1,2
065 Waidbruck,62,,2,1,3
065 Waidbruck,64,,2,-,2
065 Waidbruck,65,,-,2,2
065 Waidbruck,66,,-,3,3
065 Waidbruck,67,,1,-,1
065 Waidbruck,68,,-,2,2
065 Waidbruck,69,,1,1,2
065 Waidbruck,70,,2,2,4
065 Waidbruck,71,,-,3,3
065 Waidbruck,72,,2,1,3
065 Waidbruck,73,,1,-,1
065 Waidbruck,74,,-,3,3
065 Waidbruck,75,,1,-,1
065 Waidbruck,76,,1,-,1
065 Waidbruck,77,,-,3,3
065 Waidbruck,78,,1,1,2
065 Waidbruck,79,,2,1,3
065 Waidbruck,80,,-,1,1
065 Waidbruck,81,,1,1,2
065 Waidbruck,83,,-,2,2
065 Waidbruck,84,,-,1,1
065 Waidbruck,86,,-,1,1
065 Waidbruck,87,,-,2,2
065 Waidbruck,92,,-,1,1
065 Waidbruck,96,,-,1,1
066 Burgstall,0,,8,11,19
066 Burgstall,1,,6,9,15
066 Burgstall,2,,13,5,18
066 Burgstall,3,,9,11,20
066 Burgstall,4,,9,10,19
066 Burgstall,5,,10,9,19
066 Burgstall,6,,13,12,25
066 Burgstall,7,,9,9,18
066 Burgstall,8,,10,9,19
066 Burgstall,9,,8,6,14
066 Burgstall,10,,7,8,15
066 Burgstall,11,,10,9,19
066 Burgstall,12,,6,5,11
066 Burgstall,13,,7,10,17
066 Burgstall,14,,4,6,10
066 Burgstall,15,,6,11,17
066 Burgstall,16,,14,9,23
066 Burgstall,17,,10,3,13
066 Burgstall,18,,8,7,15
066 Burgstall,19,,9,9,18
066 Burgstall,20,,11,4,15
066 Burgstall,21,,7,12,19
066 Burgstall,22,,9,14,23
066 Burgstall,23,,10,10,20
066 Burgstall,24,,11,10,21
066 Burgstall,25,,4,7,11
066 Burgstall,26,,10,8,18
066 Burgstall,27,,7,6,13
066 Burgstall,28,,6,9,15
066 Burgstall,29,,6,15,21
066 Burgstall,30,,9,10,19
066 Burgstall,31,,17,14,31
066 Burgstall,32,,7,14,21
066 Burgstall,33,,14,16,30
066 Burgstall,34,,9,20,29
066 Burgstall,35,,17,10,27
066 Burgstall,36,,16,13,29
066 Burgstall,37,,17,9,26
066 Burgstall,38,,17,16,33
066 Burgstall,39,,11,15,26
066 Burgstall,40,,14,18,32
066 Burgstall,41,,21,19,40
066 Burgstall,42,,15,11,26
066 Burgstall,43,,16,15,31
066 Burgstall,44,,16,12,28
066 Burgstall,45,,10,17,27
066 Burgstall,46,,17,10,27
066 Burgstall,47,,9,9,18
066 Burgstall,48,,15,7,22
066 Burgstall,49,,10,8,18
066 Burgstall,50,,13,11,24
066 Burgstall,51,,7,10,17
066 Burgstall,52,,10,17,27
066 Burgstall,53,,9,9,18
066 Burgstall,54,,12,15,27
066 Burgstall,55,,14,7,21
066 Burgstall,56,,9,10,19
066 Burgstall,57,,9,5,14
066 Burgstall,58,,7,13,20
066 Burgstall,59,,8,10,18
066 Burgstall,60,,13,8,21
066 Burgstall,61,,6,9,15
066 Burgstall,62,,11,10,21
066 Burgstall,63,,11,9,20
066 Burgstall,64,,5,5,10
066 Burgstall,65,,8,4,12
066 Burgstall,66,,5,12,17
066 Burgstall,67,,7,7,14
066 Burgstall,68,,10,14,24
066 Burgstall,69,,5,11,16
066 Burgstall,70,,5,5,10
066 Burgstall,71,,7,3,10
066 Burgstall,72,,8,7,15
066 Burgstall,73,,8,4,12
066 Burgstall,74,,2,8,10
066 Burgstall,75,,6,3,9
066 Burgstall,76,,5,7,12
066 Burgstall,77,,1,4,5
066 Burgstall,78,,4,6,10
066 Burgstall,79,,2,11,13
066 Burgstall,80,,4,8,12
066 Burgstall,81,,5,5,10
066 Burgstall,82,,1,5,6
066 Burgstall,83,,4,3,7
066 Burgstall,84,,4,5,9
066 Burgstall,85,,1,-,1
066 Burgstall,86,,1,3,4
066 Burgstall,87,,1,2,3
066 Burgstall,88,,-,1,1
066 Burgstall,89,,1,-,1
066 Burgstall,90,,-,2,2
066 Burgstall,91,,1,2,3
066 Burgstall,92,,-,2,2
066 Burgstall,96,,-,1,1
067 Prad am Stilfser Joch,0,,16,19,35
067 Prad am Stilfser Joch,1,,21,13,34
067 Prad am Stilfser Joch,2,,20,21,41
067 Prad am Stilfser Joch,3,,17,11,28
067 Prad am Stilfser Joch,4,,10,15,25
067 Prad am Stilfser Joch,5,,23,15,38
067 Prad am Stilfser Joch,6,,17,16,33
067 Prad am Stilfser Joch,7,,17,18,35
067 Prad am Stilfser Joch,8,,21,21,42
067 Prad am Stilfser Joch,9,,24,16,40
067 Prad am Stilfser Joch,10,,23,19,42
067 Prad am Stilfser Joch,11,,20,13,33
067 Prad am Stilfser Joch,12,,22,28,50
067 Prad am Stilfser Joch,13,,22,28,50
067 Prad am Stilfser Joch,14,,19,20,39
067 Prad am Stilfser Joch,15,,20,11,31
067 Prad am Stilfser Joch,16,,20,21,41
067 Prad am Stilfser Joch,17,,20,22,42
067 Prad am Stilfser Joch,18,,31,17,48
067 Prad am Stilfser Joch,19,,13,19,32
067 Prad am Stilfser Joch,20,,28,28,56
067 Prad am Stilfser Joch,21,,28,22,50
067 Prad am Stilfser Joch,22,,30,29,59
067 Prad am Stilfser Joch,23,,29,29,58
067 Prad am Stilfser Joch,24,,28,27,55
067 Prad am Stilfser Joch,25,,23,25,48
067 Prad am Stilfser Joch,26,,27,19,46
067 Prad am Stilfser Joch,27,,18,18,36
067 Prad am Stilfser Joch,28,,25,18,43
067 Prad am Stilfser Joch,29,,17,36,53
067 Prad am Stilfser Joch,30,,24,21,45
067 Prad am Stilfser Joch,31,,20,16,36
067 Prad am Stilfser Joch,32,,33,17,50
067 Prad am Stilfser Joch,33,,21,40,61
067 Prad am Stilfser Joch,34,,27,23,50
067 Prad am Stilfser Joch,35,,30,21,51
067 Prad am Stilfser Joch,36,,25,22,47
067 Prad am Stilfser Joch,37,,30,26,56
067 Prad am Stilfser Joch,38,,31,32,63
067 Prad am Stilfser Joch,39,,21,26,47
067 Prad am Stilfser Joch,40,,37,28,65
067 Prad am Stilfser Joch,41,,34,26,60
067 Prad am Stilfser Joch,42,,26,29,55
067 Prad am Stilfser Joch,43,,27,11,38
067 Prad am Stilfser Joch,44,,27,31,58
067 Prad am Stilfser Joch,45,,22,27,49
067 Prad am Stilfser Joch,46,,18,25,43
067 Prad am Stilfser Joch,47,,33,14,47
067 Prad am Stilfser Joch,48,,21,29,50
067 Prad am Stilfser Joch,49,,27,26,53
067 Prad am Stilfser Joch,50,,24,24,48
067 Prad am Stilfser Joch,51,,25,17,42
067 Prad am Stilfser Joch,52,,29,17,46
067 Prad am Stilfser Joch,53,,25,18,43
067 Prad am Stilfser Joch,54,,15,19,34
067 Prad am Stilfser Joch,55,,20,22,42
067 Prad am Stilfser Joch,56,,21,17,38
067 Prad am Stilfser Joch,57,,21,20,41
067 Prad am Stilfser Joch,58,,19,10,29
067 Prad am Stilfser Joch,59,,15,12,27
067 Prad am Stilfser Joch,60,,17,14,31
067 Prad am Stilfser Joch,61,,15,11,26
067 Prad am Stilfser Joch,62,,10,15,25
067 Prad am Stilfser Joch,63,,25,17,42
067 Prad am Stilfser Joch,64,,15,16,31
067 Prad am Stilfser Joch,65,,24,9,33
067 Prad am Stilfser Joch,66,,8,17,25
067 Prad am Stilfser Joch,67,,13,14,27
067 Prad am Stilfser Joch,68,,18,14,32
067 Prad am Stilfser Joch,69,,9,12,21
067 Prad am Stilfser Joch,70,,10,10,20
067 Prad am Stilfser Joch,71,,15,13,28
067 Prad am Stilfser Joch,72,,7,22,29
067 Prad am Stilfser Joch,73,,12,11,23
067 Prad am Stilfser Joch,74,,11,19,30
067 Prad am Stilfser Joch,75,,6,14,20
067 Prad am Stilfser Joch,76,,12,12,24
067 Prad am Stilfser Joch,77,,9,13,22
067 Prad am Stilfser Joch,78,,6,9,15
067 Prad am Stilfser Joch,79,,5,10,15
067 Prad am Stilfser Joch,80,,8,11,19
067 Prad am Stilfser Joch,81,,7,5,12
067 Prad am Stilfser Joch,82,,2,10,12
067 Prad am Stilfser Joch,83,,2,10,12
067 Prad am Stilfser Joch,84,,5,10,15
067 Prad am Stilfser Joch,85,,4,6,10
067 Prad am Stilfser Joch,86,,4,4,8
067 Prad am Stilfser Joch,87,,4,4,8
067 Prad am Stilfser Joch,88,,1,2,3
067 Prad am Stilfser Joch,89,,-,4,4
067 Prad am Stilfser Joch,90,,-,2,2
067 Prad am Stilfser Joch,91,,1,-,1
067 Prad am Stilfser Joch,92,,-,2,2
067 Prad am Stilfser Joch,93,,-,1,1
067 Prad am Stilfser Joch,94,,2,2,4
067 Prad am Stilfser Joch,95,,-,1,1
067 Prad am Stilfser Joch,96,,-,1,1
068 Prettau,0,,5,5,10
068 Prettau,1,,2,1,3
068 Prettau,2,,4,5,9
068 Prettau,3,,2,4,6
068 Prettau,4,,1,3,4
068 Prettau,5,,3,5,8
068 Prettau,6,,2,4,6
068 Prettau,7,,6,6,12
068 Prettau,8,,6,4,10
068 Prettau,9,,1,5,6
068 Prettau,10,,1,2,3
068 Prettau,11,,4,4,8
068 Prettau,12,,4,7,11
068 Prettau,13,,3,5,8
068 Prettau,14,,3,3,6
068 Prettau,15,,1,4,5
068 Prettau,16,,1,7,8
068 Prettau,17,,-,3,3
068 Prettau,18,,5,3,8
068 Prettau,19,,5,1,6
068 Prettau,20,,1,2,3
068 Prettau,21,,2,1,3
068 Prettau,22,,3,6,9
068 Prettau,23,,4,2,6
068 Prettau,24,,2,1,3
068 Prettau,25,,2,1,3
068 Prettau,26,,5,4,9
068 Prettau,27,,6,3,9
068 Prettau,28,,1,2,3
068 Prettau,29,,4,3,7
068 Prettau,30,,1,2,3
068 Prettau,31,,4,2,6
068 Prettau,32,,5,-,5
068 Prettau,33,,6,6,12
068 Prettau,34,,9,4,13
068 Prettau,35,,4,6,10
068 Prettau,36,,3,6,9
068 Prettau,37,,7,6,13
068 Prettau,38,,3,3,6
068 Prettau,39,,10,4,14
068 Prettau,40,,7,1,8
068 Prettau,41,,5,10,15
068 Prettau,42,,8,6,14
068 Prettau,43,,6,6,12
068 Prettau,44,,2,5,7
068 Prettau,45,,5,5,10
068 Prettau,46,,7,4,11
068 Prettau,47,,5,2,7
068 Prettau,48,,7,-,7
068 Prettau,49,,4,1,5
068 Prettau,50,,6,5,11
068 Prettau,51,,6,5,11
068 Prettau,52,,5,2,7
068 Prettau,53,,3,3,6
068 Prettau,54,,4,3,7
068 Prettau,55,,3,2,5
068 Prettau,56,,2,2,4
068 Prettau,57,,2,3,5
068 Prettau,58,,2,1,3
068 Prettau,59,,4,5,9
068 Prettau,60,,7,4,11
068 Prettau,61,,1,3,4
068 Prettau,62,,6,5,11
068 Prettau,63,,3,2,5
068 Prettau,64,,3,2,5
068 Prettau,65,,3,3,6
068 Prettau,66,,4,5,9
068 Prettau,67,,4,3,7
068 Prettau,68,,5,6,11
068 Prettau,69,,2,6,8
068 Prettau,70,,3,3,6
068 Prettau,71,,6,2,8
068 Prettau,72,,1,3,4
068 Prettau,73,,3,3,6
068 Prettau,74,,3,-,3
068 Prettau,75,,2,1,3
068 Prettau,76,,5,4,9
068 Prettau,77,,4,5,9
068 Prettau,78,,-,2,2
068 Prettau,79,,3,1,4
068 Prettau,80,,1,7,8
068 Prettau,81,,1,1,2
068 Prettau,82,,1,1,2
068 Prettau,83,,-,1,1
068 Prettau,84,,2,-,2
068 Prettau,85,,-,2,2
068 Prettau,86,,1,-,1
068 Prettau,87,,2,-,2
068 Prettau,88,,1,1,2
068 Prettau,89,,1,-,1
068 Prettau,90,,2,2,4
068 Prettau,93,,-,1,1
068 Prettau,100,,-,1,1
068 Prettau,101,,-,1,1
069 Proveis,0,,1,2,3
069 Proveis,1,,-,4,4
069 Proveis,2,,2,2,4
069 Proveis,3,,1,1,2
069 Proveis,4,,4,-,4
069 Proveis,5,,1,1,2
069 Proveis,6,,-,1,1
069 Proveis,7,,4,-,4
069 Proveis,8,,2,2,4
069 Proveis,9,,1,2,3
069 Proveis,10,,1,1,2
069 Proveis,11,,-,5,5
069 Proveis,12,,2,-,2
069 Proveis,13,,2,1,3
069 Proveis,14,,3,1,4
069 Proveis,15,,3,2,5
069 Proveis,16,,-,1,1
069 Proveis,17,,1,1,2
069 Proveis,18,,2,3,5
069 Proveis,19,,2,2,4
069 Proveis,20,,3,1,4
069 Proveis,21,,5,-,5
069 Proveis,22,,3,3,6
069 Proveis,23,,3,3,6
069 Proveis,24,,2,-,2
069 Proveis,25,,2,2,4
069 Proveis,27,,3,1,4
069 Proveis,28,,2,1,3
069 Proveis,29,,2,3,5
069 Proveis,30,,3,2,5
069 Proveis,31,,2,-,2
069 Proveis,32,,4,2,6
069 Proveis,33,,2,1,3
069 Proveis,34,,1,1,2
069 Proveis,35,,-,2,2
069 Proveis,36,,3,3,6
069 Proveis,37,,3,4,7
069 Proveis,38,,5,1,6
069 Proveis,39,,2,2,4
069 Proveis,40,,2,2,4
069 Proveis,41,,1,1,2
069 Proveis,42,,4,-,4
069 Proveis,43,,4,2,6
069 Proveis,44,,4,2,6
069 Proveis,45,,3,1,4
069 Proveis,46,,-,4,4
069 Proveis,47,,4,-,4
069 Proveis,48,,1,3,4
069 Proveis,49,,2,2,4
069 Proveis,50,,4,1,5
069 Proveis,51,,4,4,8
069 Proveis,52,,3,2,5
069 Proveis,53,,1,1,2
069 Proveis,54,,2,3,5
069 Proveis,55,,2,-,2
069 Proveis,56,,1,1,2
069 Proveis,57,,1,-,1
069 Proveis,58,,2,1,3
069 Proveis,59,,2,2,4
069 Proveis,60,,3,-,3
069 Proveis,61,,1,1,2
069 Proveis,62,,2,-,2
069 Proveis,63,,2,1,3
069 Proveis,64,,1,1,2
069 Proveis,65,,1,1,2
069 Proveis,66,,3,-,3
069 Proveis,67,,1,3,4
069 Proveis,68,,-,2,2
069 Proveis,69,,1,1,2
069 Proveis,70,,2,1,3
069 Proveis,71,,1,1,2
069 Proveis,72,,-,1,1
069 Proveis,73,,-,2,2
069 Proveis,74,,-,1,1
069 Proveis,75,,1,1,2
069 Proveis,77,,2,3,5
069 Proveis,78,,3,1,4
069 Proveis,79,,-,1,1
069 Proveis,81,,-,1,1
069 Proveis,82,,1,-,1
069 Proveis,84,,-,2,2
069 Proveis,85,,-,3,3
069 Proveis,86,,-,1,1
070 Ratschings,0,,26,22,48
070 Ratschings,1,,25,33,58
070 Ratschings,2,,36,28,64
070 Ratschings,3,,31,23,54
070 Ratschings,4,,16,28,44
070 Ratschings,5,,26,35,61
070 Ratschings,6,,36,25,61
070 Ratschings,7,,28,21,49
070 Ratschings,8,,33,21,54
070 Ratschings,9,,38,35,73
070 Ratschings,10,,30,34,64
070 Ratschings,11,,30,25,55
070 Ratschings,12,,23,27,50
070 Ratschings,13,,25,21,46
070 Ratschings,14,,39,30,69
070 Ratschings,15,,23,22,45
070 Ratschings,16,,31,27,58
070 Ratschings,17,,26,19,45
070 Ratschings,18,,34,28,62
070 Ratschings,19,,28,31,59
070 Ratschings,20,,30,25,55
070 Ratschings,21,,28,33,61
070 Ratschings,22,,25,21,46
070 Ratschings,23,,30,21,51
070 Ratschings,24,,34,25,59
070 Ratschings,25,,28,27,55
070 Ratschings,26,,26,27,53
070 Ratschings,27,,33,26,59
070 Ratschings,28,,33,24,57
070 Ratschings,29,,34,22,56
070 Ratschings,30,,23,30,53
070 Ratschings,31,,33,33,66
070 Ratschings,32,,40,28,68
070 Ratschings,33,,33,32,65
070 Ratschings,34,,39,36,75
070 Ratschings,35,,41,43,84
070 Ratschings,36,,32,41,73
070 Ratschings,37,,39,45,84
070 Ratschings,38,,48,39,87
070 Ratschings,39,,37,41,78
070 Ratschings,40,,44,46,90
070 Ratschings,41,,35,44,79
070 Ratschings,42,,51,37,88
070 Ratschings,43,,46,28,74
070 Ratschings,44,,34,40,74
070 Ratschings,45,,34,27,61
070 Ratschings,46,,40,24,64
070 Ratschings,47,,39,25,64
070 Ratschings,48,,29,23,52
070 Ratschings,49,,33,18,51
070 Ratschings,50,,35,19,54
070 Ratschings,51,,14,32,46
070 Ratschings,52,,27,15,42
070 Ratschings,53,,21,23,44
070 Ratschings,54,,21,19,40
070 Ratschings,55,,17,14,31
070 Ratschings,56,,25,21,46
070 Ratschings,57,,24,23,47
070 Ratschings,58,,28,18,46
070 Ratschings,59,,17,16,33
070 Ratschings,60,,23,7,30
070 Ratschings,61,,18,18,36
070 Ratschings,62,,16,11,27
070 Ratschings,63,,18,12,30
070 Ratschings,64,,19,18,37
070 Ratschings,65,,21,18,39
070 Ratschings,66,,17,16,33
070 Ratschings,67,,16,16,32
070 Ratschings,68,,14,20,34
070 Ratschings,69,,20,9,29
070 Ratschings,70,,14,13,27
070 Ratschings,71,,13,16,29
070 Ratschings,72,,12,9,21
070 Ratschings,73,,14,19,33
070 Ratschings,74,,14,12,26
070 Ratschings,75,,10,10,20
070 Ratschings,76,,10,16,26
070 Ratschings,77,,7,21,28
070 Ratschings,78,,8,11,19
070 Ratschings,79,,11,11,22
070 Ratschings,80,,10,11,21
070 Ratschings,81,,8,8,16
070 Ratschings,82,,5,10,15
070 Ratschings,83,,5,7,12
070 Ratschings,84,,3,9,12
070 Ratschings,85,,2,8,10
070 Ratschings,86,,2,7,9
070 Ratschings,87,,1,2,3
070 Ratschings,88,,-,4,4
070 Ratschings,90,,2,1,3
070 Ratschings,91,,-,1,1
070 Ratschings,92,,-,2,2
070 Ratschings,93,,1,-,1
071 Rasen-Antholz,0,,15,19,34
071 Rasen-Antholz,1,,25,15,40
071 Rasen-Antholz,2,,12,17,29
071 Rasen-Antholz,3,,9,23,32
071 Rasen-Antholz,4,,15,23,38
071 Rasen-Antholz,5,,18,20,38
071 Rasen-Antholz,6,,26,21,47
071 Rasen-Antholz,7,,13,18,31
071 Rasen-Antholz,8,,18,14,32
071 Rasen-Antholz,9,,27,19,46
071 Rasen-Antholz,10,,27,17,44
071 Rasen-Antholz,11,,8,14,22
071 Rasen-Antholz,12,,20,11,31
071 Rasen-Antholz,13,,19,14,33
071 Rasen-Antholz,14,,26,19,45
071 Rasen-Antholz,15,,14,14,28
071 Rasen-Antholz,16,,15,27,42
071 Rasen-Antholz,17,,19,17,36
071 Rasen-Antholz,18,,20,19,39
071 Rasen-Antholz,19,,26,10,36
071 Rasen-Antholz,20,,17,20,37
071 Rasen-Antholz,21,,24,13,37
071 Rasen-Antholz,22,,18,16,34
071 Rasen-Antholz,23,,14,17,31
071 Rasen-Antholz,24,,22,21,43
071 Rasen-Antholz,25,,15,15,30
071 Rasen-Antholz,26,,18,14,32
071 Rasen-Antholz,27,,17,22,39
071 Rasen-Antholz,28,,17,19,36
071 Rasen-Antholz,29,,16,18,34
071 Rasen-Antholz,30,,22,16,38
071 Rasen-Antholz,31,,20,25,45
071 Rasen-Antholz,32,,26,20,46
071 Rasen-Antholz,33,,31,23,54
071 Rasen-Antholz,34,,27,20,47
071 Rasen-Antholz,35,,24,24,48
071 Rasen-Antholz,36,,24,24,48
071 Rasen-Antholz,37,,26,27,53
071 Rasen-Antholz,38,,26,26,52
071 Rasen-Antholz,39,,26,28,54
071 Rasen-Antholz,40,,29,18,47
071 Rasen-Antholz,41,,34,24,58
071 Rasen-Antholz,42,,29,25,54
071 Rasen-Antholz,43,,20,22,42
071 Rasen-Antholz,44,,27,20,47
071 Rasen-Antholz,45,,19,25,44
071 Rasen-Antholz,46,,21,24,45
071 Rasen-Antholz,47,,26,19,45
071 Rasen-Antholz,48,,23,15,38
071 Rasen-Antholz,49,,22,11,33
071 Rasen-Antholz,50,,18,14,32
071 Rasen-Antholz,51,,18,14,32
071 Rasen-Antholz,52,,14,13,27
071 Rasen-Antholz,53,,15,9,24
071 Rasen-Antholz,54,,12,15,27
071 Rasen-Antholz,55,,12,12,24
071 Rasen-Antholz,56,,13,8,21
071 Rasen-Antholz,57,,14,8,22
071 Rasen-Antholz,58,,14,10,24
071 Rasen-Antholz,59,,9,14,23
071 Rasen-Antholz,60,,10,14,24
071 Rasen-Antholz,61,,11,10,21
071 Rasen-Antholz,62,,10,8,18
071 Rasen-Antholz,63,,13,12,25
071 Rasen-Antholz,64,,11,14,25
071 Rasen-Antholz,65,,15,12,27
071 Rasen-Antholz,66,,10,17,27
071 Rasen-Antholz,67,,16,13,29
071 Rasen-Antholz,68,,13,8,21
071 Rasen-Antholz,69,,9,11,20
071 Rasen-Antholz,70,,9,12,21
071 Rasen-Antholz,71,,10,8,18
071 Rasen-Antholz,72,,12,10,22
071 Rasen-Antholz,73,,10,15,25
071 Rasen-Antholz,74,,12,11,23
071 Rasen-Antholz,75,,13,15,28
071 Rasen-Antholz,76,,4,9,13
071 Rasen-Antholz,77,,9,4,13
071 Rasen-Antholz,78,,4,3,7
071 Rasen-Antholz,79,,6,8,14
071 Rasen-Antholz,80,,5,6,11
071 Rasen-Antholz,81,,7,11,18
071 Rasen-Antholz,82,,4,10,14
071 Rasen-Antholz,83,,-,10,10
071 Rasen-Antholz,84,,4,5,9
071 Rasen-Antholz,85,,5,4,9
071 Rasen-Antholz,86,,2,5,7
071 Rasen-Antholz,87,,1,4,5
071 Rasen-Antholz,88,,-,3,3
071 Rasen-Antholz,89,,1,2,3
071 Rasen-Antholz,90,,-,1,1
071 Rasen-Antholz,91,,2,1,3
071 Rasen-Antholz,92,,1,1,2
071 Rasen-Antholz,93,,-,2,2
071 Rasen-Antholz,94,,1,1,2
071 Rasen-Antholz,95,,-,1,1
071 Rasen-Antholz,96,,-,1,1
071 Rasen-Antholz,97,,-,1,1
071 Rasen-Antholz,101,,-,1,1
072 Ritten,0,,49,48,97
072 Ritten,1,,39,47,86
072 Ritten,2,,47,50,97
072 Ritten,3,,44,39,83
072 Ritten,4,,31,48,79
072 Ritten,5,,52,45,97
072 Ritten,6,,45,44,89
072 Ritten,7,,51,54,105
072 Ritten,8,,42,44,86
072 Ritten,9,,57,52,109
072 Ritten,10,,39,50,89
072 Ritten,11,,56,43,99
072 Ritten,12,,61,46,107
072 Ritten,13,,57,50,107
072 Ritten,14,,45,69,114
072 Ritten,15,,61,50,111
072 Ritten,16,,59,45,104
072 Ritten,17,,53,41,94
072 Ritten,18,,57,51,108
072 Ritten,19,,50,41,91
072 Ritten,20,,49,44,93
072 Ritten,21,,43,50,93
072 Ritten,22,,46,23,69
072 Ritten,23,,51,43,94
072 Ritten,24,,41,57,98
072 Ritten,25,,49,49,98
072 Ritten,26,,46,39,85
072 Ritten,27,,52,43,95
072 Ritten,28,,44,35,79
072 Ritten,29,,59,37,96
072 Ritten,30,,43,47,90
072 Ritten,31,,59,40,99
072 Ritten,32,,59,58,117
072 Ritten,33,,60,47,107
072 Ritten,34,,53,58,111
072 Ritten,35,,50,63,113
072 Ritten,36,,52,70,122
072 Ritten,37,,46,69,115
072 Ritten,38,,69,62,131
072 Ritten,39,,67,49,116
072 Ritten,40,,64,47,111
072 Ritten,41,,79,42,121
072 Ritten,42,,64,58,122
072 Ritten,43,,60,53,113
072 Ritten,44,,53,61,114
072 Ritten,45,,49,57,106
072 Ritten,46,,64,58,122
072 Ritten,47,,68,51,119
072 Ritten,48,,37,46,83
072 Ritten,49,,41,40,81
072 Ritten,50,,47,42,89
072 Ritten,51,,51,39,90
072 Ritten,52,,37,32,69
072 Ritten,53,,49,32,81
072 Ritten,54,,41,43,84
072 Ritten,55,,43,35,78
072 Ritten,56,,34,43,77
072 Ritten,57,,35,46,81
072 Ritten,58,,48,32,80
072 Ritten,59,,33,31,64
072 Ritten,60,,27,37,64
072 Ritten,61,,20,26,46
072 Ritten,62,,34,39,73
072 Ritten,63,,34,38,72
072 Ritten,64,,46,33,79
072 Ritten,65,,37,38,75
072 Ritten,66,,34,24,58
072 Ritten,67,,37,31,68
072 Ritten,68,,34,33,67
072 Ritten,69,,25,26,51
072 Ritten,70,,21,24,45
072 Ritten,71,,23,29,52
072 Ritten,72,,25,28,53
072 Ritten,73,,16,26,42
072 Ritten,74,,18,21,39
072 Ritten,75,,14,30,44
072 Ritten,76,,12,21,33
072 Ritten,77,,21,19,40
072 Ritten,78,,16,12,28
072 Ritten,79,,14,17,31
072 Ritten,80,,12,19,31
072 Ritten,81,,7,32,39
072 Ritten,82,,12,23,35
072 Ritten,83,,16,25,41
072 Ritten,84,,3,18,21
072 Ritten,85,,7,16,23
072 Ritten,86,,5,16,21
072 Ritten,87,,5,11,16
072 Ritten,88,,1,5,6
072 Ritten,89,,2,6,8
072 Ritten,90,,-,2,2
072 Ritten,91,,3,6,9
072 Ritten,92,,1,3,4
072 Ritten,93,,3,4,7
072 Ritten,94,,1,1,2
072 Ritten,95,,2,1,3
072 Ritten,96,,1,1,2
072 Ritten,97,,1,-,1
072 Ritten,99,,-,1,1
073 Riffian,0,,6,7,13
073 Riffian,1,,9,6,15
073 Riffian,2,,6,4,10
073 Riffian,3,,7,5,12
073 Riffian,4,,7,4,11
073 Riffian,5,,11,9,20
073 Riffian,6,,10,7,17
073 Riffian,7,,7,10,17
073 Riffian,8,,11,8,19
073 Riffian,9,,10,7,17
073 Riffian,10,,6,6,12
073 Riffian,11,,6,10,16
073 Riffian,12,,5,8,13
073 Riffian,13,,6,5,11
073 Riffian,14,,8,9,17
073 Riffian,15,,8,14,22
073 Riffian,16,,6,7,13
073 Riffian,17,,13,4,17
073 Riffian,18,,6,11,17
073 Riffian,19,,4,8,12
073 Riffian,20,,7,6,13
073 Riffian,21,,8,2,10
073 Riffian,22,,8,7,15
073 Riffian,23,,8,9,17
073 Riffian,24,,8,11,19
073 Riffian,25,,8,8,16
073 Riffian,26,,5,7,12
073 Riffian,27,,7,9,16
073 Riffian,28,,13,5,18
073 Riffian,29,,15,16,31
073 Riffian,30,,10,1,11
073 Riffian,31,,10,12,22
073 Riffian,32,,11,8,19
073 Riffian,33,,7,7,14
073 Riffian,34,,10,22,32
073 Riffian,35,,14,14,28
073 Riffian,36,,8,9,17
073 Riffian,37,,10,13,23
073 Riffian,38,,8,13,21
073 Riffian,39,,12,11,23
073 Riffian,40,,13,5,18
073 Riffian,41,,10,4,14
073 Riffian,42,,8,7,15
073 Riffian,43,,16,12,28
073 Riffian,44,,11,10,21
073 Riffian,45,,9,8,17
073 Riffian,46,,15,6,21
073 Riffian,47,,8,14,22
073 Riffian,48,,7,6,13
073 Riffian,49,,7,11,18
073 Riffian,50,,10,5,15
073 Riffian,51,,5,8,13
073 Riffian,52,,11,6,17
073 Riffian,53,,8,5,13
073 Riffian,54,,7,4,11
073 Riffian,55,,5,10,15
073 Riffian,56,,4,4,8
073 Riffian,57,,6,7,13
073 Riffian,58,,6,3,9
073 Riffian,59,,3,4,7
073 Riffian,60,,2,7,9
073 Riffian,61,,6,3,9
073 Riffian,62,,8,9,17
073 Riffian,63,,8,7,15
073 Riffian,64,,12,7,19
073 Riffian,65,,7,3,10
073 Riffian,66,,4,3,7
073 Riffian,67,,4,9,13
073 Riffian,68,,8,4,12
073 Riffian,69,,4,5,9
073 Riffian,70,,3,5,8
073 Riffian,71,,-,3,3
073 Riffian,72,,1,3,4
073 Riffian,73,,5,5,10
073 Riffian,74,,2,4,6
073 Riffian,75,,4,9,13
073 Riffian,76,,4,3,7
073 Riffian,77,,2,7,9
073 Riffian,78,,3,5,8
073 Riffian,79,,3,5,8
073 Riffian,80,,4,3,7
073 Riffian,81,,4,3,7
073 Riffian,82,,4,2,6
073 Riffian,83,,2,6,8
073 Riffian,84,,1,-,1
073 Riffian,85,,1,3,4
073 Riffian,86,,-,2,2
073 Riffian,88,,1,-,1
073 Riffian,89,,-,2,2
073 Riffian,91,,-,1,1
073 Riffian,92,,1,1,2
073 Riffian,96,,1,-,1
073 Riffian,98,,-,1,1
074 Mühlbach,0,,14,8,22
074 Mühlbach,1,,15,12,27
074 Mühlbach,2,,17,19,36
074 Mühlbach,3,,21,11,32
074 Mühlbach,4,,18,17,35
074 Mühlbach,5,,13,20,33
074 Mühlbach,6,,17,20,37
074 Mühlbach,7,,17,13,30
074 Mühlbach,8,,19,16,35
074 Mühlbach,9,,17,17,34
074 Mühlbach,10,,16,18,34
074 Mühlbach,11,,14,15,29
074 Mühlbach,12,,21,14,35
074 Mühlbach,13,,18,20,38
074 Mühlbach,14,,15,24,39
074 Mühlbach,15,,14,20,34
074 Mühlbach,16,,15,15,30
074 Mühlbach,17,,15,21,36
074 Mühlbach,18,,21,17,38
074 Mühlbach,19,,22,12,34
074 Mühlbach,20,,15,9,24
074 Mühlbach,21,,18,17,35
074 Mühlbach,22,,16,23,39
074 Mühlbach,23,,19,17,36
074 Mühlbach,24,,24,25,49
074 Mühlbach,25,,23,15,38
074 Mühlbach,26,,18,13,31
074 Mühlbach,27,,19,14,33
074 Mühlbach,28,,30,28,58
074 Mühlbach,29,,21,20,41
074 Mühlbach,30,,19,23,42
074 Mühlbach,31,,15,20,35
074 Mühlbach,32,,16,16,32
074 Mühlbach,33,,23,17,40
074 Mühlbach,34,,24,20,44
074 Mühlbach,35,,26,23,49
074 Mühlbach,36,,24,12,36
074 Mühlbach,37,,26,33,59
074 Mühlbach,38,,38,16,54
074 Mühlbach,39,,23,19,42
074 Mühlbach,40,,28,17,45
074 Mühlbach,41,,21,25,46
074 Mühlbach,42,,14,23,37
074 Mühlbach,43,,20,20,40
074 Mühlbach,44,,22,16,38
074 Mühlbach,45,,25,22,47
074 Mühlbach,46,,21,14,35
074 Mühlbach,47,,21,17,38
074 Mühlbach,48,,19,12,31
074 Mühlbach,49,,17,22,39
074 Mühlbach,50,,20,22,42
074 Mühlbach,51,,21,16,37
074 Mühlbach,52,,14,21,35
074 Mühlbach,53,,19,17,36
074 Mühlbach,54,,15,20,35
074 Mühlbach,55,,12,21,33
074 Mühlbach,56,,21,18,39
074 Mühlbach,57,,15,13,28
074 Mühlbach,58,,17,13,30
074 Mühlbach,59,,10,19,29
074 Mühlbach,60,,21,12,33
074 Mühlbach,61,,9,8,17
074 Mühlbach,62,,14,12,26
074 Mühlbach,63,,11,10,21
074 Mühlbach,64,,17,13,30
074 Mühlbach,65,,17,16,33
074 Mühlbach,66,,13,10,23
074 Mühlbach,67,,11,17,28
074 Mühlbach,68,,14,7,21
074 Mühlbach,69,,5,11,16
074 Mühlbach,70,,7,7,14
074 Mühlbach,71,,8,10,18
074 Mühlbach,72,,12,13,25
074 Mühlbach,73,,9,10,19
074 Mühlbach,74,,6,10,16
074 Mühlbach,75,,6,11,17
074 Mühlbach,76,,10,7,17
074 Mühlbach,77,,7,1,8
074 Mühlbach,78,,8,16,24
074 Mühlbach,79,,5,7,12
074 Mühlbach,80,,6,7,13
074 Mühlbach,81,,4,6,10
074 Mühlbach,82,,3,5,8
074 Mühlbach,83,,5,5,10
074 Mühlbach,84,,2,11,13
074 Mühlbach,85,,1,3,4
074 Mühlbach,86,,2,7,9
074 Mühlbach,87,,1,4,5
074 Mühlbach,88,,-,1,1
074 Mühlbach,89,,-,1,1
074 Mühlbach,92,,-,1,1
074 Mühlbach,93,,1,2,3
074 Mühlbach,94,,-,1,1
074 Mühlbach,99,,-,1,1
074 Mühlbach,101,,-,1,1
075 Rodeneck,0,,4,4,8
075 Rodeneck,1,,11,6,17
075 Rodeneck,2,,5,4,9
075 Rodeneck,3,,9,7,16
075 Rodeneck,4,,8,3,11
075 Rodeneck,5,,10,3,13
075 Rodeneck,6,,7,15,22
075 Rodeneck,7,,8,9,17
075 Rodeneck,8,,12,7,19
075 Rodeneck,9,,10,7,17
075 Rodeneck,10,,12,9,21
075 Rodeneck,11,,4,9,13
075 Rodeneck,12,,7,10,17
075 Rodeneck,13,,6,7,13
075 Rodeneck,14,,9,10,19
075 Rodeneck,15,,6,8,14
075 Rodeneck,16,,12,8,20
075 Rodeneck,17,,7,5,12
075 Rodeneck,18,,12,8,20
075 Rodeneck,19,,6,5,11
075 Rodeneck,20,,9,12,21
075 Rodeneck,21,,13,8,21
075 Rodeneck,22,,16,10,26
075 Rodeneck,23,,10,7,17
075 Rodeneck,24,,6,5,11
075 Rodeneck,25,,11,5,16
075 Rodeneck,26,,8,10,18
075 Rodeneck,27,,9,3,12
075 Rodeneck,28,,6,9,15
075 Rodeneck,29,,8,8,16
075 Rodeneck,30,,8,9,17
075 Rodeneck,31,,8,8,16
075 Rodeneck,32,,8,6,14
075 Rodeneck,33,,14,10,24
075 Rodeneck,34,,10,8,18
075 Rodeneck,35,,14,5,19
075 Rodeneck,36,,10,11,21
075 Rodeneck,37,,15,11,26
075 Rodeneck,38,,8,11,19
075 Rodeneck,39,,12,10,22
075 Rodeneck,40,,14,8,22
075 Rodeneck,41,,8,7,15
075 Rodeneck,42,,11,12,23
075 Rodeneck,43,,9,8,17
075 Rodeneck,44,,9,11,20
075 Rodeneck,45,,11,11,22
075 Rodeneck,46,,6,10,16
075 Rodeneck,47,,10,6,16
075 Rodeneck,48,,8,5,13
075 Rodeneck,49,,6,6,12
075 Rodeneck,50,,8,4,12
075 Rodeneck,51,,7,6,13
075 Rodeneck,52,,11,3,14
075 Rodeneck,53,,3,1,4
075 Rodeneck,54,,7,5,12
075 Rodeneck,55,,3,2,5
075 Rodeneck,56,,1,7,8
075 Rodeneck,57,,2,5,7
075 Rodeneck,58,,4,7,11
075 Rodeneck,59,,5,4,9
075 Rodeneck,60,,10,7,17
075 Rodeneck,61,,-,5,5
075 Rodeneck,62,,5,5,10
075 Rodeneck,63,,2,2,4
075 Rodeneck,64,,2,6,8
075 Rodeneck,65,,10,3,13
075 Rodeneck,66,,5,4,9
075 Rodeneck,67,,3,9,12
075 Rodeneck,68,,3,3,6
075 Rodeneck,69,,2,4,6
075 Rodeneck,70,,3,5,8
075 Rodeneck,71,,5,2,7
075 Rodeneck,72,,1,10,11
075 Rodeneck,73,,3,-,3
075 Rodeneck,74,,6,5,11
075 Rodeneck,75,,4,4,8
075 Rodeneck,76,,4,5,9
075 Rodeneck,77,,7,2,9
075 Rodeneck,78,,4,4,8
075 Rodeneck,79,,3,5,8
075 Rodeneck,80,,2,4,6
075 Rodeneck,81,,2,7,9
075 Rodeneck,82,,3,4,7
075 Rodeneck,83,,2,1,3
075 Rodeneck,84,,1,2,3
075 Rodeneck,85,,2,-,2
075 Rodeneck,86,,2,1,3
075 Rodeneck,87,,3,2,5
075 Rodeneck,88,,-,2,2
075 Rodeneck,91,,1,-,1
075 Rodeneck,94,,1,-,1
076 Salurn,0,,24,19,43
076 Salurn,1,,17,26,43
076 Salurn,2,,21,15,36
076 Salurn,3,,27,20,47
076 Salurn,4,,20,15,35
076 Salurn,5,,13,16,29
076 Salurn,6,,23,16,39
076 Salurn,7,,21,12,33
076 Salurn,8,,19,23,42
076 Salurn,9,,14,13,27
076 Salurn,10,,22,23,45
076 Salurn,11,,19,13,32
076 Salurn,12,,20,21,41
076 Salurn,13,,18,16,34
076 Salurn,14,,22,18,40
076 Salurn,15,,14,17,31
076 Salurn,16,,15,17,32
076 Salurn,17,,19,18,37
076 Salurn,18,,21,22,43
076 Salurn,19,,25,17,42
076 Salurn,20,,18,19,37
076 Salurn,21,,17,17,34
076 Salurn,22,,9,22,31
076 Salurn,23,,13,24,37
076 Salurn,24,,19,24,43
076 Salurn,25,,17,23,40
076 Salurn,26,,20,25,45
076 Salurn,27,,17,24,41
076 Salurn,28,,16,20,36
076 Salurn,29,,28,25,53
076 Salurn,30,,24,24,48
076 Salurn,31,,22,24,46
076 Salurn,32,,21,19,40
076 Salurn,33,,24,36,60
076 Salurn,34,,27,26,53
076 Salurn,35,,40,26,66
076 Salurn,36,,29,25,54
076 Salurn,37,,28,28,56
076 Salurn,38,,32,24,56
076 Salurn,39,,25,24,49
076 Salurn,40,,29,26,55
076 Salurn,41,,28,33,61
076 Salurn,42,,33,28,61
076 Salurn,43,,40,25,65
076 Salurn,44,,34,28,62
076 Salurn,45,,29,32,61
076 Salurn,46,,22,29,51
076 Salurn,47,,28,30,58
076 Salurn,48,,28,18,46
076 Salurn,49,,20,23,43
076 Salurn,50,,17,12,29
076 Salurn,51,,18,19,37
076 Salurn,52,,21,17,38
076 Salurn,53,,16,16,32
076 Salurn,54,,28,20,48
076 Salurn,55,,28,19,47
076 Salurn,56,,23,17,40
076 Salurn,57,,26,13,39
076 Salurn,58,,15,21,36
076 Salurn,59,,16,21,37
076 Salurn,60,,23,17,40
076 Salurn,61,,14,9,23
076 Salurn,62,,20,18,38
076 Salurn,63,,19,17,36
076 Salurn,64,,19,16,35
076 Salurn,65,,19,15,34
076 Salurn,66,,14,10,24
076 Salurn,67,,9,10,19
076 Salurn,68,,6,11,17
076 Salurn,69,,13,12,25
076 Salurn,70,,13,20,33
076 Salurn,71,,15,17,32
076 Salurn,72,,10,7,17
076 Salurn,73,,11,7,18
076 Salurn,74,,10,17,27
076 Salurn,75,,6,11,17
076 Salurn,76,,11,12,23
076 Salurn,77,,16,12,28
076 Salurn,78,,8,19,27
076 Salurn,79,,5,18,23
076 Salurn,80,,7,14,21
076 Salurn,81,,6,19,25
076 Salurn,82,,3,14,17
076 Salurn,83,,3,9,12
076 Salurn,84,,5,16,21
076 Salurn,85,,1,11,12
076 Salurn,86,,8,10,18
076 Salurn,87,,5,10,15
076 Salurn,88,,3,4,7
076 Salurn,89,,-,3,3
076 Salurn,90,,2,4,6
076 Salurn,91,,2,3,5
076 Salurn,92,,2,2,4
076 Salurn,93,,-,2,2
076 Salurn,94,,1,2,3
076 Salurn,95,,-,2,2
076 Salurn,96,,-,2,2
076 Salurn,97,,-,1,1
076 Salurn,98,,-,1,1
077 Innichen,0,,16,15,31
077 Innichen,1,,12,19,31
077 Innichen,2,,13,11,24
077 Innichen,3,,17,17,34
077 Innichen,4,,16,14,30
077 Innichen,5,,23,19,42
077 Innichen,6,,15,15,30
077 Innichen,7,,11,16,27
077 Innichen,8,,20,13,33
077 Innichen,9,,20,17,37
077 Innichen,10,,16,17,33
077 Innichen,11,,22,13,35
077 Innichen,12,,18,17,35
077 Innichen,13,,24,21,45
077 Innichen,14,,22,16,38
077 Innichen,15,,21,27,48
077 Innichen,16,,17,14,31
077 Innichen,17,,18,21,39
077 Innichen,18,,30,19,49
077 Innichen,19,,24,19,43
077 Innichen,20,,21,18,39
077 Innichen,21,,21,22,43
077 Innichen,22,,21,20,41
077 Innichen,23,,21,15,36
077 Innichen,24,,21,23,44
077 Innichen,25,,14,22,36
077 Innichen,26,,23,17,40
077 Innichen,27,,26,25,51
077 Innichen,28,,11,14,25
077 Innichen,29,,17,22,39
077 Innichen,30,,14,24,38
077 Innichen,31,,22,12,34
077 Innichen,32,,29,17,46
077 Innichen,33,,23,20,43
077 Innichen,34,,24,23,47
077 Innichen,35,,25,15,40
077 Innichen,36,,23,32,55
077 Innichen,37,,25,26,51
077 Innichen,38,,26,27,53
077 Innichen,39,,27,26,53
077 Innichen,40,,25,31,56
077 Innichen,41,,38,31,69
077 Innichen,42,,30,30,60
077 Innichen,43,,26,27,53
077 Innichen,44,,29,24,53
077 Innichen,45,,24,27,51
077 Innichen,46,,32,18,50
077 Innichen,47,,26,25,51
077 Innichen,48,,21,26,47
077 Innichen,49,,18,25,43
077 Innichen,50,,28,16,44
077 Innichen,51,,26,20,46
077 Innichen,52,,23,11,34
077 Innichen,53,,24,17,41
077 Innichen,54,,11,26,37
077 Innichen,55,,12,18,30
077 Innichen,56,,18,21,39
077 Innichen,57,,21,16,37
077 Innichen,58,,18,11,29
077 Innichen,59,,10,14,24
077 Innichen,60,,15,15,30
077 Innichen,61,,11,7,18
077 Innichen,62,,7,13,20
077 Innichen,63,,24,9,33
077 Innichen,64,,16,18,34
077 Innichen,65,,14,20,34
077 Innichen,66,,8,24,32
077 Innichen,67,,14,12,26
077 Innichen,68,,8,10,18
077 Innichen,69,,10,11,21
077 Innichen,70,,9,18,27
077 Innichen,71,,6,19,25
077 Innichen,72,,12,13,25
077 Innichen,73,,11,9,20
077 Innichen,74,,10,17,27
077 Innichen,75,,14,20,34
077 Innichen,76,,13,11,24
077 Innichen,77,,12,16,28
077 Innichen,78,,11,16,27
077 Innichen,79,,5,12,17
077 Innichen,80,,14,13,27
077 Innichen,81,,3,18,21
077 Innichen,82,,7,3,10
077 Innichen,83,,3,12,15
077 Innichen,84,,3,11,14
077 Innichen,85,,4,10,14
077 Innichen,86,,4,11,15
077 Innichen,87,,1,4,5
077 Innichen,88,,-,3,3
077 Innichen,89,,1,4,5
077 Innichen,90,,1,2,3
077 Innichen,91,,3,2,5
077 Innichen,92,,1,1,2
077 Innichen,93,,1,3,4
077 Innichen,94,,1,1,2
077 Innichen,97,,-,1,1
077 Innichen,98,,-,2,2
077 Innichen,104,,-,1,1
079 Jenesien,0,,20,19,39
079 Jenesien,1,,16,15,31
079 Jenesien,2,,18,17,35
079 Jenesien,3,,16,23,39
079 Jenesien,4,,12,17,29
079 Jenesien,5,,18,22,40
079 Jenesien,6,,17,19,36
079 Jenesien,7,,25,22,47
079 Jenesien,8,,17,27,44
079 Jenesien,9,,20,19,39
079 Jenesien,10,,24,11,35
079 Jenesien,11,,25,16,41
079 Jenesien,12,,21,21,42
079 Jenesien,13,,15,20,35
079 Jenesien,14,,29,23,52
079 Jenesien,15,,19,22,41
079 Jenesien,16,,18,15,33
079 Jenesien,17,,18,13,31
079 Jenesien,18,,23,16,39
079 Jenesien,19,,15,22,37
079 Jenesien,20,,17,15,32
079 Jenesien,21,,15,6,21
079 Jenesien,22,,19,14,33
079 Jenesien,23,,20,19,39
079 Jenesien,24,,14,19,33
079 Jenesien,25,,9,19,28
079 Jenesien,26,,16,19,35
079 Jenesien,27,,21,14,35
079 Jenesien,28,,13,13,26
079 Jenesien,29,,19,16,35
079 Jenesien,30,,14,17,31
079 Jenesien,31,,10,19,29
079 Jenesien,32,,22,23,45
079 Jenesien,33,,20,31,51
079 Jenesien,34,,24,27,51
079 Jenesien,35,,29,25,54
079 Jenesien,36,,31,32,63
079 Jenesien,37,,32,18,50
079 Jenesien,38,,19,27,46
079 Jenesien,39,,18,24,42
079 Jenesien,40,,34,30,64
079 Jenesien,41,,36,29,65
079 Jenesien,42,,35,31,66
079 Jenesien,43,,26,24,50
079 Jenesien,44,,28,21,49
079 Jenesien,45,,30,21,51
079 Jenesien,46,,26,12,38
079 Jenesien,47,,24,17,41
079 Jenesien,48,,23,10,33
079 Jenesien,49,,15,17,32
079 Jenesien,50,,17,11,28
079 Jenesien,51,,10,12,22
079 Jenesien,52,,19,13,32
079 Jenesien,53,,13,10,23
079 Jenesien,54,,13,21,34
079 Jenesien,55,,13,10,23
079 Jenesien,56,,12,20,32
079 Jenesien,57,,11,12,23
079 Jenesien,58,,11,7,18
079 Jenesien,59,,15,11,26
079 Jenesien,60,,10,11,21
079 Jenesien,61,,8,13,21
079 Jenesien,62,,13,13,26
079 Jenesien,63,,18,10,28
079 Jenesien,64,,16,11,27
079 Jenesien,65,,14,20,34
079 Jenesien,66,,16,11,27
079 Jenesien,67,,15,18,33
079 Jenesien,68,,18,9,27
079 Jenesien,69,,10,16,26
079 Jenesien,70,,5,18,23
079 Jenesien,71,,6,7,13
079 Jenesien,72,,8,7,15
079 Jenesien,73,,17,11,28
079 Jenesien,74,,7,10,17
079 Jenesien,75,,9,9,18
079 Jenesien,76,,7,14,21
079 Jenesien,77,,5,15,20
079 Jenesien,78,,7,9,16
079 Jenesien,79,,6,10,16
079 Jenesien,80,,9,13,22
079 Jenesien,81,,3,12,15
079 Jenesien,82,,6,8,14
079 Jenesien,83,,4,6,10
079 Jenesien,84,,7,7,14
079 Jenesien,85,,1,4,5
079 Jenesien,86,,3,4,7
079 Jenesien,87,,-,3,3
079 Jenesien,88,,-,1,1
079 Jenesien,90,,1,1,2
079 Jenesien,91,,-,2,2
079 Jenesien,92,,1,-,1
079 Jenesien,93,,-,2,2
079 Jenesien,94,,1,1,2
079 Jenesien,95,,-,2,2
079 Jenesien,96,,-,1,1
079 Jenesien,98,,-,1,1
080 St.Leonhard in Pass.,0,,18,20,38
080 St.Leonhard in Pass.,1,,23,20,43
080 St.Leonhard in Pass.,2,,16,19,35
080 St.Leonhard in Pass.,3,,23,14,37
080 St.Leonhard in Pass.,4,,21,18,39
080 St.Leonhard in Pass.,5,,28,13,41
080 St.Leonhard in Pass.,6,,22,18,40
080 St.Leonhard in Pass.,7,,20,22,42
080 St.Leonhard in Pass.,8,,24,20,44
080 St.Leonhard in Pass.,9,,23,20,43
080 St.Leonhard in Pass.,10,,22,21,43
080 St.Leonhard in Pass.,11,,22,13,35
080 St.Leonhard in Pass.,12,,21,19,40
080 St.Leonhard in Pass.,13,,23,22,45
080 St.Leonhard in Pass.,14,,21,19,40
080 St.Leonhard in Pass.,15,,21,18,39
080 St.Leonhard in Pass.,16,,23,21,44
080 St.Leonhard in Pass.,17,,35,30,65
080 St.Leonhard in Pass.,18,,21,29,50
080 St.Leonhard in Pass.,19,,30,22,52
080 St.Leonhard in Pass.,20,,37,31,68
080 St.Leonhard in Pass.,21,,23,25,48
080 St.Leonhard in Pass.,22,,30,21,51
080 St.Leonhard in Pass.,23,,29,23,52
080 St.Leonhard in Pass.,24,,30,23,53
080 St.Leonhard in Pass.,25,,24,30,54
080 St.Leonhard in Pass.,26,,24,32,56
080 St.Leonhard in Pass.,27,,26,24,50
080 St.Leonhard in Pass.,28,,32,26,58
080 St.Leonhard in Pass.,29,,31,20,51
080 St.Leonhard in Pass.,30,,17,21,38
080 St.Leonhard in Pass.,31,,28,11,39
080 St.Leonhard in Pass.,32,,31,26,57
080 St.Leonhard in Pass.,33,,31,27,58
080 St.Leonhard in Pass.,34,,28,26,54
080 St.Leonhard in Pass.,35,,35,20,55
080 St.Leonhard in Pass.,36,,24,26,50
080 St.Leonhard in Pass.,37,,24,26,50
080 St.Leonhard in Pass.,38,,31,21,52
080 St.Leonhard in Pass.,39,,27,26,53
080 St.Leonhard in Pass.,40,,32,31,63
080 St.Leonhard in Pass.,41,,32,29,61
080 St.Leonhard in Pass.,42,,24,30,54
080 St.Leonhard in Pass.,43,,21,24,45
080 St.Leonhard in Pass.,44,,23,30,53
080 St.Leonhard in Pass.,45,,30,23,53
080 St.Leonhard in Pass.,46,,33,18,51
080 St.Leonhard in Pass.,47,,27,27,54
080 St.Leonhard in Pass.,48,,25,20,45
080 St.Leonhard in Pass.,49,,23,27,50
080 St.Leonhard in Pass.,50,,24,19,43
080 St.Leonhard in Pass.,51,,24,18,42
080 St.Leonhard in Pass.,52,,20,14,34
080 St.Leonhard in Pass.,53,,28,25,53
080 St.Leonhard in Pass.,54,,20,25,45
080 St.Leonhard in Pass.,55,,25,16,41
080 St.Leonhard in Pass.,56,,17,14,31
080 St.Leonhard in Pass.,57,,22,11,33
080 St.Leonhard in Pass.,58,,22,12,34
080 St.Leonhard in Pass.,59,,17,16,33
080 St.Leonhard in Pass.,60,,16,18,34
080 St.Leonhard in Pass.,61,,10,11,21
080 St.Leonhard in Pass.,62,,14,13,27
080 St.Leonhard in Pass.,63,,10,24,34
080 St.Leonhard in Pass.,64,,8,14,22
080 St.Leonhard in Pass.,65,,14,15,29
080 St.Leonhard in Pass.,66,,19,13,32
080 St.Leonhard in Pass.,67,,19,18,37
080 St.Leonhard in Pass.,68,,12,13,25
080 St.Leonhard in Pass.,69,,18,8,26
080 St.Leonhard in Pass.,70,,18,11,29
080 St.Leonhard in Pass.,71,,11,13,24
080 St.Leonhard in Pass.,72,,11,16,27
080 St.Leonhard in Pass.,73,,10,14,24
080 St.Leonhard in Pass.,74,,8,11,19
080 St.Leonhard in Pass.,75,,7,14,21
080 St.Leonhard in Pass.,76,,7,11,18
080 St.Leonhard in Pass.,77,,8,8,16
080 St.Leonhard in Pass.,78,,5,13,18
080 St.Leonhard in Pass.,79,,4,13,17
080 St.Leonhard in Pass.,80,,6,10,16
080 St.Leonhard in Pass.,81,,7,9,16
080 St.Leonhard in Pass.,82,,5,10,15
080 St.Leonhard in Pass.,83,,7,10,17
080 St.Leonhard in Pass.,84,,3,7,10
080 St.Leonhard in Pass.,85,,1,5,6
080 St.Leonhard in Pass.,86,,2,7,9
080 St.Leonhard in Pass.,87,,-,3,3
080 St.Leonhard in Pass.,88,,-,2,2
080 St.Leonhard in Pass.,89,,-,3,3
080 St.Leonhard in Pass.,90,,1,-,1
080 St.Leonhard in Pass.,91,,2,2,4
080 St.Leonhard in Pass.,92,,-,3,3
080 St.Leonhard in Pass.,93,,-,1,1
080 St.Leonhard in Pass.,94,,1,3,4
080 St.Leonhard in Pass.,98,,2,-,2
080 St.Leonhard in Pass.,99,,-,1,1
081 St.Lorenzen,0,,14,21,35
081 St.Lorenzen,1,,25,19,44
081 St.Lorenzen,2,,26,21,47
081 St.Lorenzen,3,,24,17,41
081 St.Lorenzen,4,,21,20,41
081 St.Lorenzen,5,,28,20,48
081 St.Lorenzen,6,,20,29,49
081 St.Lorenzen,7,,28,25,53
081 St.Lorenzen,8,,29,28,57
081 St.Lorenzen,9,,15,30,45
081 St.Lorenzen,10,,32,29,61
081 St.Lorenzen,11,,23,14,37
081 St.Lorenzen,12,,31,19,50
081 St.Lorenzen,13,,25,32,57
081 St.Lorenzen,14,,26,21,47
081 St.Lorenzen,15,,21,14,35
081 St.Lorenzen,16,,25,20,45
081 St.Lorenzen,17,,19,17,36
081 St.Lorenzen,18,,18,26,44
081 St.Lorenzen,19,,22,21,43
081 St.Lorenzen,20,,26,21,47
081 St.Lorenzen,21,,25,21,46
081 St.Lorenzen,22,,28,25,53
081 St.Lorenzen,23,,22,16,38
081 St.Lorenzen,24,,31,22,53
081 St.Lorenzen,25,,22,20,42
081 St.Lorenzen,26,,17,22,39
081 St.Lorenzen,27,,24,25,49
081 St.Lorenzen,28,,28,20,48
081 St.Lorenzen,29,,25,19,44
081 St.Lorenzen,30,,25,15,40
081 St.Lorenzen,31,,24,26,50
081 St.Lorenzen,32,,24,30,54
081 St.Lorenzen,33,,32,29,61
081 St.Lorenzen,34,,36,34,70
081 St.Lorenzen,35,,33,28,61
081 St.Lorenzen,36,,29,28,57
081 St.Lorenzen,37,,26,29,55
081 St.Lorenzen,38,,41,39,80
081 St.Lorenzen,39,,32,39,71
081 St.Lorenzen,40,,36,32,68
081 St.Lorenzen,41,,36,24,60
081 St.Lorenzen,42,,30,24,54
081 St.Lorenzen,43,,34,30,64
081 St.Lorenzen,44,,27,36,63
081 St.Lorenzen,45,,24,36,60
081 St.Lorenzen,46,,31,19,50
081 St.Lorenzen,47,,33,27,60
081 St.Lorenzen,48,,31,32,63
081 St.Lorenzen,49,,23,26,49
081 St.Lorenzen,50,,27,28,55
081 St.Lorenzen,51,,17,17,34
081 St.Lorenzen,52,,18,19,37
081 St.Lorenzen,53,,23,16,39
081 St.Lorenzen,54,,17,10,27
081 St.Lorenzen,55,,17,17,34
081 St.Lorenzen,56,,15,18,33
081 St.Lorenzen,57,,12,22,34
081 St.Lorenzen,58,,14,15,29
081 St.Lorenzen,59,,20,10,30
081 St.Lorenzen,60,,19,11,30
081 St.Lorenzen,61,,13,18,31
081 St.Lorenzen,62,,16,15,31
081 St.Lorenzen,63,,14,16,30
081 St.Lorenzen,64,,17,24,41
081 St.Lorenzen,65,,19,17,36
081 St.Lorenzen,66,,15,13,28
081 St.Lorenzen,67,,14,17,31
081 St.Lorenzen,68,,15,13,28
081 St.Lorenzen,69,,18,15,33
081 St.Lorenzen,70,,13,15,28
081 St.Lorenzen,71,,9,14,23
081 St.Lorenzen,72,,15,11,26
081 St.Lorenzen,73,,11,11,22
081 St.Lorenzen,74,,11,11,22
081 St.Lorenzen,75,,9,15,24
081 St.Lorenzen,76,,8,9,17
081 St.Lorenzen,77,,10,14,24
081 St.Lorenzen,78,,10,16,26
081 St.Lorenzen,79,,6,8,14
081 St.Lorenzen,80,,8,10,18
081 St.Lorenzen,81,,5,13,18
081 St.Lorenzen,82,,2,9,11
081 St.Lorenzen,83,,7,12,19
081 St.Lorenzen,84,,3,4,7
081 St.Lorenzen,85,,4,5,9
081 St.Lorenzen,86,,1,5,6
081 St.Lorenzen,87,,2,5,7
081 St.Lorenzen,88,,-,3,3
081 St.Lorenzen,89,,-,1,1
081 St.Lorenzen,90,,1,-,1
081 St.Lorenzen,92,,3,1,4
081 St.Lorenzen,93,,-,1,1
081 St.Lorenzen,94,,1,-,1
081 St.Lorenzen,96,,-,1,1
082 St.Martin in Thurn,0,,9,15,24
082 St.Martin in Thurn,1,,13,10,23
082 St.Martin in Thurn,2,,20,12,32
082 St.Martin in Thurn,3,,4,6,10
082 St.Martin in Thurn,4,,15,8,23
082 St.Martin in Thurn,5,,9,14,23
082 St.Martin in Thurn,6,,7,9,16
082 St.Martin in Thurn,7,,7,19,26
082 St.Martin in Thurn,8,,11,12,23
082 St.Martin in Thurn,9,,17,11,28
082 St.Martin in Thurn,10,,24,14,38
082 St.Martin in Thurn,11,,15,11,26
082 St.Martin in Thurn,12,,15,9,24
082 St.Martin in Thurn,13,,9,9,18
082 St.Martin in Thurn,14,,18,14,32
082 St.Martin in Thurn,15,,11,11,22
082 St.Martin in Thurn,16,,6,17,23
082 St.Martin in Thurn,17,,15,14,29
082 St.Martin in Thurn,18,,7,6,13
082 St.Martin in Thurn,19,,14,12,26
082 St.Martin in Thurn,20,,13,10,23
082 St.Martin in Thurn,21,,11,15,26
082 St.Martin in Thurn,22,,8,5,13
082 St.Martin in Thurn,23,,15,10,25
082 St.Martin in Thurn,24,,15,13,28
082 St.Martin in Thurn,25,,16,8,24
082 St.Martin in Thurn,26,,9,14,23
082 St.Martin in Thurn,27,,9,12,21
082 St.Martin in Thurn,28,,17,11,28
082 St.Martin in Thurn,29,,13,11,24
082 St.Martin in Thurn,30,,13,10,23
082 St.Martin in Thurn,31,,7,11,18
082 St.Martin in Thurn,32,,6,10,16
082 St.Martin in Thurn,33,,11,10,21
082 St.Martin in Thurn,34,,13,9,22
082 St.Martin in Thurn,35,,16,14,30
082 St.Martin in Thurn,36,,12,12,24
082 St.Martin in Thurn,37,,16,15,31
082 St.Martin in Thurn,38,,13,14,27
082 St.Martin in Thurn,39,,10,10,20
082 St.Martin in Thurn,40,,15,26,41
082 St.Martin in Thurn,41,,17,20,37
082 St.Martin in Thurn,42,,12,16,28
082 St.Martin in Thurn,43,,15,14,29
082 St.Martin in Thurn,44,,17,14,31
082 St.Martin in Thurn,45,,14,19,33
082 St.Martin in Thurn,46,,15,5,20
082 St.Martin in Thurn,47,,12,10,22
082 St.Martin in Thurn,48,,12,8,20
082 St.Martin in Thurn,49,,12,9,21
082 St.Martin in Thurn,50,,8,6,14
082 St.Martin in Thurn,51,,13,9,22
082 St.Martin in Thurn,52,,8,8,16
082 St.Martin in Thurn,53,,5,12,17
082 St.Martin in Thurn,54,,3,4,7
082 St.Martin in Thurn,55,,8,9,17
082 St.Martin in Thurn,56,,11,6,17
082 St.Martin in Thurn,57,,3,7,10
082 St.Martin in Thurn,58,,10,6,16
082 St.Martin in Thurn,59,,9,6,15
082 St.Martin in Thurn,60,,8,7,15
082 St.Martin in Thurn,61,,6,4,10
082 St.Martin in Thurn,62,,11,8,19
082 St.Martin in Thurn,63,,4,8,12
082 St.Martin in Thurn,64,,7,6,13
082 St.Martin in Thurn,65,,7,6,13
082 St.Martin in Thurn,66,,5,5,10
082 St.Martin in Thurn,67,,5,7,12
082 St.Martin in Thurn,68,,8,8,16
082 St.Martin in Thurn,69,,7,13,20
082 St.Martin in Thurn,70,,4,6,10
082 St.Martin in Thurn,71,,6,5,11
082 St.Martin in Thurn,72,,6,4,10
082 St.Martin in Thurn,73,,3,9,12
082 St.Martin in Thurn,74,,8,7,15
082 St.Martin in Thurn,75,,9,8,17
082 St.Martin in Thurn,76,,5,6,11
082 St.Martin in Thurn,77,,6,7,13
082 St.Martin in Thurn,78,,2,3,5
082 St.Martin in Thurn,79,,4,5,9
082 St.Martin in Thurn,80,,7,3,10
082 St.Martin in Thurn,81,,6,4,10
082 St.Martin in Thurn,82,,7,9,16
082 St.Martin in Thurn,83,,3,8,11
082 St.Martin in Thurn,84,,7,5,12
082 St.Martin in Thurn,85,,5,2,7
082 St.Martin in Thurn,86,,5,7,12
082 St.Martin in Thurn,87,,2,4,6
082 St.Martin in Thurn,88,,1,-,1
082 St.Martin in Thurn,89,,-,2,2
082 St.Martin in Thurn,90,,1,1,2
082 St.Martin in Thurn,91,,1,1,2
082 St.Martin in Thurn,92,,-,1,1
082 St.Martin in Thurn,93,,-,1,1
082 St.Martin in Thurn,94,,1,-,1
082 St.Martin in Thurn,95,,1,-,1
083 St.Martin in Passeier,0,,27,22,49
083 St.Martin in Passeier,1,,22,20,42
083 St.Martin in Passeier,2,,21,19,40
083 St.Martin in Passeier,3,,23,18,41
083 St.Martin in Passeier,4,,18,13,31
083 St.Martin in Passeier,5,,19,17,36
083 St.Martin in Passeier,6,,14,22,36
083 St.Martin in Passeier,7,,9,20,29
083 St.Martin in Passeier,8,,18,19,37
083 St.Martin in Passeier,9,,28,23,51
083 St.Martin in Passeier,10,,23,20,43
083 St.Martin in Passeier,11,,19,18,37
083 St.Martin in Passeier,12,,20,23,43
083 St.Martin in Passeier,13,,20,23,43
083 St.Martin in Passeier,14,,22,20,42
083 St.Martin in Passeier,15,,21,24,45
083 St.Martin in Passeier,16,,20,25,45
083 St.Martin in Passeier,17,,19,21,40
083 St.Martin in Passeier,18,,15,15,30
083 St.Martin in Passeier,19,,18,23,41
083 St.Martin in Passeier,20,,20,24,44
083 St.Martin in Passeier,21,,17,20,37
083 St.Martin in Passeier,22,,18,27,45
083 St.Martin in Passeier,23,,17,12,29
083 St.Martin in Passeier,24,,21,21,42
083 St.Martin in Passeier,25,,21,19,40
083 St.Martin in Passeier,26,,20,22,42
083 St.Martin in Passeier,27,,21,9,30
083 St.Martin in Passeier,28,,30,19,49
083 St.Martin in Passeier,29,,23,26,49
083 St.Martin in Passeier,30,,22,23,45
083 St.Martin in Passeier,31,,23,21,44
083 St.Martin in Passeier,32,,20,18,38
083 St.Martin in Passeier,33,,26,30,56
083 St.Martin in Passeier,34,,21,24,45
083 St.Martin in Passeier,35,,28,26,54
083 St.Martin in Passeier,36,,31,25,56
083 St.Martin in Passeier,37,,30,25,55
083 St.Martin in Passeier,38,,23,24,47
083 St.Martin in Passeier,39,,23,28,51
083 St.Martin in Passeier,40,,27,32,59
083 St.Martin in Passeier,41,,32,25,57
083 St.Martin in Passeier,42,,19,19,38
083 St.Martin in Passeier,43,,34,19,53
083 St.Martin in Passeier,44,,23,30,53
083 St.Martin in Passeier,45,,35,21,56
083 St.Martin in Passeier,46,,21,23,44
083 St.Martin in Passeier,47,,25,22,47
083 St.Martin in Passeier,48,,24,20,44
083 St.Martin in Passeier,49,,25,12,37
083 St.Martin in Passeier,50,,22,15,37
083 St.Martin in Passeier,51,,31,14,45
083 St.Martin in Passeier,52,,15,10,25
083 St.Martin in Passeier,53,,22,15,37
083 St.Martin in Passeier,54,,6,18,24
083 St.Martin in Passeier,55,,21,14,35
083 St.Martin in Passeier,56,,10,15,25
083 St.Martin in Passeier,57,,14,9,23
083 St.Martin in Passeier,58,,12,10,22
083 St.Martin in Passeier,59,,15,13,28
083 St.Martin in Passeier,60,,13,11,24
083 St.Martin in Passeier,61,,13,12,25
083 St.Martin in Passeier,62,,18,12,30
083 St.Martin in Passeier,63,,14,11,25
083 St.Martin in Passeier,64,,15,14,29
083 St.Martin in Passeier,65,,11,15,26
083 St.Martin in Passeier,66,,4,12,16
083 St.Martin in Passeier,67,,6,13,19
083 St.Martin in Passeier,68,,12,8,20
083 St.Martin in Passeier,69,,14,20,34
083 St.Martin in Passeier,70,,13,14,27
083 St.Martin in Passeier,71,,7,14,21
083 St.Martin in Passeier,72,,15,8,23
083 St.Martin in Passeier,73,,13,9,22
083 St.Martin in Passeier,74,,6,9,15
083 St.Martin in Passeier,75,,6,12,18
083 St.Martin in Passeier,76,,4,12,16
083 St.Martin in Passeier,77,,11,9,20
083 St.Martin in Passeier,78,,7,7,14
083 St.Martin in Passeier,79,,10,5,15
083 St.Martin in Passeier,80,,3,11,14
083 St.Martin in Passeier,81,,5,7,12
083 St.Martin in Passeier,82,,2,12,14
083 St.Martin in Passeier,83,,1,7,8
083 St.Martin in Passeier,84,,3,5,8
083 St.Martin in Passeier,85,,3,11,14
083 St.Martin in Passeier,86,,1,4,5
083 St.Martin in Passeier,87,,1,2,3
083 St.Martin in Passeier,88,,-,2,2
083 St.Martin in Passeier,89,,-,4,4
083 St.Martin in Passeier,90,,-,1,1
083 St.Martin in Passeier,91,,1,1,2
083 St.Martin in Passeier,92,,-,2,2
083 St.Martin in Passeier,95,,1,-,1
084 St.Pankraz,0,,9,14,23
084 St.Pankraz,1,,13,8,21
084 St.Pankraz,2,,12,8,20
084 St.Pankraz,3,,13,6,19
084 St.Pankraz,4,,7,4,11
084 St.Pankraz,5,,13,14,27
084 St.Pankraz,6,,11,15,26
084 St.Pankraz,7,,8,5,13
084 St.Pankraz,8,,14,5,19
084 St.Pankraz,9,,9,11,20
084 St.Pankraz,10,,9,8,17
084 St.Pankraz,11,,8,5,13
084 St.Pankraz,12,,8,8,16
084 St.Pankraz,13,,5,11,16
084 St.Pankraz,14,,7,8,15
084 St.Pankraz,15,,11,12,23
084 St.Pankraz,16,,9,3,12
084 St.Pankraz,17,,11,16,27
084 St.Pankraz,18,,14,8,22
084 St.Pankraz,19,,9,6,15
084 St.Pankraz,20,,9,6,15
084 St.Pankraz,21,,11,7,18
084 St.Pankraz,22,,10,4,14
084 St.Pankraz,23,,11,7,18
084 St.Pankraz,24,,11,8,19
084 St.Pankraz,25,,10,13,23
084 St.Pankraz,26,,14,10,24
084 St.Pankraz,27,,4,5,9
084 St.Pankraz,28,,14,8,22
084 St.Pankraz,29,,8,10,18
084 St.Pankraz,30,,5,11,16
084 St.Pankraz,31,,9,8,17
084 St.Pankraz,32,,14,12,26
084 St.Pankraz,33,,11,7,18
084 St.Pankraz,34,,12,19,31
084 St.Pankraz,35,,16,11,27
084 St.Pankraz,36,,13,12,25
084 St.Pankraz,37,,17,11,28
084 St.Pankraz,38,,18,16,34
084 St.Pankraz,39,,10,14,24
084 St.Pankraz,40,,13,5,18
084 St.Pankraz,41,,22,14,36
084 St.Pankraz,42,,14,14,28
084 St.Pankraz,43,,8,10,18
084 St.Pankraz,44,,17,7,24
084 St.Pankraz,45,,15,13,28
084 St.Pankraz,46,,13,5,18
084 St.Pankraz,47,,15,12,27
084 St.Pankraz,48,,6,8,14
084 St.Pankraz,49,,12,9,21
084 St.Pankraz,50,,10,15,25
084 St.Pankraz,51,,5,4,9
084 St.Pankraz,52,,11,8,19
084 St.Pankraz,53,,11,9,20
084 St.Pankraz,54,,14,10,24
084 St.Pankraz,55,,6,3,9
084 St.Pankraz,56,,11,6,17
084 St.Pankraz,57,,8,6,14
084 St.Pankraz,58,,8,3,11
084 St.Pankraz,59,,7,8,15
084 St.Pankraz,60,,4,7,11
084 St.Pankraz,61,,3,6,9
084 St.Pankraz,62,,5,7,12
084 St.Pankraz,63,,10,15,25
084 St.Pankraz,64,,9,15,24
084 St.Pankraz,65,,8,10,18
084 St.Pankraz,66,,8,6,14
084 St.Pankraz,67,,8,7,15
084 St.Pankraz,68,,5,11,16
084 St.Pankraz,69,,8,9,17
084 St.Pankraz,70,,5,4,9
084 St.Pankraz,71,,4,4,8
084 St.Pankraz,72,,6,7,13
084 St.Pankraz,73,,8,3,11
084 St.Pankraz,74,,7,10,17
084 St.Pankraz,75,,8,4,12
084 St.Pankraz,76,,4,6,10
084 St.Pankraz,77,,6,10,16
084 St.Pankraz,78,,7,8,15
084 St.Pankraz,79,,7,2,9
084 St.Pankraz,80,,5,6,11
084 St.Pankraz,81,,6,8,14
084 St.Pankraz,82,,4,7,11
084 St.Pankraz,83,,10,3,13
084 St.Pankraz,84,,7,7,14
084 St.Pankraz,85,,2,6,8
084 St.Pankraz,86,,1,7,8
084 St.Pankraz,87,,1,1,2
084 St.Pankraz,88,,-,2,2
084 St.Pankraz,89,,-,1,1
084 St.Pankraz,90,,1,-,1
084 St.Pankraz,91,,1,2,3
084 St.Pankraz,92,,-,1,1
084 St.Pankraz,93,,1,-,1
084 St.Pankraz,94,,1,-,1
084 St.Pankraz,96,,-,1,1
084 St.Pankraz,97,,-,1,1
085 St.Christina in Gröden,0,,10,11,21
085 St.Christina in Gröden,1,,14,12,26
085 St.Christina in Gröden,2,,14,14,28
085 St.Christina in Gröden,3,,9,9,18
085 St.Christina in Gröden,4,,12,11,23
085 St.Christina in Gröden,5,,9,13,22
085 St.Christina in Gröden,6,,22,12,34
085 St.Christina in Gröden,7,,19,11,30
085 St.Christina in Gröden,8,,12,15,27
085 St.Christina in Gröden,9,,13,11,24
085 St.Christina in Gröden,10,,11,5,16
085 St.Christina in Gröden,11,,16,10,26
085 St.Christina in Gröden,12,,7,15,22
085 St.Christina in Gröden,13,,13,13,26
085 St.Christina in Gröden,14,,14,14,28
085 St.Christina in Gröden,15,,14,18,32
085 St.Christina in Gröden,16,,8,14,22
085 St.Christina in Gröden,17,,5,8,13
085 St.Christina in Gröden,18,,10,11,21
085 St.Christina in Gröden,19,,12,6,18
085 St.Christina in Gröden,20,,12,8,20
085 St.Christina in Gröden,21,,5,11,16
085 St.Christina in Gröden,22,,10,6,16
085 St.Christina in Gröden,23,,17,13,30
085 St.Christina in Gröden,24,,12,4,16
085 St.Christina in Gröden,25,,8,12,20
085 St.Christina in Gröden,26,,10,16,26
085 St.Christina in Gröden,27,,12,9,21
085 St.Christina in Gröden,28,,5,13,18
085 St.Christina in Gröden,29,,7,9,16
085 St.Christina in Gröden,30,,16,9,25
085 St.Christina in Gröden,31,,15,12,27
085 St.Christina in Gröden,32,,10,20,30
085 St.Christina in Gröden,33,,10,12,22
085 St.Christina in Gröden,34,,17,13,30
085 St.Christina in Gröden,35,,11,17,28
085 St.Christina in Gröden,36,,22,22,44
085 St.Christina in Gröden,37,,20,11,31
085 St.Christina in Gröden,38,,23,25,48
085 St.Christina in Gröden,39,,18,14,32
085 St.Christina in Gröden,40,,17,9,26
085 St.Christina in Gröden,41,,14,16,30
085 St.Christina in Gröden,42,,12,23,35
085 St.Christina in Gröden,43,,13,16,29
085 St.Christina in Gröden,44,,22,14,36
085 St.Christina in Gröden,45,,21,16,37
085 St.Christina in Gröden,46,,22,18,40
085 St.Christina in Gröden,47,,10,8,18
085 St.Christina in Gröden,48,,9,11,20
085 St.Christina in Gröden,49,,16,11,27
085 St.Christina in Gröden,50,,11,10,21
085 St.Christina in Gröden,51,,9,9,18
085 St.Christina in Gröden,52,,14,14,28
085 St.Christina in Gröden,53,,9,10,19
085 St.Christina in Gröden,54,,5,7,12
085 St.Christina in Gröden,55,,11,5,16
085 St.Christina in Gröden,56,,6,5,11
085 St.Christina in Gröden,57,,8,11,19
085 St.Christina in Gröden,58,,8,5,13
085 St.Christina in Gröden,59,,5,7,12
085 St.Christina in Gröden,60,,8,10,18
085 St.Christina in Gröden,61,,6,7,13
085 St.Christina in Gröden,62,,5,11,16
085 St.Christina in Gröden,63,,12,15,27
085 St.Christina in Gröden,64,,10,7,17
085 St.Christina in Gröden,65,,12,8,20
085 St.Christina in Gröden,66,,9,11,20
085 St.Christina in Gröden,67,,9,10,19
085 St.Christina in Gröden,68,,7,8,15
085 St.Christina in Gröden,69,,9,4,13
085 St.Christina in Gröden,70,,11,10,21
085 St.Christina in Gröden,71,,12,5,17
085 St.Christina in Gröden,72,,7,12,19
085 St.Christina in Gröden,73,,5,12,17
085 St.Christina in Gröden,74,,7,8,15
085 St.Christina in Gröden,75,,2,7,9
085 St.Christina in Gröden,76,,13,4,17
085 St.Christina in Gröden,77,,2,9,11
085 St.Christina in Gröden,78,,4,4,8
085 St.Christina in Gröden,79,,5,6,11
085 St.Christina in Gröden,80,,8,5,13
085 St.Christina in Gröden,81,,4,7,11
085 St.Christina in Gröden,82,,2,2,4
085 St.Christina in Gröden,83,,2,4,6
085 St.Christina in Gröden,84,,-,10,10
085 St.Christina in Gröden,85,,1,3,4
085 St.Christina in Gröden,86,,1,3,4
085 St.Christina in Gröden,87,,3,1,4
085 St.Christina in Gröden,90,,-,2,2
085 St.Christina in Gröden,91,,2,1,3
085 St.Christina in Gröden,92,,-,1,1
085 St.Christina in Gröden,93,,2,-,2
086 Sarntal,0,,44,51,95
086 Sarntal,1,,37,37,74
086 Sarntal,2,,43,38,81
086 Sarntal,3,,48,33,81
086 Sarntal,4,,28,42,70
086 Sarntal,5,,48,28,76
086 Sarntal,6,,37,41,78
086 Sarntal,7,,34,35,69
086 Sarntal,8,,51,41,92
086 Sarntal,9,,45,46,91
086 Sarntal,10,,48,42,90
086 Sarntal,11,,43,43,86
086 Sarntal,12,,33,41,74
086 Sarntal,13,,33,39,72
086 Sarntal,14,,44,37,81
086 Sarntal,15,,43,42,85
086 Sarntal,16,,45,33,78
086 Sarntal,17,,55,36,91
086 Sarntal,18,,43,42,85
086 Sarntal,19,,36,30,66
086 Sarntal,20,,38,41,79
086 Sarntal,21,,44,39,83
086 Sarntal,22,,40,39,79
086 Sarntal,23,,55,40,95
086 Sarntal,24,,62,48,110
086 Sarntal,25,,42,57,99
086 Sarntal,26,,59,47,106
086 Sarntal,27,,61,51,112
086 Sarntal,28,,56,54,110
086 Sarntal,29,,58,42,100
086 Sarntal,30,,48,40,88
086 Sarntal,31,,61,48,109
086 Sarntal,32,,51,64,115
086 Sarntal,33,,63,62,125
086 Sarntal,34,,70,40,110
086 Sarntal,35,,43,50,93
086 Sarntal,36,,66,57,123
086 Sarntal,37,,60,54,114
086 Sarntal,38,,53,45,98
086 Sarntal,39,,57,47,104
086 Sarntal,40,,52,52,104
086 Sarntal,41,,68,52,120
086 Sarntal,42,,58,61,119
086 Sarntal,43,,44,43,87
086 Sarntal,44,,64,34,98
086 Sarntal,45,,39,46,85
086 Sarntal,46,,65,48,113
086 Sarntal,47,,40,42,82
086 Sarntal,48,,52,43,95
086 Sarntal,49,,37,42,79
086 Sarntal,50,,40,30,70
086 Sarntal,51,,41,40,81
086 Sarntal,52,,38,30,68
086 Sarntal,53,,42,30,72
086 Sarntal,54,,35,41,76
086 Sarntal,55,,45,35,80
086 Sarntal,56,,38,34,72
086 Sarntal,57,,50,25,75
086 Sarntal,58,,33,39,72
086 Sarntal,59,,38,28,66
086 Sarntal,60,,34,36,70
086 Sarntal,61,,29,32,61
086 Sarntal,62,,29,31,60
086 Sarntal,63,,39,38,77
086 Sarntal,64,,39,38,77
086 Sarntal,65,,34,30,64
086 Sarntal,66,,29,44,73
086 Sarntal,67,,37,32,69
086 Sarntal,68,,32,27,59
086 Sarntal,69,,23,32,55
086 Sarntal,70,,18,24,42
086 Sarntal,71,,19,24,43
086 Sarntal,72,,25,18,43
086 Sarntal,73,,20,24,44
086 Sarntal,74,,24,24,48
086 Sarntal,75,,16,25,41
086 Sarntal,76,,16,23,39
086 Sarntal,77,,18,31,49
086 Sarntal,78,,18,26,44
086 Sarntal,79,,14,32,46
086 Sarntal,80,,16,14,30
086 Sarntal,81,,17,18,35
086 Sarntal,82,,9,19,28
086 Sarntal,83,,8,19,27
086 Sarntal,84,,8,27,35
086 Sarntal,85,,5,9,14
086 Sarntal,86,,7,13,20
086 Sarntal,87,,3,14,17
086 Sarntal,88,,2,9,11
086 Sarntal,89,,2,7,9
086 Sarntal,90,,-,3,3
086 Sarntal,91,,1,3,4
086 Sarntal,92,,-,3,3
086 Sarntal,93,,6,4,10
086 Sarntal,94,,1,4,5
086 Sarntal,95,,-,1,1
086 Sarntal,96,,-,1,1
086 Sarntal,97,,-,1,1
086 Sarntal,99,,1,1,2
087 Schenna,0,,24,20,44
087 Schenna,1,,13,13,26
087 Schenna,2,,21,18,39
087 Schenna,3,,11,14,25
087 Schenna,4,,14,18,32
087 Schenna,5,,19,15,34
087 Schenna,6,,19,20,39
087 Schenna,7,,23,19,42
087 Schenna,8,,16,12,28
087 Schenna,9,,13,19,32
087 Schenna,10,,17,18,35
087 Schenna,11,,19,18,37
087 Schenna,12,,20,16,36
087 Schenna,13,,12,8,20
087 Schenna,14,,17,16,33
087 Schenna,15,,12,20,32
087 Schenna,16,,19,16,35
087 Schenna,17,,20,12,32
087 Schenna,18,,21,19,40
087 Schenna,19,,21,17,38
087 Schenna,20,,18,13,31
087 Schenna,21,,16,18,34
087 Schenna,22,,15,15,30
087 Schenna,23,,16,11,27
087 Schenna,24,,13,13,26
087 Schenna,25,,22,8,30
087 Schenna,26,,18,21,39
087 Schenna,27,,23,19,42
087 Schenna,28,,12,18,30
087 Schenna,29,,18,22,40
087 Schenna,30,,21,18,39
087 Schenna,31,,18,30,48
087 Schenna,32,,32,20,52
087 Schenna,33,,26,22,48
087 Schenna,34,,27,15,42
087 Schenna,35,,26,27,53
087 Schenna,36,,21,24,45
087 Schenna,37,,25,20,45
087 Schenna,38,,24,22,46
087 Schenna,39,,31,21,52
087 Schenna,40,,16,19,35
087 Schenna,41,,27,29,56
087 Schenna,42,,22,24,46
087 Schenna,43,,26,19,45
087 Schenna,44,,21,11,32
087 Schenna,45,,29,23,52
087 Schenna,46,,34,24,58
087 Schenna,47,,14,12,26
087 Schenna,48,,23,19,42
087 Schenna,49,,13,19,32
087 Schenna,50,,18,17,35
087 Schenna,51,,11,16,27
087 Schenna,52,,14,17,31
087 Schenna,53,,15,15,30
087 Schenna,54,,13,16,29
087 Schenna,55,,14,12,26
087 Schenna,56,,18,14,32
087 Schenna,57,,20,18,38
087 Schenna,58,,15,15,30
087 Schenna,59,,16,18,34
087 Schenna,60,,17,21,38
087 Schenna,61,,16,13,29
087 Schenna,62,,17,9,26
087 Schenna,63,,20,13,33
087 Schenna,64,,9,19,28
087 Schenna,65,,12,13,25
087 Schenna,66,,10,10,20
087 Schenna,67,,10,14,24
087 Schenna,68,,16,17,33
087 Schenna,69,,7,10,17
087 Schenna,70,,8,11,19
087 Schenna,71,,13,10,23
087 Schenna,72,,12,15,27
087 Schenna,73,,7,9,16
087 Schenna,74,,10,11,21
087 Schenna,75,,10,10,20
087 Schenna,76,,11,6,17
087 Schenna,77,,6,10,16
087 Schenna,78,,7,9,16
087 Schenna,79,,4,13,17
087 Schenna,80,,4,7,11
087 Schenna,81,,1,8,9
087 Schenna,82,,7,8,15
087 Schenna,83,,3,4,7
087 Schenna,84,,8,5,13
087 Schenna,85,,5,9,14
087 Schenna,86,,2,3,5
087 Schenna,87,,2,4,6
087 Schenna,88,,-,1,1
087 Schenna,89,,1,1,2
087 Schenna,90,,1,1,2
087 Schenna,92,,1,-,1
087 Schenna,93,,-,2,2
087 Schenna,94,,2,2,4
087 Schenna,96,,-,1,1
087 Schenna,97,,-,1,1
087 Schenna,100,,1,-,1
088 Mühlwald,0,,5,9,14
088 Mühlwald,1,,7,6,13
088 Mühlwald,2,,9,10,19
088 Mühlwald,3,,15,10,25
088 Mühlwald,4,,8,12,20
088 Mühlwald,5,,9,13,22
088 Mühlwald,6,,8,11,19
088 Mühlwald,7,,13,9,22
088 Mühlwald,8,,12,13,25
088 Mühlwald,9,,11,8,19
088 Mühlwald,10,,14,12,26
088 Mühlwald,11,,13,4,17
088 Mühlwald,12,,9,6,15
088 Mühlwald,13,,14,12,26
088 Mühlwald,14,,5,5,10
088 Mühlwald,15,,11,6,17
088 Mühlwald,16,,9,6,15
088 Mühlwald,17,,16,8,24
088 Mühlwald,18,,8,3,11
088 Mühlwald,19,,9,14,23
088 Mühlwald,20,,6,7,13
088 Mühlwald,21,,11,18,29
088 Mühlwald,22,,11,17,28
088 Mühlwald,23,,11,9,20
088 Mühlwald,24,,8,14,22
088 Mühlwald,25,,16,13,29
088 Mühlwald,26,,21,4,25
088 Mühlwald,27,,7,17,24
088 Mühlwald,28,,12,8,20
088 Mühlwald,29,,8,6,14
088 Mühlwald,30,,13,10,23
088 Mühlwald,31,,11,9,20
088 Mühlwald,32,,10,4,14
088 Mühlwald,33,,16,8,24
088 Mühlwald,34,,9,9,18
088 Mühlwald,35,,16,14,30
088 Mühlwald,36,,7,10,17
088 Mühlwald,37,,14,15,29
088 Mühlwald,38,,16,10,26
088 Mühlwald,39,,18,13,31
088 Mühlwald,40,,13,7,20
088 Mühlwald,41,,17,14,31
088 Mühlwald,42,,16,10,26
088 Mühlwald,43,,10,11,21
088 Mühlwald,44,,8,11,19
088 Mühlwald,45,,6,10,16
088 Mühlwald,46,,14,9,23
088 Mühlwald,47,,14,5,19
088 Mühlwald,48,,9,5,14
088 Mühlwald,49,,13,12,25
088 Mühlwald,50,,7,8,15
088 Mühlwald,51,,7,8,15
088 Mühlwald,52,,9,4,13
088 Mühlwald,53,,10,9,19
088 Mühlwald,54,,10,7,17
088 Mühlwald,55,,9,4,13
088 Mühlwald,56,,5,9,14
088 Mühlwald,57,,9,3,12
088 Mühlwald,58,,12,4,16
088 Mühlwald,59,,10,7,17
088 Mühlwald,60,,8,3,11
088 Mühlwald,61,,4,4,8
088 Mühlwald,62,,8,4,12
088 Mühlwald,63,,10,2,12
088 Mühlwald,64,,6,7,13
088 Mühlwald,65,,4,7,11
088 Mühlwald,66,,3,9,12
088 Mühlwald,67,,6,11,17
088 Mühlwald,68,,8,4,12
088 Mühlwald,69,,11,3,14
088 Mühlwald,70,,4,3,7
088 Mühlwald,71,,5,3,8
088 Mühlwald,72,,4,6,10
088 Mühlwald,73,,3,10,13
088 Mühlwald,74,,1,2,3
088 Mühlwald,75,,5,5,10
088 Mühlwald,76,,3,5,8
088 Mühlwald,77,,6,8,14
088 Mühlwald,78,,4,4,8
088 Mühlwald,79,,6,2,8
088 Mühlwald,80,,3,5,8
088 Mühlwald,81,,3,1,4
088 Mühlwald,82,,6,2,8
088 Mühlwald,83,,-,4,4
088 Mühlwald,84,,-,2,2
088 Mühlwald,85,,-,5,5
088 Mühlwald,86,,1,-,1
088 Mühlwald,87,,-,1,1
088 Mühlwald,88,,-,2,2
088 Mühlwald,89,,3,-,3
088 Mühlwald,90,,-,1,1
088 Mühlwald,91,,-,1,1
088 Mühlwald,92,,1,-,1
088 Mühlwald,93,,-,1,1
088 Mühlwald,98,,1,-,1
089 Wolkenstein in Gröden,0,,11,17,28
089 Wolkenstein in Gröden,1,,14,19,33
089 Wolkenstein in Gröden,2,,14,8,22
089 Wolkenstein in Gröden,3,,16,17,33
089 Wolkenstein in Gröden,4,,25,19,44
089 Wolkenstein in Gröden,5,,20,19,39
089 Wolkenstein in Gröden,6,,19,22,41
089 Wolkenstein in Gröden,7,,12,17,29
089 Wolkenstein in Gröden,8,,14,23,37
089 Wolkenstein in Gröden,9,,21,30,51
089 Wolkenstein in Gröden,10,,15,13,28
089 Wolkenstein in Gröden,11,,17,11,28
089 Wolkenstein in Gröden,12,,15,18,33
089 Wolkenstein in Gröden,13,,13,16,29
089 Wolkenstein in Gröden,14,,23,14,37
089 Wolkenstein in Gröden,15,,18,17,35
089 Wolkenstein in Gröden,16,,12,11,23
089 Wolkenstein in Gröden,17,,16,13,29
089 Wolkenstein in Gröden,18,,17,17,34
089 Wolkenstein in Gröden,19,,11,22,33
089 Wolkenstein in Gröden,20,,17,14,31
089 Wolkenstein in Gröden,21,,16,11,27
089 Wolkenstein in Gröden,22,,13,11,24
089 Wolkenstein in Gröden,23,,15,10,25
089 Wolkenstein in Gröden,24,,10,18,28
089 Wolkenstein in Gröden,25,,17,12,29
089 Wolkenstein in Gröden,26,,17,12,29
089 Wolkenstein in Gröden,27,,6,15,21
089 Wolkenstein in Gröden,28,,7,10,17
089 Wolkenstein in Gröden,29,,11,10,21
089 Wolkenstein in Gröden,30,,14,10,24
089 Wolkenstein in Gröden,31,,21,19,40
089 Wolkenstein in Gröden,32,,13,18,31
089 Wolkenstein in Gröden,33,,26,20,46
089 Wolkenstein in Gröden,34,,18,21,39
089 Wolkenstein in Gröden,35,,20,24,44
089 Wolkenstein in Gröden,36,,24,26,50
089 Wolkenstein in Gröden,37,,28,20,48
089 Wolkenstein in Gröden,38,,26,24,50
089 Wolkenstein in Gröden,39,,31,26,57
089 Wolkenstein in Gröden,40,,27,22,49
089 Wolkenstein in Gröden,41,,22,33,55
089 Wolkenstein in Gröden,42,,28,21,49
089 Wolkenstein in Gröden,43,,22,22,44
089 Wolkenstein in Gröden,44,,21,20,41
089 Wolkenstein in Gröden,45,,25,27,52
089 Wolkenstein in Gröden,46,,23,22,45
089 Wolkenstein in Gröden,47,,14,16,30
089 Wolkenstein in Gröden,48,,17,16,33
089 Wolkenstein in Gröden,49,,20,17,37
089 Wolkenstein in Gröden,50,,11,14,25
089 Wolkenstein in Gröden,51,,14,10,24
089 Wolkenstein in Gröden,52,,15,9,24
089 Wolkenstein in Gröden,53,,8,14,22
089 Wolkenstein in Gröden,54,,11,7,18
089 Wolkenstein in Gröden,55,,13,12,25
089 Wolkenstein in Gröden,56,,6,17,23
089 Wolkenstein in Gröden,57,,17,12,29
089 Wolkenstein in Gröden,58,,13,14,27
089 Wolkenstein in Gröden,59,,11,17,28
089 Wolkenstein in Gröden,60,,17,18,35
089 Wolkenstein in Gröden,61,,5,14,19
089 Wolkenstein in Gröden,62,,12,9,21
089 Wolkenstein in Gröden,63,,21,14,35
089 Wolkenstein in Gröden,64,,12,12,24
089 Wolkenstein in Gröden,65,,14,17,31
089 Wolkenstein in Gröden,66,,15,17,32
089 Wolkenstein in Gröden,67,,17,14,31
089 Wolkenstein in Gröden,68,,19,7,26
089 Wolkenstein in Gröden,69,,10,19,29
089 Wolkenstein in Gröden,70,,9,15,24
089 Wolkenstein in Gröden,71,,14,8,22
089 Wolkenstein in Gröden,72,,17,10,27
089 Wolkenstein in Gröden,73,,6,11,17
089 Wolkenstein in Gröden,74,,5,9,14
089 Wolkenstein in Gröden,75,,8,9,17
089 Wolkenstein in Gröden,76,,7,10,17
089 Wolkenstein in Gröden,77,,8,7,15
089 Wolkenstein in Gröden,78,,5,9,14
089 Wolkenstein in Gröden,79,,10,6,16
089 Wolkenstein in Gröden,80,,6,5,11
089 Wolkenstein in Gröden,81,,4,6,10
089 Wolkenstein in Gröden,82,,3,10,13
089 Wolkenstein in Gröden,83,,4,6,10
089 Wolkenstein in Gröden,84,,5,9,14
089 Wolkenstein in Gröden,85,,1,5,6
089 Wolkenstein in Gröden,86,,3,4,7
089 Wolkenstein in Gröden,87,,1,2,3
089 Wolkenstein in Gröden,89,,1,2,3
089 Wolkenstein in Gröden,91,,-,2,2
089 Wolkenstein in Gröden,92,,1,1,2
089 Wolkenstein in Gröden,94,,-,3,3
089 Wolkenstein in Gröden,95,,-,3,3
089 Wolkenstein in Gröden,97,,-,1,1
089 Wolkenstein in Gröden,99,,-,1,1
091 Schnals,0,,4,5,9
091 Schnals,1,,7,5,12
091 Schnals,2,,8,6,14
091 Schnals,3,,2,6,8
091 Schnals,4,,12,1,13
091 Schnals,5,,4,4,8
091 Schnals,6,,5,5,10
091 Schnals,7,,6,9,15
091 Schnals,8,,7,16,23
091 Schnals,9,,13,10,23
091 Schnals,10,,7,14,21
091 Schnals,11,,5,8,13
091 Schnals,12,,4,7,11
091 Schnals,13,,11,5,16
091 Schnals,14,,13,10,23
091 Schnals,15,,13,9,22
091 Schnals,16,,5,7,12
091 Schnals,17,,19,9,28
091 Schnals,18,,10,5,15
091 Schnals,19,,12,9,21
091 Schnals,20,,9,10,19
091 Schnals,21,,7,9,16
091 Schnals,22,,14,15,29
091 Schnals,23,,8,7,15
091 Schnals,24,,11,5,16
091 Schnals,25,,16,8,24
091 Schnals,26,,14,10,24
091 Schnals,27,,9,10,19
091 Schnals,28,,12,11,23
091 Schnals,29,,9,7,16
091 Schnals,30,,12,1,13
091 Schnals,31,,5,6,11
091 Schnals,32,,14,8,22
091 Schnals,33,,7,9,16
091 Schnals,34,,9,10,19
091 Schnals,35,,13,11,24
091 Schnals,36,,14,10,24
091 Schnals,37,,13,8,21
091 Schnals,38,,10,10,20
091 Schnals,39,,16,11,27
091 Schnals,40,,14,15,29
091 Schnals,41,,17,6,23
091 Schnals,42,,7,9,16
091 Schnals,43,,9,15,24
091 Schnals,44,,14,12,26
091 Schnals,45,,12,13,25
091 Schnals,46,,11,8,19
091 Schnals,47,,17,14,31
091 Schnals,48,,11,10,21
091 Schnals,49,,13,5,18
091 Schnals,50,,14,5,19
091 Schnals,51,,9,6,15
091 Schnals,52,,10,10,20
091 Schnals,53,,12,9,21
091 Schnals,54,,13,7,20
091 Schnals,55,,12,8,20
091 Schnals,56,,10,7,17
091 Schnals,57,,10,9,19
091 Schnals,58,,3,3,6
091 Schnals,59,,10,8,18
091 Schnals,60,,5,6,11
091 Schnals,61,,7,4,11
091 Schnals,62,,4,7,11
091 Schnals,63,,6,9,15
091 Schnals,64,,4,4,8
091 Schnals,65,,4,4,8
091 Schnals,66,,7,7,14
091 Schnals,67,,7,7,14
091 Schnals,68,,2,11,13
091 Schnals,69,,7,5,12
091 Schnals,70,,5,5,10
091 Schnals,71,,3,5,8
091 Schnals,72,,2,4,6
091 Schnals,73,,5,3,8
091 Schnals,74,,2,10,12
091 Schnals,75,,2,4,6
091 Schnals,76,,-,5,5
091 Schnals,77,,5,6,11
091 Schnals,78,,2,5,7
091 Schnals,79,,3,7,10
091 Schnals,80,,9,3,12
091 Schnals,81,,4,10,14
091 Schnals,82,,-,5,5
091 Schnals,83,,-,2,2
091 Schnals,84,,6,3,9
091 Schnals,85,,-,5,5
091 Schnals,86,,1,2,3
091 Schnals,87,,-,1,1
091 Schnals,88,,3,2,5
091 Schnals,89,,-,2,2
091 Schnals,90,,-,2,2
091 Schnals,91,,-,3,3
091 Schnals,92,,-,2,2
091 Schnals,93,,-,1,1
091 Schnals,94,,1,1,2
091 Schnals,95,,-,1,1
091 Schnals,97,,-,1,1
092 Sexten,0,,7,8,15
092 Sexten,1,,11,9,20
092 Sexten,2,,11,7,18
092 Sexten,3,,11,10,21
092 Sexten,4,,16,19,35
092 Sexten,5,,17,12,29
092 Sexten,6,,9,15,24
092 Sexten,7,,8,16,24
092 Sexten,8,,12,7,19
092 Sexten,9,,12,9,21
092 Sexten,10,,12,12,24
092 Sexten,11,,15,13,28
092 Sexten,12,,16,11,27
092 Sexten,13,,8,5,13
092 Sexten,14,,13,10,23
092 Sexten,15,,12,12,24
092 Sexten,16,,11,19,30
092 Sexten,17,,9,9,18
092 Sexten,18,,10,5,15
092 Sexten,19,,12,8,20
092 Sexten,20,,6,9,15
092 Sexten,21,,10,11,21
092 Sexten,22,,6,11,17
092 Sexten,23,,11,10,21
092 Sexten,24,,10,17,27
092 Sexten,25,,15,13,28
092 Sexten,26,,15,6,21
092 Sexten,27,,11,22,33
092 Sexten,28,,10,10,20
092 Sexten,29,,9,3,12
092 Sexten,30,,19,10,29
092 Sexten,31,,8,7,15
092 Sexten,32,,9,6,15
092 Sexten,33,,10,10,20
092 Sexten,34,,15,16,31
092 Sexten,35,,13,14,27
092 Sexten,36,,12,17,29
092 Sexten,37,,23,20,43
092 Sexten,38,,18,17,35
092 Sexten,39,,20,18,38
092 Sexten,40,,15,16,31
092 Sexten,41,,19,19,38
092 Sexten,42,,18,19,37
092 Sexten,43,,30,19,49
092 Sexten,44,,13,18,31
092 Sexten,45,,18,14,32
092 Sexten,46,,19,9,28
092 Sexten,47,,15,15,30
092 Sexten,48,,21,15,36
092 Sexten,49,,18,13,31
092 Sexten,50,,13,14,27
092 Sexten,51,,9,12,21
092 Sexten,52,,12,12,24
092 Sexten,53,,5,11,16
092 Sexten,54,,6,11,17
092 Sexten,55,,7,9,16
092 Sexten,56,,12,7,19
092 Sexten,57,,6,4,10
092 Sexten,58,,10,7,17
092 Sexten,59,,10,4,14
092 Sexten,60,,6,9,15
092 Sexten,61,,9,4,13
092 Sexten,62,,6,12,18
092 Sexten,63,,8,6,14
092 Sexten,64,,5,6,11
092 Sexten,65,,10,16,26
092 Sexten,66,,9,13,22
092 Sexten,67,,6,10,16
092 Sexten,68,,13,12,25
092 Sexten,69,,11,8,19
092 Sexten,70,,7,10,17
092 Sexten,71,,9,15,24
092 Sexten,72,,12,7,19
092 Sexten,73,,5,10,15
092 Sexten,74,,6,7,13
092 Sexten,75,,9,13,22
092 Sexten,76,,9,12,21
092 Sexten,77,,7,13,20
092 Sexten,78,,8,11,19
092 Sexten,79,,9,15,24
092 Sexten,80,,7,4,11
092 Sexten,81,,5,10,15
092 Sexten,82,,6,7,13
092 Sexten,83,,5,10,15
092 Sexten,84,,5,7,12
092 Sexten,85,,3,7,10
092 Sexten,86,,2,4,6
092 Sexten,87,,1,3,4
092 Sexten,88,,-,1,1
092 Sexten,89,,1,1,2
092 Sexten,90,,-,1,1
092 Sexten,92,,1,-,1
092 Sexten,93,,-,3,3
092 Sexten,94,,-,3,3
093 Schlanders,0,,24,24,48
093 Schlanders,1,,28,38,66
093 Schlanders,2,,29,36,65
093 Schlanders,3,,29,22,51
093 Schlanders,4,,28,29,57
093 Schlanders,5,,30,32,62
093 Schlanders,6,,39,40,79
093 Schlanders,7,,27,40,67
093 Schlanders,8,,42,39,81
093 Schlanders,9,,56,50,106
093 Schlanders,10,,43,38,81
093 Schlanders,11,,37,30,67
093 Schlanders,12,,40,39,79
093 Schlanders,13,,46,44,90
093 Schlanders,14,,34,44,78
093 Schlanders,15,,40,38,78
093 Schlanders,16,,52,40,92
093 Schlanders,17,,35,33,68
093 Schlanders,18,,37,43,80
093 Schlanders,19,,36,30,66
093 Schlanders,20,,35,35,70
093 Schlanders,21,,39,37,76
093 Schlanders,22,,39,42,81
093 Schlanders,23,,35,36,71
093 Schlanders,24,,46,41,87
093 Schlanders,25,,44,36,80
093 Schlanders,26,,35,33,68
093 Schlanders,27,,34,44,78
093 Schlanders,28,,51,40,91
093 Schlanders,29,,36,43,79
093 Schlanders,30,,42,33,75
093 Schlanders,31,,39,42,81
093 Schlanders,32,,56,37,93
093 Schlanders,33,,41,46,87
093 Schlanders,34,,54,35,89
093 Schlanders,35,,45,48,93
093 Schlanders,36,,47,57,104
093 Schlanders,37,,61,45,106
093 Schlanders,38,,49,41,90
093 Schlanders,39,,46,55,101
093 Schlanders,40,,47,56,103
093 Schlanders,41,,56,49,105
093 Schlanders,42,,40,43,83
093 Schlanders,43,,54,60,114
093 Schlanders,44,,54,44,98
093 Schlanders,45,,43,58,101
093 Schlanders,46,,45,44,89
093 Schlanders,47,,40,40,80
093 Schlanders,48,,47,55,102
093 Schlanders,49,,43,35,78
093 Schlanders,50,,25,35,60
093 Schlanders,51,,27,37,64
093 Schlanders,52,,31,32,63
093 Schlanders,53,,35,37,72
093 Schlanders,54,,32,23,55
093 Schlanders,55,,30,31,61
093 Schlanders,56,,24,30,54
093 Schlanders,57,,29,37,66
093 Schlanders,58,,38,27,65
093 Schlanders,59,,23,24,47
093 Schlanders,60,,29,20,49
093 Schlanders,61,,31,14,45
093 Schlanders,62,,28,32,60
093 Schlanders,63,,29,32,61
093 Schlanders,64,,35,36,71
093 Schlanders,65,,32,37,69
093 Schlanders,66,,28,28,56
093 Schlanders,67,,29,35,64
093 Schlanders,68,,13,22,35
093 Schlanders,69,,26,26,52
093 Schlanders,70,,18,26,44
093 Schlanders,71,,17,25,42
093 Schlanders,72,,19,22,41
093 Schlanders,73,,19,30,49
093 Schlanders,74,,19,16,35
093 Schlanders,75,,24,18,42
093 Schlanders,76,,15,25,40
093 Schlanders,77,,13,14,27
093 Schlanders,78,,16,22,38
093 Schlanders,79,,16,22,38
093 Schlanders,80,,13,22,35
093 Schlanders,81,,10,17,27
093 Schlanders,82,,11,15,26
093 Schlanders,83,,7,14,21
093 Schlanders,84,,6,13,19
093 Schlanders,85,,5,9,14
093 Schlanders,86,,3,14,17
093 Schlanders,87,,3,10,13
093 Schlanders,88,,4,11,15
093 Schlanders,89,,3,1,4
093 Schlanders,90,,1,2,3
093 Schlanders,91,,3,2,5
093 Schlanders,92,,3,4,7
093 Schlanders,93,,1,3,4
093 Schlanders,94,,-,5,5
093 Schlanders,95,,1,2,3
093 Schlanders,96,,-,3,3
093 Schlanders,97,,-,1,1
093 Schlanders,100,,-,1,1
093 Schlanders,103,,-,1,1
094 Schluderns,0,,7,7,14
094 Schluderns,1,,7,9,16
094 Schluderns,2,,6,14,20
094 Schluderns,3,,13,11,24
094 Schluderns,4,,14,9,23
094 Schluderns,5,,13,8,21
094 Schluderns,6,,17,8,25
094 Schluderns,7,,8,15,23
094 Schluderns,8,,6,10,16
094 Schluderns,9,,13,11,24
094 Schluderns,10,,12,16,28
094 Schluderns,11,,9,12,21
094 Schluderns,12,,13,18,31
094 Schluderns,13,,17,7,24
094 Schluderns,14,,8,10,18
094 Schluderns,15,,9,10,19
094 Schluderns,16,,22,7,29
094 Schluderns,17,,15,12,27
094 Schluderns,18,,11,13,24
094 Schluderns,19,,6,10,16
094 Schluderns,20,,13,21,34
094 Schluderns,21,,18,13,31
094 Schluderns,22,,16,10,26
094 Schluderns,23,,12,7,19
094 Schluderns,24,,9,15,24
094 Schluderns,25,,22,13,35
094 Schluderns,26,,6,6,12
094 Schluderns,27,,6,16,22
094 Schluderns,28,,11,11,22
094 Schluderns,29,,13,8,21
094 Schluderns,30,,10,15,25
094 Schluderns,31,,17,10,27
094 Schluderns,32,,17,13,30
094 Schluderns,33,,22,11,33
094 Schluderns,34,,13,13,26
094 Schluderns,35,,13,13,26
094 Schluderns,36,,10,15,25
094 Schluderns,37,,19,9,28
094 Schluderns,38,,19,17,36
094 Schluderns,39,,14,16,30
094 Schluderns,40,,16,16,32
094 Schluderns,41,,26,9,35
094 Schluderns,42,,26,12,38
094 Schluderns,43,,13,19,32
094 Schluderns,44,,11,19,30
094 Schluderns,45,,16,16,32
094 Schluderns,46,,10,4,14
094 Schluderns,47,,14,19,33
094 Schluderns,48,,10,12,22
094 Schluderns,49,,17,7,24
094 Schluderns,50,,10,16,26
094 Schluderns,51,,17,11,28
094 Schluderns,52,,14,7,21
094 Schluderns,53,,12,8,20
094 Schluderns,54,,7,5,12
094 Schluderns,55,,11,3,14
094 Schluderns,56,,9,13,22
094 Schluderns,57,,13,10,23
094 Schluderns,58,,10,9,19
094 Schluderns,59,,6,6,12
094 Schluderns,60,,8,9,17
094 Schluderns,61,,6,3,9
094 Schluderns,62,,4,12,16
094 Schluderns,63,,3,8,11
094 Schluderns,64,,8,7,15
094 Schluderns,65,,10,14,24
094 Schluderns,66,,8,5,13
094 Schluderns,67,,13,8,21
094 Schluderns,68,,9,9,18
094 Schluderns,69,,7,10,17
094 Schluderns,70,,5,6,11
094 Schluderns,71,,4,10,14
094 Schluderns,72,,9,11,20
094 Schluderns,73,,5,9,14
094 Schluderns,74,,11,10,21
094 Schluderns,75,,4,7,11
094 Schluderns,76,,7,9,16
094 Schluderns,77,,5,6,11
094 Schluderns,78,,6,9,15
094 Schluderns,79,,4,1,5
094 Schluderns,80,,2,12,14
094 Schluderns,81,,2,7,9
094 Schluderns,82,,2,2,4
094 Schluderns,83,,1,5,6
094 Schluderns,84,,4,2,6
094 Schluderns,85,,-,5,5
094 Schluderns,86,,-,2,2
094 Schluderns,87,,2,3,5
094 Schluderns,88,,2,3,5
094 Schluderns,89,,1,2,3
094 Schluderns,90,,-,2,2
094 Schluderns,91,,1,2,3
094 Schluderns,92,,1,1,2
094 Schluderns,93,,1,-,1
094 Schluderns,94,,-,1,1
094 Schluderns,97,,-,1,1
095 Stilfs,0,,7,6,13
095 Stilfs,1,,6,5,11
095 Stilfs,2,,7,5,12
095 Stilfs,3,,6,7,13
095 Stilfs,4,,5,3,8
095 Stilfs,5,,5,11,16
095 Stilfs,6,,10,4,14
095 Stilfs,7,,2,7,9
095 Stilfs,8,,7,3,10
095 Stilfs,9,,9,11,20
095 Stilfs,10,,12,1,13
095 Stilfs,11,,7,6,13
095 Stilfs,12,,8,6,14
095 Stilfs,13,,5,15,20
095 Stilfs,14,,3,9,12
095 Stilfs,15,,11,5,16
095 Stilfs,16,,17,7,24
095 Stilfs,17,,10,6,16
095 Stilfs,18,,6,4,10
095 Stilfs,19,,6,7,13
095 Stilfs,20,,9,8,17
095 Stilfs,21,,13,4,17
095 Stilfs,22,,14,6,20
095 Stilfs,23,,8,6,14
095 Stilfs,24,,12,5,17
095 Stilfs,25,,10,3,13
095 Stilfs,26,,7,4,11
095 Stilfs,27,,5,6,11
095 Stilfs,28,,7,7,14
095 Stilfs,29,,10,5,15
095 Stilfs,30,,13,4,17
095 Stilfs,31,,9,8,17
095 Stilfs,32,,5,7,12
095 Stilfs,33,,6,18,24
095 Stilfs,34,,12,10,22
095 Stilfs,35,,12,12,24
095 Stilfs,36,,10,13,23
095 Stilfs,37,,12,12,24
095 Stilfs,38,,8,11,19
095 Stilfs,39,,9,9,18
095 Stilfs,40,,15,8,23
095 Stilfs,41,,11,10,21
095 Stilfs,42,,11,5,16
095 Stilfs,43,,9,5,14
095 Stilfs,44,,9,16,25
095 Stilfs,45,,9,2,11
095 Stilfs,46,,8,6,14
095 Stilfs,47,,10,8,18
095 Stilfs,48,,6,12,18
095 Stilfs,49,,9,6,15
095 Stilfs,50,,5,12,17
095 Stilfs,51,,4,3,7
095 Stilfs,52,,15,9,24
095 Stilfs,53,,10,5,15
095 Stilfs,54,,11,5,16
095 Stilfs,55,,14,10,24
095 Stilfs,56,,1,8,9
095 Stilfs,57,,7,3,10
095 Stilfs,58,,8,10,18
095 Stilfs,59,,6,4,10
095 Stilfs,60,,10,10,20
095 Stilfs,61,,2,4,6
095 Stilfs,62,,13,9,22
095 Stilfs,63,,9,7,16
095 Stilfs,64,,5,12,17
095 Stilfs,65,,7,4,11
095 Stilfs,66,,7,11,18
095 Stilfs,67,,5,9,14
095 Stilfs,68,,4,5,9
095 Stilfs,69,,7,5,12
095 Stilfs,70,,3,9,12
095 Stilfs,71,,3,7,10
095 Stilfs,72,,6,4,10
095 Stilfs,73,,4,6,10
095 Stilfs,74,,3,7,10
095 Stilfs,75,,3,4,7
095 Stilfs,76,,5,7,12
095 Stilfs,77,,5,1,6
095 Stilfs,78,,4,7,11
095 Stilfs,79,,5,6,11
095 Stilfs,80,,3,5,8
095 Stilfs,81,,3,3,6
095 Stilfs,82,,-,6,6
095 Stilfs,83,,2,5,7
095 Stilfs,84,,1,5,6
095 Stilfs,85,,1,5,6
095 Stilfs,86,,-,6,6
095 Stilfs,87,,1,-,1
095 Stilfs,88,,-,1,1
095 Stilfs,89,,-,1,1
095 Stilfs,90,,-,3,3
095 Stilfs,92,,2,1,3
095 Stilfs,93,,-,1,1
095 Stilfs,94,,-,1,1
095 Stilfs,96,,-,1,1
095 Stilfs,97,,-,1,1
096 Terenten,0,,14,8,22
096 Terenten,1,,17,9,26
096 Terenten,2,,12,20,32
096 Terenten,3,,10,12,22
096 Terenten,4,,8,9,17
096 Terenten,5,,10,14,24
096 Terenten,6,,10,9,19
096 Terenten,7,,10,17,27
096 Terenten,8,,20,19,39
096 Terenten,9,,9,7,16
096 Terenten,10,,12,11,23
096 Terenten,11,,12,8,20
096 Terenten,12,,14,14,28
096 Terenten,13,,7,13,20
096 Terenten,14,,9,8,17
096 Terenten,15,,6,16,22
096 Terenten,16,,13,16,29
096 Terenten,17,,14,7,21
096 Terenten,18,,10,8,18
096 Terenten,19,,16,7,23
096 Terenten,20,,10,9,19
096 Terenten,21,,11,16,27
096 Terenten,22,,13,11,24
096 Terenten,23,,14,17,31
096 Terenten,24,,12,10,22
096 Terenten,25,,14,7,21
096 Terenten,26,,12,14,26
096 Terenten,27,,9,11,20
096 Terenten,28,,18,17,35
096 Terenten,29,,10,6,16
096 Terenten,30,,17,10,27
096 Terenten,31,,15,11,26
096 Terenten,32,,16,17,33
096 Terenten,33,,10,20,30
096 Terenten,34,,20,11,31
096 Terenten,35,,15,17,32
096 Terenten,36,,20,10,30
096 Terenten,37,,17,14,31
096 Terenten,38,,12,15,27
096 Terenten,39,,16,16,32
096 Terenten,40,,11,18,29
096 Terenten,41,,17,10,27
096 Terenten,42,,16,14,30
096 Terenten,43,,24,13,37
096 Terenten,44,,20,11,31
096 Terenten,45,,10,16,26
096 Terenten,46,,12,9,21
096 Terenten,47,,14,11,25
096 Terenten,48,,13,8,21
096 Terenten,49,,12,9,21
096 Terenten,50,,9,12,21
096 Terenten,51,,12,10,22
096 Terenten,52,,16,11,27
096 Terenten,53,,9,6,15
096 Terenten,54,,7,7,14
096 Terenten,55,,5,6,11
096 Terenten,56,,8,7,15
096 Terenten,57,,9,6,15
096 Terenten,58,,10,8,18
096 Terenten,59,,7,3,10
096 Terenten,60,,8,3,11
096 Terenten,61,,6,3,9
096 Terenten,62,,3,6,9
096 Terenten,63,,8,4,12
096 Terenten,64,,5,5,10
096 Terenten,65,,6,4,10
096 Terenten,66,,8,5,13
096 Terenten,67,,2,6,8
096 Terenten,68,,4,10,14
096 Terenten,69,,6,5,11
096 Terenten,70,,4,9,13
096 Terenten,71,,7,5,12
096 Terenten,72,,1,4,5
096 Terenten,73,,5,3,8
096 Terenten,74,,4,4,8
096 Terenten,75,,6,9,15
096 Terenten,76,,5,6,11
096 Terenten,77,,4,4,8
096 Terenten,78,,5,6,11
096 Terenten,79,,2,3,5
096 Terenten,80,,3,7,10
096 Terenten,81,,6,2,8
096 Terenten,82,,1,6,7
096 Terenten,83,,4,3,7
096 Terenten,84,,1,1,2
096 Terenten,85,,-,2,2
096 Terenten,86,,2,3,5
096 Terenten,87,,1,1,2
096 Terenten,88,,-,2,2
096 Terenten,89,,1,-,1
096 Terenten,90,,-,1,1
096 Terenten,92,,2,1,3
096 Terenten,94,,-,1,1
097 Terlan,0,,20,30,50
097 Terlan,1,,14,26,40
097 Terlan,2,,24,23,47
097 Terlan,3,,26,24,50
097 Terlan,4,,18,20,38
097 Terlan,5,,21,26,47
097 Terlan,6,,31,28,59
097 Terlan,7,,30,20,50
097 Terlan,8,,21,21,42
097 Terlan,9,,32,29,61
097 Terlan,10,,16,23,39
097 Terlan,11,,27,25,52
097 Terlan,12,,20,19,39
097 Terlan,13,,27,22,49
097 Terlan,14,,23,30,53
097 Terlan,15,,26,20,46
097 Terlan,16,,15,24,39
097 Terlan,17,,22,29,51
097 Terlan,18,,22,19,41
097 Terlan,19,,25,16,41
097 Terlan,20,,16,22,38
097 Terlan,21,,26,17,43
097 Terlan,22,,15,14,29
097 Terlan,23,,22,14,36
097 Terlan,24,,22,18,40
097 Terlan,25,,17,23,40
097 Terlan,26,,33,27,60
097 Terlan,27,,17,26,43
097 Terlan,28,,19,24,43
097 Terlan,29,,27,28,55
097 Terlan,30,,33,35,68
097 Terlan,31,,33,25,58
097 Terlan,32,,27,43,70
097 Terlan,33,,24,32,56
097 Terlan,34,,46,25,71
097 Terlan,35,,33,27,60
097 Terlan,36,,41,42,83
097 Terlan,37,,33,35,68
097 Terlan,38,,38,29,67
097 Terlan,39,,28,39,67
097 Terlan,40,,38,25,63
097 Terlan,41,,35,28,63
097 Terlan,42,,31,27,58
097 Terlan,43,,35,34,69
097 Terlan,44,,32,35,67
097 Terlan,45,,43,26,69
097 Terlan,46,,26,36,62
097 Terlan,47,,20,25,45
097 Terlan,48,,31,25,56
097 Terlan,49,,24,25,49
097 Terlan,50,,32,32,64
097 Terlan,51,,21,21,42
097 Terlan,52,,23,20,43
097 Terlan,53,,18,26,44
097 Terlan,54,,18,26,44
097 Terlan,55,,20,18,38
097 Terlan,56,,22,24,46
097 Terlan,57,,20,17,37
097 Terlan,58,,18,21,39
097 Terlan,59,,15,19,34
097 Terlan,60,,13,23,36
097 Terlan,61,,22,23,45
097 Terlan,62,,20,24,44
097 Terlan,63,,16,28,44
097 Terlan,64,,32,19,51
097 Terlan,65,,22,24,46
097 Terlan,66,,21,15,36
097 Terlan,67,,16,19,35
097 Terlan,68,,21,18,39
097 Terlan,69,,14,16,30
097 Terlan,70,,4,11,15
097 Terlan,71,,15,22,37
097 Terlan,72,,7,23,30
097 Terlan,73,,13,15,28
097 Terlan,74,,14,11,25
097 Terlan,75,,19,15,34
097 Terlan,76,,15,16,31
097 Terlan,77,,10,14,24
097 Terlan,78,,11,12,23
097 Terlan,79,,7,10,17
097 Terlan,80,,10,17,27
097 Terlan,81,,9,11,20
097 Terlan,82,,5,13,18
097 Terlan,83,,6,25,31
097 Terlan,84,,8,10,18
097 Terlan,85,,6,12,18
097 Terlan,86,,1,7,8
097 Terlan,87,,-,6,6
097 Terlan,88,,3,3,6
097 Terlan,89,,-,4,4
097 Terlan,90,,-,4,4
097 Terlan,91,,1,3,4
097 Terlan,92,,-,2,2
097 Terlan,93,,1,2,3
097 Terlan,94,,-,3,3
097 Terlan,95,,-,3,3
097 Terlan,96,,-,2,2
097 Terlan,98,,-,1,1
097 Terlan,99,,-,1,1
098 Tramin a.d. Weinstr.,0,,19,10,29
098 Tramin a.d. Weinstr.,1,,17,13,30
098 Tramin a.d. Weinstr.,2,,13,17,30
098 Tramin a.d. Weinstr.,3,,25,15,40
098 Tramin a.d. Weinstr.,4,,13,17,30
098 Tramin a.d. Weinstr.,5,,17,19,36
098 Tramin a.d. Weinstr.,6,,25,14,39
098 Tramin a.d. Weinstr.,7,,18,19,37
098 Tramin a.d. Weinstr.,8,,16,19,35
098 Tramin a.d. Weinstr.,9,,28,16,44
098 Tramin a.d. Weinstr.,10,,19,26,45
098 Tramin a.d. Weinstr.,11,,18,20,38
098 Tramin a.d. Weinstr.,12,,20,22,42
098 Tramin a.d. Weinstr.,13,,17,17,34
098 Tramin a.d. Weinstr.,14,,19,25,44
098 Tramin a.d. Weinstr.,15,,17,9,26
098 Tramin a.d. Weinstr.,16,,23,21,44
098 Tramin a.d. Weinstr.,17,,11,30,41
098 Tramin a.d. Weinstr.,18,,12,25,37
098 Tramin a.d. Weinstr.,19,,18,26,44
098 Tramin a.d. Weinstr.,20,,11,15,26
098 Tramin a.d. Weinstr.,21,,20,20,40
098 Tramin a.d. Weinstr.,22,,24,18,42
098 Tramin a.d. Weinstr.,23,,15,17,32
098 Tramin a.d. Weinstr.,24,,23,20,43
098 Tramin a.d. Weinstr.,25,,33,22,55
098 Tramin a.d. Weinstr.,26,,17,16,33
098 Tramin a.d. Weinstr.,27,,11,14,25
098 Tramin a.d. Weinstr.,28,,11,21,32
098 Tramin a.d. Weinstr.,29,,17,17,34
098 Tramin a.d. Weinstr.,30,,22,12,34
098 Tramin a.d. Weinstr.,31,,24,22,46
098 Tramin a.d. Weinstr.,32,,19,17,36
098 Tramin a.d. Weinstr.,33,,20,14,34
098 Tramin a.d. Weinstr.,34,,18,26,44
098 Tramin a.d. Weinstr.,35,,26,32,58
098 Tramin a.d. Weinstr.,36,,27,18,45
098 Tramin a.d. Weinstr.,37,,33,24,57
098 Tramin a.d. Weinstr.,38,,24,24,48
098 Tramin a.d. Weinstr.,39,,29,31,60
098 Tramin a.d. Weinstr.,40,,28,28,56
098 Tramin a.d. Weinstr.,41,,33,29,62
098 Tramin a.d. Weinstr.,42,,28,28,56
098 Tramin a.d. Weinstr.,43,,24,23,47
098 Tramin a.d. Weinstr.,44,,20,14,34
098 Tramin a.d. Weinstr.,45,,31,28,59
098 Tramin a.d. Weinstr.,46,,28,33,61
098 Tramin a.d. Weinstr.,47,,18,30,48
098 Tramin a.d. Weinstr.,48,,24,24,48
098 Tramin a.d. Weinstr.,49,,20,19,39
098 Tramin a.d. Weinstr.,50,,23,18,41
098 Tramin a.d. Weinstr.,51,,16,19,35
098 Tramin a.d. Weinstr.,52,,20,18,38
098 Tramin a.d. Weinstr.,53,,15,16,31
098 Tramin a.d. Weinstr.,54,,19,17,36
098 Tramin a.d. Weinstr.,55,,11,14,25
098 Tramin a.d. Weinstr.,56,,13,20,33
098 Tramin a.d. Weinstr.,57,,16,15,31
098 Tramin a.d. Weinstr.,58,,17,19,36
098 Tramin a.d. Weinstr.,59,,14,22,36
098 Tramin a.d. Weinstr.,60,,24,17,41
098 Tramin a.d. Weinstr.,61,,7,9,16
098 Tramin a.d. Weinstr.,62,,23,25,48
098 Tramin a.d. Weinstr.,63,,19,22,41
098 Tramin a.d. Weinstr.,64,,23,20,43
098 Tramin a.d. Weinstr.,65,,15,24,39
098 Tramin a.d. Weinstr.,66,,21,16,37
098 Tramin a.d. Weinstr.,67,,14,12,26
098 Tramin a.d. Weinstr.,68,,8,19,27
098 Tramin a.d. Weinstr.,69,,14,13,27
098 Tramin a.d. Weinstr.,70,,13,13,26
098 Tramin a.d. Weinstr.,71,,15,13,28
098 Tramin a.d. Weinstr.,72,,9,12,21
098 Tramin a.d. Weinstr.,73,,9,14,23
098 Tramin a.d. Weinstr.,74,,11,18,29
098 Tramin a.d. Weinstr.,75,,6,18,24
098 Tramin a.d. Weinstr.,76,,18,14,32
098 Tramin a.d. Weinstr.,77,,9,14,23
098 Tramin a.d. Weinstr.,78,,13,15,28
098 Tramin a.d. Weinstr.,79,,16,13,29
098 Tramin a.d. Weinstr.,80,,13,17,30
098 Tramin a.d. Weinstr.,81,,9,18,27
098 Tramin a.d. Weinstr.,82,,6,14,20
098 Tramin a.d. Weinstr.,83,,6,17,23
098 Tramin a.d. Weinstr.,84,,3,8,11
098 Tramin a.d. Weinstr.,85,,8,9,17
098 Tramin a.d. Weinstr.,86,,6,10,16
098 Tramin a.d. Weinstr.,87,,2,10,12
098 Tramin a.d. Weinstr.,88,,2,1,3
098 Tramin a.d. Weinstr.,89,,1,3,4
098 Tramin a.d. Weinstr.,90,,1,-,1
098 Tramin a.d. Weinstr.,91,,1,5,6
098 Tramin a.d. Weinstr.,92,,2,5,7
098 Tramin a.d. Weinstr.,93,,1,-,1
098 Tramin a.d. Weinstr.,94,,1,2,3
098 Tramin a.d. Weinstr.,95,,-,2,2
098 Tramin a.d. Weinstr.,96,,1,1,2
099 Tisens,0,,8,7,15
099 Tisens,1,,7,15,22
099 Tisens,2,,13,12,25
099 Tisens,3,,9,9,18
099 Tisens,4,,11,9,20
099 Tisens,5,,10,15,25
099 Tisens,6,,10,10,20
099 Tisens,7,,11,7,18
099 Tisens,8,,11,14,25
099 Tisens,9,,4,7,11
099 Tisens,10,,11,7,18
099 Tisens,11,,10,6,16
099 Tisens,12,,11,11,22
099 Tisens,13,,6,8,14
099 Tisens,14,,6,16,22
099 Tisens,15,,16,9,25
099 Tisens,16,,10,14,24
099 Tisens,17,,10,9,19
099 Tisens,18,,7,13,20
099 Tisens,19,,14,9,23
099 Tisens,20,,14,6,20
099 Tisens,21,,9,4,13
099 Tisens,22,,10,12,22
099 Tisens,23,,18,5,23
099 Tisens,24,,11,15,26
099 Tisens,25,,7,20,27
099 Tisens,26,,14,10,24
099 Tisens,27,,11,9,20
099 Tisens,28,,11,15,26
099 Tisens,29,,11,9,20
099 Tisens,30,,10,5,15
099 Tisens,31,,14,11,25
099 Tisens,32,,12,10,22
099 Tisens,33,,9,9,18
099 Tisens,34,,8,14,22
099 Tisens,35,,21,16,37
099 Tisens,36,,14,19,33
099 Tisens,37,,17,14,31
099 Tisens,38,,17,17,34
099 Tisens,39,,19,21,40
099 Tisens,40,,21,11,32
099 Tisens,41,,16,26,42
099 Tisens,42,,16,5,21
099 Tisens,43,,18,14,32
099 Tisens,44,,24,7,31
099 Tisens,45,,13,14,27
099 Tisens,46,,17,6,23
099 Tisens,47,,13,13,26
099 Tisens,48,,10,12,22
099 Tisens,49,,16,19,35
099 Tisens,50,,9,12,21
099 Tisens,51,,21,13,34
099 Tisens,52,,9,8,17
099 Tisens,53,,11,11,22
099 Tisens,54,,7,12,19
099 Tisens,55,,10,11,21
099 Tisens,56,,9,6,15
099 Tisens,57,,5,8,13
099 Tisens,58,,15,8,23
099 Tisens,59,,9,9,18
099 Tisens,60,,8,6,14
099 Tisens,61,,3,6,9
099 Tisens,62,,10,11,21
099 Tisens,63,,11,10,21
099 Tisens,64,,9,9,18
099 Tisens,65,,8,14,22
099 Tisens,66,,7,8,15
099 Tisens,67,,12,9,21
099 Tisens,68,,7,12,19
099 Tisens,69,,6,4,10
099 Tisens,70,,6,8,14
099 Tisens,71,,4,11,15
099 Tisens,72,,7,7,14
099 Tisens,73,,2,10,12
099 Tisens,74,,5,9,14
099 Tisens,75,,7,9,16
099 Tisens,76,,3,15,18
099 Tisens,77,,7,10,17
099 Tisens,78,,8,12,20
099 Tisens,79,,9,9,18
099 Tisens,80,,5,9,14
099 Tisens,81,,4,7,11
099 Tisens,82,,1,3,4
099 Tisens,83,,4,9,13
099 Tisens,84,,4,4,8
099 Tisens,85,,4,6,10
099 Tisens,86,,2,4,6
099 Tisens,87,,2,6,8
099 Tisens,88,,-,2,2
099 Tisens,90,,1,2,3
099 Tisens,91,,1,3,4
099 Tisens,92,,1,1,2
099 Tisens,94,,-,2,2
099 Tisens,95,,1,2,3
099 Tisens,98,,-,2,2
100 Tiers,0,,2,10,12
100 Tiers,1,,2,8,10
100 Tiers,2,,4,3,7
100 Tiers,3,,4,8,12
100 Tiers,4,,6,4,10
100 Tiers,5,,3,8,11
100 Tiers,6,,2,8,10
100 Tiers,7,,4,9,13
100 Tiers,8,,5,10,15
100 Tiers,9,,8,6,14
100 Tiers,10,,7,4,11
100 Tiers,11,,7,10,17
100 Tiers,12,,5,7,12
100 Tiers,13,,4,3,7
100 Tiers,14,,6,3,9
100 Tiers,15,,6,3,9
100 Tiers,16,,6,5,11
100 Tiers,17,,4,7,11
100 Tiers,18,,6,8,14
100 Tiers,19,,6,5,11
100 Tiers,20,,8,6,14
100 Tiers,21,,5,6,11
100 Tiers,22,,4,9,13
100 Tiers,23,,6,6,12
100 Tiers,24,,5,6,11
100 Tiers,25,,5,6,11
100 Tiers,26,,4,6,10
100 Tiers,27,,1,7,8
100 Tiers,28,,10,11,21
100 Tiers,29,,6,3,9
100 Tiers,30,,-,5,5
100 Tiers,31,,8,4,12
100 Tiers,32,,5,9,14
100 Tiers,33,,8,8,16
100 Tiers,34,,11,7,18
100 Tiers,35,,5,7,12
100 Tiers,36,,7,8,15
100 Tiers,37,,14,10,24
100 Tiers,38,,4,5,9
100 Tiers,39,,10,11,21
100 Tiers,40,,10,6,16
100 Tiers,41,,7,7,14
100 Tiers,42,,9,4,13
100 Tiers,43,,7,10,17
100 Tiers,44,,6,7,13
100 Tiers,45,,6,4,10
100 Tiers,46,,4,8,12
100 Tiers,47,,11,5,16
100 Tiers,48,,7,4,11
100 Tiers,49,,6,9,15
100 Tiers,50,,10,9,19
100 Tiers,51,,5,3,8
100 Tiers,52,,8,5,13
100 Tiers,53,,6,4,10
100 Tiers,54,,3,2,5
100 Tiers,55,,1,4,5
100 Tiers,56,,8,4,12
100 Tiers,57,,3,6,9
100 Tiers,58,,4,5,9
100 Tiers,59,,3,3,6
100 Tiers,60,,6,4,10
100 Tiers,61,,8,3,11
100 Tiers,62,,2,5,7
100 Tiers,63,,8,10,18
100 Tiers,64,,2,5,7
100 Tiers,65,,4,6,10
100 Tiers,66,,2,3,5
100 Tiers,67,,5,6,11
100 Tiers,68,,6,5,11
100 Tiers,69,,6,5,11
100 Tiers,70,,4,6,10
100 Tiers,71,,7,2,9
100 Tiers,72,,2,5,7
100 Tiers,73,,6,3,9
100 Tiers,74,,2,5,7
100 Tiers,75,,6,2,8
100 Tiers,76,,3,-,3
100 Tiers,77,,2,3,5
100 Tiers,78,,3,3,6
100 Tiers,79,,4,4,8
100 Tiers,80,,3,2,5
100 Tiers,81,,6,3,9
100 Tiers,82,,2,3,5
100 Tiers,83,,1,2,3
100 Tiers,84,,3,1,4
100 Tiers,85,,1,6,7
100 Tiers,86,,2,2,4
100 Tiers,87,,1,-,1
100 Tiers,88,,-,1,1
100 Tiers,89,,1,1,2
100 Tiers,91,,1,1,2
100 Tiers,93,,-,1,1
100 Tiers,94,,-,3,3
101 Tirol,0,,8,9,17
101 Tirol,1,,11,6,17
101 Tirol,2,,13,16,29
101 Tirol,3,,13,11,24
101 Tirol,4,,14,10,24
101 Tirol,5,,16,9,25
101 Tirol,6,,20,11,31
101 Tirol,7,,13,16,29
101 Tirol,8,,16,12,28
101 Tirol,9,,19,22,41
101 Tirol,10,,19,16,35
101 Tirol,11,,8,16,24
101 Tirol,12,,13,15,28
101 Tirol,13,,20,9,29
101 Tirol,14,,15,13,28
101 Tirol,15,,8,8,16
101 Tirol,16,,17,12,29
101 Tirol,17,,11,18,29
101 Tirol,18,,12,14,26
101 Tirol,19,,16,9,25
101 Tirol,20,,11,12,23
101 Tirol,21,,10,15,25
101 Tirol,22,,20,11,31
101 Tirol,23,,18,16,34
101 Tirol,24,,13,11,24
101 Tirol,25,,16,22,38
101 Tirol,26,,21,14,35
101 Tirol,27,,17,5,22
101 Tirol,28,,6,13,19
101 Tirol,29,,15,16,31
101 Tirol,30,,15,14,29
101 Tirol,31,,16,15,31
101 Tirol,32,,14,21,35
101 Tirol,33,,22,14,36
101 Tirol,34,,25,16,41
101 Tirol,35,,20,15,35
101 Tirol,36,,18,15,33
101 Tirol,37,,20,19,39
101 Tirol,38,,24,23,47
101 Tirol,39,,22,19,41
101 Tirol,40,,21,18,39
101 Tirol,41,,20,19,39
101 Tirol,42,,28,23,51
101 Tirol,43,,19,13,32
101 Tirol,44,,16,15,31
101 Tirol,45,,17,22,39
101 Tirol,46,,23,13,36
101 Tirol,47,,17,12,29
101 Tirol,48,,11,18,29
101 Tirol,49,,15,17,32
101 Tirol,50,,8,16,24
101 Tirol,51,,13,16,29
101 Tirol,52,,13,17,30
101 Tirol,53,,19,17,36
101 Tirol,54,,12,12,24
101 Tirol,55,,15,18,33
101 Tirol,56,,14,11,25
101 Tirol,57,,17,16,33
101 Tirol,58,,21,15,36
101 Tirol,59,,9,14,23
101 Tirol,60,,13,7,20
101 Tirol,61,,12,14,26
101 Tirol,62,,16,17,33
101 Tirol,63,,12,13,25
101 Tirol,64,,14,17,31
101 Tirol,65,,12,17,29
101 Tirol,66,,9,14,23
101 Tirol,67,,12,11,23
101 Tirol,68,,8,10,18
101 Tirol,69,,9,14,23
101 Tirol,70,,6,11,17
101 Tirol,71,,9,10,19
101 Tirol,72,,13,7,20
101 Tirol,73,,7,10,17
101 Tirol,74,,8,7,15
101 Tirol,75,,7,7,14
101 Tirol,76,,4,7,11
101 Tirol,77,,6,14,20
101 Tirol,78,,6,9,15
101 Tirol,79,,8,6,14
101 Tirol,80,,4,7,11
101 Tirol,81,,6,9,15
101 Tirol,82,,6,10,16
101 Tirol,83,,3,4,7
101 Tirol,84,,4,5,9
101 Tirol,85,,6,4,10
101 Tirol,86,,2,5,7
101 Tirol,87,,2,3,5
101 Tirol,88,,1,2,3
101 Tirol,90,,1,-,1
101 Tirol,91,,-,1,1
101 Tirol,92,,1,3,4
101 Tirol,94,,1,1,2
101 Tirol,95,,-,1,1
102 Truden im Naturpark,0,,4,3,7
102 Truden im Naturpark,1,,2,6,8
102 Truden im Naturpark,2,,3,8,11
102 Truden im Naturpark,3,,6,4,10
102 Truden im Naturpark,4,,-,3,3
102 Truden im Naturpark,5,,5,3,8
102 Truden im Naturpark,6,,5,7,12
102 Truden im Naturpark,7,,-,4,4
102 Truden im Naturpark,8,,3,7,10
102 Truden im Naturpark,9,,6,5,11
102 Truden im Naturpark,10,,6,6,12
102 Truden im Naturpark,11,,5,6,11
102 Truden im Naturpark,12,,5,5,10
102 Truden im Naturpark,13,,11,4,15
102 Truden im Naturpark,14,,7,4,11
102 Truden im Naturpark,15,,6,7,13
102 Truden im Naturpark,16,,4,5,9
102 Truden im Naturpark,17,,9,9,18
102 Truden im Naturpark,18,,9,11,20
102 Truden im Naturpark,19,,5,5,10
102 Truden im Naturpark,20,,1,7,8
102 Truden im Naturpark,21,,8,6,14
102 Truden im Naturpark,22,,11,4,15
102 Truden im Naturpark,23,,6,5,11
102 Truden im Naturpark,24,,13,3,16
102 Truden im Naturpark,25,,3,10,13
102 Truden im Naturpark,26,,5,3,8
102 Truden im Naturpark,27,,9,8,17
102 Truden im Naturpark,28,,7,7,14
102 Truden im Naturpark,29,,3,4,7
102 Truden im Naturpark,30,,9,5,14
102 Truden im Naturpark,31,,7,2,9
102 Truden im Naturpark,32,,4,9,13
102 Truden im Naturpark,33,,8,8,16
102 Truden im Naturpark,34,,8,9,17
102 Truden im Naturpark,35,,4,3,7
102 Truden im Naturpark,36,,2,7,9
102 Truden im Naturpark,37,,7,8,15
102 Truden im Naturpark,38,,5,8,13
102 Truden im Naturpark,39,,11,7,18
102 Truden im Naturpark,40,,8,7,15
102 Truden im Naturpark,41,,8,7,15
102 Truden im Naturpark,42,,7,7,14
102 Truden im Naturpark,43,,12,6,18
102 Truden im Naturpark,44,,6,5,11
102 Truden im Naturpark,45,,9,6,15
102 Truden im Naturpark,46,,8,12,20
102 Truden im Naturpark,47,,7,9,16
102 Truden im Naturpark,48,,5,10,15
102 Truden im Naturpark,49,,6,10,16
102 Truden im Naturpark,50,,7,5,12
102 Truden im Naturpark,51,,8,10,18
102 Truden im Naturpark,52,,5,6,11
102 Truden im Naturpark,53,,9,4,13
102 Truden im Naturpark,54,,6,6,12
102 Truden im Naturpark,55,,8,6,14
102 Truden im Naturpark,56,,3,2,5
102 Truden im Naturpark,57,,5,3,8
102 Truden im Naturpark,58,,1,6,7
102 Truden im Naturpark,59,,6,1,7
102 Truden im Naturpark,60,,7,6,13
102 Truden im Naturpark,61,,5,2,7
102 Truden im Naturpark,62,,3,5,8
102 Truden im Naturpark,63,,4,5,9
102 Truden im Naturpark,64,,4,4,8
102 Truden im Naturpark,65,,4,5,9
102 Truden im Naturpark,66,,2,4,6
102 Truden im Naturpark,67,,8,3,11
102 Truden im Naturpark,68,,6,7,13
102 Truden im Naturpark,69,,3,4,7
102 Truden im Naturpark,70,,5,3,8
102 Truden im Naturpark,71,,3,3,6
102 Truden im Naturpark,72,,5,-,5
102 Truden im Naturpark,73,,6,7,13
102 Truden im Naturpark,74,,3,4,7
102 Truden im Naturpark,75,,5,4,9
102 Truden im Naturpark,76,,3,8,11
102 Truden im Naturpark,77,,-,6,6
102 Truden im Naturpark,78,,-,6,6
102 Truden im Naturpark,79,,4,6,10
102 Truden im Naturpark,80,,2,7,9
102 Truden im Naturpark,81,,-,5,5
102 Truden im Naturpark,82,,-,7,7
102 Truden im Naturpark,83,,2,6,8
102 Truden im Naturpark,84,,2,4,6
102 Truden im Naturpark,85,,1,3,4
102 Truden im Naturpark,86,,-,3,3
102 Truden im Naturpark,87,,1,4,5
102 Truden im Naturpark,88,,-,1,1
102 Truden im Naturpark,95,,-,1,1
103 Taufers im Münstertal,0,,4,7,11
103 Taufers im Münstertal,1,,1,5,6
103 Taufers im Münstertal,2,,7,5,12
103 Taufers im Münstertal,3,,4,3,7
103 Taufers im Münstertal,4,,5,5,10
103 Taufers im Münstertal,5,,5,6,11
103 Taufers im Münstertal,6,,5,5,10
103 Taufers im Münstertal,7,,4,3,7
103 Taufers im Münstertal,8,,8,9,17
103 Taufers im Münstertal,9,,5,4,9
103 Taufers im Münstertal,10,,6,4,10
103 Taufers im Münstertal,11,,9,9,18
103 Taufers im Münstertal,12,,6,8,14
103 Taufers im Münstertal,13,,3,5,8
103 Taufers im Münstertal,14,,9,8,17
103 Taufers im Münstertal,15,,7,10,17
103 Taufers im Münstertal,16,,9,8,17
103 Taufers im Münstertal,17,,9,3,12
103 Taufers im Münstertal,18,,6,8,14
103 Taufers im Münstertal,19,,4,6,10
103 Taufers im Münstertal,20,,6,5,11
103 Taufers im Münstertal,21,,5,5,10
103 Taufers im Münstertal,22,,6,7,13
103 Taufers im Münstertal,23,,5,6,11
103 Taufers im Münstertal,24,,6,10,16
103 Taufers im Münstertal,25,,9,4,13
103 Taufers im Münstertal,26,,11,6,17
103 Taufers im Münstertal,27,,7,4,11
103 Taufers im Münstertal,28,,9,3,12
103 Taufers im Münstertal,29,,5,3,8
103 Taufers im Münstertal,30,,5,4,9
103 Taufers im Münstertal,31,,9,6,15
103 Taufers im Münstertal,32,,5,7,12
103 Taufers im Münstertal,33,,2,5,7
103 Taufers im Münstertal,34,,4,8,12
103 Taufers im Münstertal,35,,7,15,22
103 Taufers im Münstertal,36,,6,7,13
103 Taufers im Münstertal,37,,12,7,19
103 Taufers im Münstertal,38,,11,10,21
103 Taufers im Münstertal,39,,4,5,9
103 Taufers im Münstertal,40,,7,9,16
103 Taufers im Münstertal,41,,11,7,18
103 Taufers im Münstertal,42,,7,12,19
103 Taufers im Münstertal,43,,9,9,18
103 Taufers im Münstertal,44,,11,9,20
103 Taufers im Münstertal,45,,10,8,18
103 Taufers im Münstertal,46,,14,6,20
103 Taufers im Münstertal,47,,6,10,16
103 Taufers im Münstertal,48,,5,6,11
103 Taufers im Münstertal,49,,9,7,16
103 Taufers im Münstertal,50,,10,10,20
103 Taufers im Münstertal,51,,4,3,7
103 Taufers im Münstertal,52,,4,6,10
103 Taufers im Münstertal,53,,7,4,11
103 Taufers im Münstertal,54,,6,3,9
103 Taufers im Münstertal,55,,5,4,9
103 Taufers im Münstertal,56,,7,1,8
103 Taufers im Münstertal,57,,6,1,7
103 Taufers im Münstertal,58,,5,1,6
103 Taufers im Münstertal,59,,3,7,10
103 Taufers im Münstertal,60,,3,3,6
103 Taufers im Münstertal,61,,3,4,7
103 Taufers im Münstertal,62,,1,-,1
103 Taufers im Münstertal,63,,6,5,11
103 Taufers im Münstertal,64,,4,5,9
103 Taufers im Münstertal,65,,3,7,10
103 Taufers im Münstertal,66,,3,3,6
103 Taufers im Münstertal,67,,5,4,9
103 Taufers im Münstertal,68,,7,9,16
103 Taufers im Münstertal,69,,3,4,7
103 Taufers im Münstertal,70,,2,9,11
103 Taufers im Münstertal,71,,5,2,7
103 Taufers im Münstertal,72,,3,8,11
103 Taufers im Münstertal,73,,5,5,10
103 Taufers im Münstertal,74,,5,1,6
103 Taufers im Münstertal,75,,8,3,11
103 Taufers im Münstertal,76,,2,3,5
103 Taufers im Münstertal,77,,4,6,10
103 Taufers im Münstertal,78,,3,3,6
103 Taufers im Münstertal,79,,3,4,7
103 Taufers im Münstertal,80,,2,4,6
103 Taufers im Münstertal,81,,1,5,6
103 Taufers im Münstertal,82,,-,6,6
103 Taufers im Münstertal,83,,3,4,7
103 Taufers im Münstertal,84,,2,2,4
103 Taufers im Münstertal,85,,2,-,2
103 Taufers im Münstertal,86,,3,1,4
103 Taufers im Münstertal,87,,1,-,1
103 Taufers im Münstertal,88,,-,2,2
103 Taufers im Münstertal,89,,1,3,4
103 Taufers im Münstertal,91,,-,1,1
103 Taufers im Münstertal,92,,1,-,1
103 Taufers im Münstertal,93,,-,1,1
103 Taufers im Münstertal,94,,-,2,2
103 Taufers im Münstertal,97,,-,1,1
104 Ulten,0,,15,9,24
104 Ulten,1,,17,23,40
104 Ulten,2,,20,12,32
104 Ulten,3,,21,19,40
104 Ulten,4,,15,19,34
104 Ulten,5,,18,16,34
104 Ulten,6,,18,16,34
104 Ulten,7,,14,15,29
104 Ulten,8,,17,16,33
104 Ulten,9,,14,20,34
104 Ulten,10,,12,14,26
104 Ulten,11,,12,16,28
104 Ulten,12,,20,15,35
104 Ulten,13,,23,14,37
104 Ulten,14,,17,17,34
104 Ulten,15,,23,31,54
104 Ulten,16,,16,18,34
104 Ulten,17,,17,28,45
104 Ulten,18,,16,21,37
104 Ulten,19,,19,18,37
104 Ulten,20,,21,11,32
104 Ulten,21,,14,16,30
104 Ulten,22,,20,21,41
104 Ulten,23,,22,17,39
104 Ulten,24,,16,21,37
104 Ulten,25,,18,16,34
104 Ulten,26,,18,20,38
104 Ulten,27,,17,17,34
104 Ulten,28,,20,16,36
104 Ulten,29,,21,14,35
104 Ulten,30,,16,18,34
104 Ulten,31,,22,21,43
104 Ulten,32,,21,25,46
104 Ulten,33,,27,14,41
104 Ulten,34,,23,20,43
104 Ulten,35,,26,19,45
104 Ulten,36,,22,23,45
104 Ulten,37,,29,22,51
104 Ulten,38,,27,25,52
104 Ulten,39,,15,22,37
104 Ulten,40,,21,19,40
104 Ulten,41,,27,26,53
104 Ulten,42,,23,20,43
104 Ulten,43,,28,26,54
104 Ulten,44,,30,22,52
104 Ulten,45,,28,17,45
104 Ulten,46,,25,20,45
104 Ulten,47,,23,23,46
104 Ulten,48,,25,16,41
104 Ulten,49,,34,22,56
104 Ulten,50,,17,16,33
104 Ulten,51,,13,12,25
104 Ulten,52,,19,16,35
104 Ulten,53,,24,13,37
104 Ulten,54,,18,13,31
104 Ulten,55,,19,17,36
104 Ulten,56,,21,14,35
104 Ulten,57,,17,10,27
104 Ulten,58,,13,12,25
104 Ulten,59,,16,9,25
104 Ulten,60,,15,15,30
104 Ulten,61,,8,13,21
104 Ulten,62,,14,20,34
104 Ulten,63,,17,16,33
104 Ulten,64,,9,17,26
104 Ulten,65,,13,10,23
104 Ulten,66,,16,9,25
104 Ulten,67,,19,16,35
104 Ulten,68,,6,10,16
104 Ulten,69,,10,10,20
104 Ulten,70,,9,9,18
104 Ulten,71,,10,13,23
104 Ulten,72,,11,13,24
104 Ulten,73,,5,14,19
104 Ulten,74,,12,8,20
104 Ulten,75,,10,8,18
104 Ulten,76,,15,17,32
104 Ulten,77,,5,13,18
104 Ulten,78,,9,15,24
104 Ulten,79,,6,17,23
104 Ulten,80,,5,13,18
104 Ulten,81,,14,12,26
104 Ulten,82,,8,11,19
104 Ulten,83,,8,22,30
104 Ulten,84,,6,8,14
104 Ulten,85,,8,10,18
104 Ulten,86,,8,10,18
104 Ulten,87,,1,11,12
104 Ulten,88,,3,1,4
104 Ulten,89,,1,1,2
104 Ulten,90,,-,1,1
104 Ulten,91,,2,1,3
104 Ulten,92,,-,5,5
104 Ulten,93,,1,1,2
104 Ulten,94,,-,1,1
104 Ulten,95,,1,4,5
104 Ulten,96,,-,1,1
104 Ulten,108,,-,1,1
105 Pfatten,0,,8,5,13
105 Pfatten,1,,5,10,15
105 Pfatten,2,,3,6,9
105 Pfatten,3,,13,5,18
105 Pfatten,4,,4,6,10
105 Pfatten,5,,4,2,6
105 Pfatten,6,,7,7,14
105 Pfatten,7,,4,6,10
105 Pfatten,8,,12,5,17
105 Pfatten,9,,5,2,7
105 Pfatten,10,,4,10,14
105 Pfatten,11,,5,7,12
105 Pfatten,12,,9,11,20
105 Pfatten,13,,5,5,10
105 Pfatten,14,,7,7,14
105 Pfatten,15,,8,5,13
105 Pfatten,16,,10,7,17
105 Pfatten,17,,6,5,11
105 Pfatten,18,,1,7,8
105 Pfatten,19,,7,3,10
105 Pfatten,20,,5,10,15
105 Pfatten,21,,4,7,11
105 Pfatten,22,,2,7,9
105 Pfatten,23,,3,4,7
105 Pfatten,24,,6,3,9
105 Pfatten,25,,11,4,15
105 Pfatten,26,,3,7,10
105 Pfatten,27,,7,9,16
105 Pfatten,28,,6,8,14
105 Pfatten,29,,10,3,13
105 Pfatten,30,,5,7,12
105 Pfatten,31,,2,12,14
105 Pfatten,32,,11,11,22
105 Pfatten,33,,12,5,17
105 Pfatten,34,,9,12,21
105 Pfatten,35,,12,8,20
105 Pfatten,36,,12,6,18
105 Pfatten,37,,9,6,15
105 Pfatten,38,,8,7,15
105 Pfatten,39,,14,6,20
105 Pfatten,40,,11,8,19
105 Pfatten,41,,11,11,22
105 Pfatten,42,,10,4,14
105 Pfatten,43,,8,11,19
105 Pfatten,44,,9,14,23
105 Pfatten,45,,11,16,27
105 Pfatten,46,,7,8,15
105 Pfatten,47,,5,13,18
105 Pfatten,48,,7,8,15
105 Pfatten,49,,16,5,21
105 Pfatten,50,,10,7,17
105 Pfatten,51,,5,4,9
105 Pfatten,52,,11,2,13
105 Pfatten,53,,7,6,13
105 Pfatten,54,,1,6,7
105 Pfatten,55,,3,4,7
105 Pfatten,56,,7,6,13
105 Pfatten,57,,8,2,10
105 Pfatten,58,,3,2,5
105 Pfatten,59,,7,7,14
105 Pfatten,60,,5,4,9
105 Pfatten,61,,6,3,9
105 Pfatten,62,,5,2,7
105 Pfatten,63,,2,3,5
105 Pfatten,64,,4,2,6
105 Pfatten,65,,5,6,11
105 Pfatten,66,,3,4,7
105 Pfatten,67,,4,2,6
105 Pfatten,68,,2,2,4
105 Pfatten,69,,4,1,5
105 Pfatten,70,,3,4,7
105 Pfatten,71,,6,3,9
105 Pfatten,72,,3,6,9
105 Pfatten,73,,1,3,4
105 Pfatten,74,,-,4,4
105 Pfatten,75,,2,4,6
105 Pfatten,76,,2,2,4
105 Pfatten,77,,-,6,6
105 Pfatten,78,,-,1,1
105 Pfatten,79,,1,-,1
105 Pfatten,80,,3,2,5
105 Pfatten,81,,1,3,4
105 Pfatten,82,,1,3,4
105 Pfatten,83,,3,1,4
105 Pfatten,84,,2,1,3
105 Pfatten,85,,-,1,1
105 Pfatten,86,,1,1,2
105 Pfatten,87,,1,-,1
105 Pfatten,88,,-,1,1
105 Pfatten,89,,1,1,2
105 Pfatten,90,,-,1,1
105 Pfatten,94,,-,1,1
106 Olang,0,,8,19,27
106 Olang,1,,24,13,37
106 Olang,2,,16,13,29
106 Olang,3,,19,11,30
106 Olang,4,,15,14,29
106 Olang,5,,18,21,39
106 Olang,6,,18,19,37
106 Olang,7,,16,18,34
106 Olang,8,,18,23,41
106 Olang,9,,24,18,42
106 Olang,10,,26,21,47
106 Olang,11,,20,10,30
106 Olang,12,,21,11,32
106 Olang,13,,21,22,43
106 Olang,14,,15,17,32
106 Olang,15,,25,19,44
106 Olang,16,,22,23,45
106 Olang,17,,22,20,42
106 Olang,18,,15,18,33
106 Olang,19,,26,20,46
106 Olang,20,,17,17,34
106 Olang,21,,12,23,35
106 Olang,22,,22,15,37
106 Olang,23,,15,20,35
106 Olang,24,,21,25,46
106 Olang,25,,14,23,37
106 Olang,26,,22,26,48
106 Olang,27,,19,21,40
106 Olang,28,,21,15,36
106 Olang,29,,31,30,61
106 Olang,30,,20,22,42
106 Olang,31,,25,29,54
106 Olang,32,,17,27,44
106 Olang,33,,27,25,52
106 Olang,34,,25,18,43
106 Olang,35,,29,22,51
106 Olang,36,,21,20,41
106 Olang,37,,21,30,51
106 Olang,38,,26,24,50
106 Olang,39,,35,22,57
106 Olang,40,,31,24,55
106 Olang,41,,18,25,43
106 Olang,42,,20,28,48
106 Olang,43,,22,24,46
106 Olang,44,,25,12,37
106 Olang,45,,15,27,42
106 Olang,46,,21,25,46
106 Olang,47,,26,16,42
106 Olang,48,,22,13,35
106 Olang,49,,25,13,38
106 Olang,50,,15,28,43
106 Olang,51,,17,19,36
106 Olang,52,,16,19,35
106 Olang,53,,16,21,37
106 Olang,54,,17,13,30
106 Olang,55,,9,12,21
106 Olang,56,,33,16,49
106 Olang,57,,23,11,34
106 Olang,58,,19,21,40
106 Olang,59,,14,23,37
106 Olang,60,,16,12,28
106 Olang,61,,18,10,28
106 Olang,62,,14,6,20
106 Olang,63,,10,16,26
106 Olang,64,,14,16,30
106 Olang,65,,13,13,26
106 Olang,66,,16,9,25
106 Olang,67,,12,8,20
106 Olang,68,,7,14,21
106 Olang,69,,7,9,16
106 Olang,70,,7,8,15
106 Olang,71,,8,15,23
106 Olang,72,,11,8,19
106 Olang,73,,10,15,25
106 Olang,74,,10,10,20
106 Olang,75,,4,6,10
106 Olang,76,,13,7,20
106 Olang,77,,9,13,22
106 Olang,78,,4,9,13
106 Olang,79,,5,8,13
106 Olang,80,,5,12,17
106 Olang,81,,3,4,7
106 Olang,82,,3,7,10
106 Olang,83,,4,4,8
106 Olang,84,,2,5,7
106 Olang,85,,3,2,5
106 Olang,86,,1,5,6
106 Olang,87,,1,2,3
106 Olang,88,,-,1,1
106 Olang,89,,1,2,3
106 Olang,90,,-,1,1
106 Olang,91,,1,3,4
106 Olang,92,,1,2,3
106 Olang,95,,-,2,2
106 Olang,100,,1,-,1
107 Pfitsch,0,,23,12,35
107 Pfitsch,1,,19,17,36
107 Pfitsch,2,,18,12,30
107 Pfitsch,3,,17,10,27
107 Pfitsch,4,,22,20,42
107 Pfitsch,5,,11,10,21
107 Pfitsch,6,,24,25,49
107 Pfitsch,7,,17,16,33
107 Pfitsch,8,,11,16,27
107 Pfitsch,9,,16,14,30
107 Pfitsch,10,,12,13,25
107 Pfitsch,11,,18,10,28
107 Pfitsch,12,,15,20,35
107 Pfitsch,13,,15,17,32
107 Pfitsch,14,,15,15,30
107 Pfitsch,15,,21,15,36
107 Pfitsch,16,,20,15,35
107 Pfitsch,17,,9,19,28
107 Pfitsch,18,,16,13,29
107 Pfitsch,19,,12,17,29
107 Pfitsch,20,,15,8,23
107 Pfitsch,21,,16,9,25
107 Pfitsch,22,,22,13,35
107 Pfitsch,23,,21,24,45
107 Pfitsch,24,,28,16,44
107 Pfitsch,25,,20,18,38
107 Pfitsch,26,,19,22,41
107 Pfitsch,27,,26,15,41
107 Pfitsch,28,,25,19,44
107 Pfitsch,29,,15,16,31
107 Pfitsch,30,,19,20,39
107 Pfitsch,31,,17,25,42
107 Pfitsch,32,,17,20,37
107 Pfitsch,33,,19,19,38
107 Pfitsch,34,,24,20,44
107 Pfitsch,35,,30,16,46
107 Pfitsch,36,,24,19,43
107 Pfitsch,37,,26,24,50
107 Pfitsch,38,,26,21,47
107 Pfitsch,39,,19,19,38
107 Pfitsch,40,,29,16,45
107 Pfitsch,41,,20,23,43
107 Pfitsch,42,,14,27,41
107 Pfitsch,43,,21,19,40
107 Pfitsch,44,,24,20,44
107 Pfitsch,45,,21,22,43
107 Pfitsch,46,,15,25,40
107 Pfitsch,47,,15,18,33
107 Pfitsch,48,,24,16,40
107 Pfitsch,49,,24,24,48
107 Pfitsch,50,,19,12,31
107 Pfitsch,51,,14,14,28
107 Pfitsch,52,,22,20,42
107 Pfitsch,53,,20,14,34
107 Pfitsch,54,,19,23,42
107 Pfitsch,55,,23,14,37
107 Pfitsch,56,,21,19,40
107 Pfitsch,57,,14,19,33
107 Pfitsch,58,,8,10,18
107 Pfitsch,59,,11,12,23
107 Pfitsch,60,,14,13,27
107 Pfitsch,61,,11,12,23
107 Pfitsch,62,,11,14,25
107 Pfitsch,63,,21,11,32
107 Pfitsch,64,,23,13,36
107 Pfitsch,65,,16,16,32
107 Pfitsch,66,,14,15,29
107 Pfitsch,67,,15,8,23
107 Pfitsch,68,,5,14,19
107 Pfitsch,69,,8,11,19
107 Pfitsch,70,,8,12,20
107 Pfitsch,71,,6,7,13
107 Pfitsch,72,,10,5,15
107 Pfitsch,73,,13,12,25
107 Pfitsch,74,,4,12,16
107 Pfitsch,75,,8,10,18
107 Pfitsch,76,,5,11,16
107 Pfitsch,77,,16,11,27
107 Pfitsch,78,,5,12,17
107 Pfitsch,79,,8,11,19
107 Pfitsch,80,,3,11,14
107 Pfitsch,81,,10,9,19
107 Pfitsch,82,,-,17,17
107 Pfitsch,83,,5,11,16
107 Pfitsch,84,,4,4,8
107 Pfitsch,85,,4,6,10
107 Pfitsch,86,,-,4,4
107 Pfitsch,87,,2,4,6
107 Pfitsch,88,,-,2,2
107 Pfitsch,89,,2,2,4
107 Pfitsch,90,,1,1,2
107 Pfitsch,91,,2,1,3
107 Pfitsch,92,,-,1,1
107 Pfitsch,93,,-,2,2
107 Pfitsch,94,,-,1,1
107 Pfitsch,95,,-,1,1
107 Pfitsch,96,,1,1,2
107 Pfitsch,98,,-,1,1
108 Ahrntal,0,,43,36,79
108 Ahrntal,1,,31,36,67
108 Ahrntal,2,,31,38,69
108 Ahrntal,3,,34,39,73
108 Ahrntal,4,,31,36,67
108 Ahrntal,5,,30,30,60
108 Ahrntal,6,,50,39,89
108 Ahrntal,7,,33,37,70
108 Ahrntal,8,,36,36,72
108 Ahrntal,9,,41,44,85
108 Ahrntal,10,,38,50,88
108 Ahrntal,11,,36,31,67
108 Ahrntal,12,,27,26,53
108 Ahrntal,13,,39,41,80
108 Ahrntal,14,,41,34,75
108 Ahrntal,15,,26,35,61
108 Ahrntal,16,,41,31,72
108 Ahrntal,17,,38,33,71
108 Ahrntal,18,,28,33,61
108 Ahrntal,19,,35,38,73
108 Ahrntal,20,,39,48,87
108 Ahrntal,21,,34,45,79
108 Ahrntal,22,,40,33,73
108 Ahrntal,23,,44,48,92
108 Ahrntal,24,,40,42,82
108 Ahrntal,25,,52,42,94
108 Ahrntal,26,,37,33,70
108 Ahrntal,27,,42,40,82
108 Ahrntal,28,,35,45,80
108 Ahrntal,29,,52,45,97
108 Ahrntal,30,,47,44,91
108 Ahrntal,31,,43,42,85
108 Ahrntal,32,,49,40,89
108 Ahrntal,33,,44,41,85
108 Ahrntal,34,,52,54,106
108 Ahrntal,35,,72,42,114
108 Ahrntal,36,,52,45,97
108 Ahrntal,37,,49,44,93
108 Ahrntal,38,,52,45,97
108 Ahrntal,39,,44,50,94
108 Ahrntal,40,,58,40,98
108 Ahrntal,41,,57,44,101
108 Ahrntal,42,,54,43,97
108 Ahrntal,43,,49,43,92
108 Ahrntal,44,,38,50,88
108 Ahrntal,45,,36,34,70
108 Ahrntal,46,,40,30,70
108 Ahrntal,47,,43,38,81
108 Ahrntal,48,,48,27,75
108 Ahrntal,49,,26,38,64
108 Ahrntal,50,,36,20,56
108 Ahrntal,51,,36,27,63
108 Ahrntal,52,,35,21,56
108 Ahrntal,53,,27,29,56
108 Ahrntal,54,,27,33,60
108 Ahrntal,55,,33,25,58
108 Ahrntal,56,,31,19,50
108 Ahrntal,57,,32,30,62
108 Ahrntal,58,,28,28,56
108 Ahrntal,59,,26,20,46
108 Ahrntal,60,,17,21,38
108 Ahrntal,61,,19,14,33
108 Ahrntal,62,,19,18,37
108 Ahrntal,63,,22,33,55
108 Ahrntal,64,,28,30,58
108 Ahrntal,65,,30,33,63
108 Ahrntal,66,,31,23,54
108 Ahrntal,67,,25,24,49
108 Ahrntal,68,,36,29,65
108 Ahrntal,69,,26,22,48
108 Ahrntal,70,,21,15,36
108 Ahrntal,71,,19,37,56
108 Ahrntal,72,,18,20,38
108 Ahrntal,73,,17,17,34
108 Ahrntal,74,,20,25,45
108 Ahrntal,75,,29,20,49
108 Ahrntal,76,,19,17,36
108 Ahrntal,77,,15,16,31
108 Ahrntal,78,,13,24,37
108 Ahrntal,79,,17,18,35
108 Ahrntal,80,,14,15,29
108 Ahrntal,81,,8,15,23
108 Ahrntal,82,,11,12,23
108 Ahrntal,83,,6,10,16
108 Ahrntal,84,,6,15,21
108 Ahrntal,85,,5,7,12
108 Ahrntal,86,,2,6,8
108 Ahrntal,87,,7,3,10
108 Ahrntal,88,,-,4,4
108 Ahrntal,89,,1,5,6
108 Ahrntal,90,,-,3,3
108 Ahrntal,91,,1,9,10
108 Ahrntal,92,,2,6,8
108 Ahrntal,93,,-,1,1
108 Ahrntal,96,,1,1,2
108 Ahrntal,99,,-,1,1
109 Gsies,0,,22,14,36
109 Gsies,1,,15,15,30
109 Gsies,2,,9,13,22
109 Gsies,3,,20,17,37
109 Gsies,4,,12,11,23
109 Gsies,5,,14,14,28
109 Gsies,6,,9,13,22
109 Gsies,7,,26,12,38
109 Gsies,8,,18,5,23
109 Gsies,9,,14,16,30
109 Gsies,10,,10,17,27
109 Gsies,11,,15,16,31
109 Gsies,12,,9,19,28
109 Gsies,13,,17,19,36
109 Gsies,14,,17,10,27
109 Gsies,15,,15,25,40
109 Gsies,16,,17,13,30
109 Gsies,17,,9,12,21
109 Gsies,18,,7,16,23
109 Gsies,19,,20,17,37
109 Gsies,20,,13,16,29
109 Gsies,21,,17,13,30
109 Gsies,22,,13,9,22
109 Gsies,23,,18,10,28
109 Gsies,24,,18,19,37
109 Gsies,25,,16,16,32
109 Gsies,26,,23,21,44
109 Gsies,27,,10,15,25
109 Gsies,28,,15,11,26
109 Gsies,29,,14,18,32
109 Gsies,30,,14,16,30
109 Gsies,31,,17,20,37
109 Gsies,32,,19,19,38
109 Gsies,33,,13,12,25
109 Gsies,34,,8,21,29
109 Gsies,35,,21,17,38
109 Gsies,36,,28,14,42
109 Gsies,37,,26,11,37
109 Gsies,38,,16,15,31
109 Gsies,39,,17,13,30
109 Gsies,40,,15,18,33
109 Gsies,41,,20,5,25
109 Gsies,42,,15,17,32
109 Gsies,43,,14,15,29
109 Gsies,44,,17,8,25
109 Gsies,45,,9,14,23
109 Gsies,46,,17,19,36
109 Gsies,47,,12,15,27
109 Gsies,48,,17,16,33
109 Gsies,49,,12,14,26
109 Gsies,50,,16,7,23
109 Gsies,51,,15,10,25
109 Gsies,52,,16,6,22
109 Gsies,53,,19,6,25
109 Gsies,54,,17,13,30
109 Gsies,55,,16,13,29
109 Gsies,56,,8,8,16
109 Gsies,57,,15,16,31
109 Gsies,58,,7,11,18
109 Gsies,59,,22,6,28
109 Gsies,60,,15,10,25
109 Gsies,61,,4,12,16
109 Gsies,62,,7,13,20
109 Gsies,63,,10,9,19
109 Gsies,64,,5,13,18
109 Gsies,65,,6,11,17
109 Gsies,66,,8,10,18
109 Gsies,67,,6,9,15
109 Gsies,68,,8,8,16
109 Gsies,69,,10,7,17
109 Gsies,70,,4,10,14
109 Gsies,71,,4,8,12
109 Gsies,72,,4,9,13
109 Gsies,73,,6,4,10
109 Gsies,74,,8,5,13
109 Gsies,75,,6,8,14
109 Gsies,76,,11,6,17
109 Gsies,77,,3,5,8
109 Gsies,78,,8,9,17
109 Gsies,79,,2,10,12
109 Gsies,80,,4,4,8
109 Gsies,81,,6,5,11
109 Gsies,82,,4,5,9
109 Gsies,83,,5,6,11
109 Gsies,84,,5,7,12
109 Gsies,85,,2,9,11
109 Gsies,86,,3,3,6
109 Gsies,87,,2,1,3
109 Gsies,88,,1,1,2
109 Gsies,89,,1,2,3
109 Gsies,91,,1,-,1
109 Gsies,93,,-,1,1
109 Gsies,94,,-,1,1
109 Gsies,95,,-,1,1
110 Vintl,0,,13,17,30
110 Vintl,1,,20,21,41
110 Vintl,2,,13,15,28
110 Vintl,3,,13,20,33
110 Vintl,4,,14,20,34
110 Vintl,5,,17,20,37
110 Vintl,6,,22,15,37
110 Vintl,7,,21,24,45
110 Vintl,8,,20,28,48
110 Vintl,9,,21,16,37
110 Vintl,10,,22,19,41
110 Vintl,11,,38,24,62
110 Vintl,12,,18,18,36
110 Vintl,13,,23,21,44
110 Vintl,14,,30,21,51
110 Vintl,15,,22,30,52
110 Vintl,16,,29,20,49
110 Vintl,17,,26,16,42
110 Vintl,18,,21,20,41
110 Vintl,19,,20,22,42
110 Vintl,20,,22,20,42
110 Vintl,21,,10,17,27
110 Vintl,22,,27,11,38
110 Vintl,23,,25,19,44
110 Vintl,24,,23,20,43
110 Vintl,25,,17,24,41
110 Vintl,26,,34,19,53
110 Vintl,27,,32,16,48
110 Vintl,28,,23,34,57
110 Vintl,29,,17,21,38
110 Vintl,30,,21,24,45
110 Vintl,31,,23,19,42
110 Vintl,32,,29,27,56
110 Vintl,33,,19,18,37
110 Vintl,34,,30,17,47
110 Vintl,35,,34,24,58
110 Vintl,36,,19,16,35
110 Vintl,37,,27,23,50
110 Vintl,38,,27,23,50
110 Vintl,39,,31,35,66
110 Vintl,40,,31,31,62
110 Vintl,41,,32,31,63
110 Vintl,42,,36,23,59
110 Vintl,43,,34,26,60
110 Vintl,44,,32,23,55
110 Vintl,45,,27,32,59
110 Vintl,46,,17,22,39
110 Vintl,47,,23,21,44
110 Vintl,48,,21,13,34
110 Vintl,49,,23,27,50
110 Vintl,50,,25,17,42
110 Vintl,51,,18,13,31
110 Vintl,52,,16,17,33
110 Vintl,53,,23,9,32
110 Vintl,54,,18,19,37
110 Vintl,55,,22,19,41
110 Vintl,56,,21,19,40
110 Vintl,57,,17,19,36
110 Vintl,58,,14,13,27
110 Vintl,59,,21,14,35
110 Vintl,60,,17,12,29
110 Vintl,61,,15,19,34
110 Vintl,62,,11,5,16
110 Vintl,63,,21,11,32
110 Vintl,64,,11,12,23
110 Vintl,65,,7,15,22
110 Vintl,66,,8,19,27
110 Vintl,67,,16,16,32
110 Vintl,68,,10,4,14
110 Vintl,69,,10,9,19
110 Vintl,70,,15,11,26
110 Vintl,71,,9,11,20
110 Vintl,72,,15,9,24
110 Vintl,73,,4,18,22
110 Vintl,74,,9,14,23
110 Vintl,75,,9,10,19
110 Vintl,76,,8,15,23
110 Vintl,77,,8,13,21
110 Vintl,78,,9,8,17
110 Vintl,79,,8,13,21
110 Vintl,80,,11,5,16
110 Vintl,81,,4,7,11
110 Vintl,82,,3,7,10
110 Vintl,83,,5,7,12
110 Vintl,84,,3,5,8
110 Vintl,85,,4,4,8
110 Vintl,86,,2,8,10
110 Vintl,87,,2,3,5
110 Vintl,88,,-,1,1
110 Vintl,89,,-,2,2
110 Vintl,90,,1,2,3
110 Vintl,91,,1,3,4
110 Vintl,92,,1,3,4
110 Vintl,93,,-,1,1
110 Vintl,94,,1,-,1
110 Vintl,95,,-,1,1
111 Vahrn,0,,29,30,59
111 Vahrn,1,,30,28,58
111 Vahrn,2,,31,28,59
111 Vahrn,3,,29,16,45
111 Vahrn,4,,30,30,60
111 Vahrn,5,,28,21,49
111 Vahrn,6,,24,22,46
111 Vahrn,7,,24,37,61
111 Vahrn,8,,23,25,48
111 Vahrn,9,,21,24,45
111 Vahrn,10,,38,18,56
111 Vahrn,11,,21,20,41
111 Vahrn,12,,21,22,43
111 Vahrn,13,,20,20,40
111 Vahrn,14,,20,24,44
111 Vahrn,15,,20,25,45
111 Vahrn,16,,15,30,45
111 Vahrn,17,,29,20,49
111 Vahrn,18,,24,18,42
111 Vahrn,19,,17,19,36
111 Vahrn,20,,23,16,39
111 Vahrn,21,,28,28,56
111 Vahrn,22,,18,21,39
111 Vahrn,23,,28,29,57
111 Vahrn,24,,23,27,50
111 Vahrn,25,,28,29,57
111 Vahrn,26,,21,29,50
111 Vahrn,27,,18,27,45
111 Vahrn,28,,27,32,59
111 Vahrn,29,,22,24,46
111 Vahrn,30,,45,22,67
111 Vahrn,31,,39,31,70
111 Vahrn,32,,28,35,63
111 Vahrn,33,,42,42,84
111 Vahrn,34,,35,39,74
111 Vahrn,35,,38,28,66
111 Vahrn,36,,41,40,81
111 Vahrn,37,,45,41,86
111 Vahrn,38,,27,32,59
111 Vahrn,39,,45,32,77
111 Vahrn,40,,40,34,74
111 Vahrn,41,,42,43,85
111 Vahrn,42,,35,36,71
111 Vahrn,43,,32,33,65
111 Vahrn,44,,29,34,63
111 Vahrn,45,,23,21,44
111 Vahrn,46,,34,30,64
111 Vahrn,47,,31,25,56
111 Vahrn,48,,20,21,41
111 Vahrn,49,,31,29,60
111 Vahrn,50,,21,22,43
111 Vahrn,51,,28,29,57
111 Vahrn,52,,16,30,46
111 Vahrn,53,,25,25,50
111 Vahrn,54,,23,16,39
111 Vahrn,55,,22,13,35
111 Vahrn,56,,16,20,36
111 Vahrn,57,,22,28,50
111 Vahrn,58,,17,16,33
111 Vahrn,59,,14,23,37
111 Vahrn,60,,18,23,41
111 Vahrn,61,,11,16,27
111 Vahrn,62,,18,20,38
111 Vahrn,63,,23,23,46
111 Vahrn,64,,18,22,40
111 Vahrn,65,,20,24,44
111 Vahrn,66,,20,15,35
111 Vahrn,67,,19,20,39
111 Vahrn,68,,14,9,23
111 Vahrn,69,,16,19,35
111 Vahrn,70,,11,17,28
111 Vahrn,71,,8,14,22
111 Vahrn,72,,10,15,25
111 Vahrn,73,,8,13,21
111 Vahrn,74,,11,13,24
111 Vahrn,75,,9,13,22
111 Vahrn,76,,15,14,29
111 Vahrn,77,,7,18,25
111 Vahrn,78,,8,12,20
111 Vahrn,79,,4,18,22
111 Vahrn,80,,4,4,8
111 Vahrn,81,,3,13,16
111 Vahrn,82,,5,14,19
111 Vahrn,83,,6,8,14
111 Vahrn,84,,4,10,14
111 Vahrn,85,,4,7,11
111 Vahrn,86,,1,4,5
111 Vahrn,87,,3,3,6
111 Vahrn,88,,1,2,3
111 Vahrn,89,,3,2,5
111 Vahrn,90,,1,-,1
111 Vahrn,92,,-,2,2
111 Vahrn,93,,1,-,1
111 Vahrn,94,,-,2,2
111 Vahrn,95,,-,1,1
111 Vahrn,96,,-,1,1
112 Vöran,0,,7,2,9
112 Vöran,1,,2,4,6
112 Vöran,2,,2,4,6
112 Vöran,3,,8,7,15
112 Vöran,4,,5,5,10
112 Vöran,5,,8,5,13
112 Vöran,6,,11,5,16
112 Vöran,7,,6,3,9
112 Vöran,8,,5,4,9
112 Vöran,9,,13,7,20
112 Vöran,10,,9,5,14
112 Vöran,11,,5,9,14
112 Vöran,12,,7,7,14
112 Vöran,13,,8,6,14
112 Vöran,14,,6,3,9
112 Vöran,15,,7,3,10
112 Vöran,16,,5,7,12
112 Vöran,17,,10,6,16
112 Vöran,18,,8,7,15
112 Vöran,19,,11,6,17
112 Vöran,20,,7,6,13
112 Vöran,21,,9,9,18
112 Vöran,22,,9,5,14
112 Vöran,23,,6,5,11
112 Vöran,24,,9,8,17
112 Vöran,25,,8,10,18
112 Vöran,26,,4,5,9
112 Vöran,27,,3,7,10
112 Vöran,28,,9,9,18
112 Vöran,29,,10,6,16
112 Vöran,30,,6,4,10
112 Vöran,31,,8,5,13
112 Vöran,32,,13,9,22
112 Vöran,33,,5,5,10
112 Vöran,34,,10,7,17
112 Vöran,35,,6,10,16
112 Vöran,36,,9,5,14
112 Vöran,37,,6,3,9
112 Vöran,38,,14,3,17
112 Vöran,39,,3,7,10
112 Vöran,40,,7,6,13
112 Vöran,41,,4,3,7
112 Vöran,42,,11,4,15
112 Vöran,43,,8,7,15
112 Vöran,44,,13,15,28
112 Vöran,45,,4,5,9
112 Vöran,46,,6,6,12
112 Vöran,47,,4,8,12
112 Vöran,48,,6,5,11
112 Vöran,49,,5,9,14
112 Vöran,50,,2,1,3
112 Vöran,51,,6,2,8
112 Vöran,52,,5,5,10
112 Vöran,53,,5,4,9
112 Vöran,54,,9,1,10
112 Vöran,55,,4,-,4
112 Vöran,56,,7,4,11
112 Vöran,57,,6,5,11
112 Vöran,58,,2,3,5
112 Vöran,59,,5,3,8
112 Vöran,60,,4,2,6
112 Vöran,61,,-,3,3
112 Vöran,62,,4,3,7
112 Vöran,63,,3,5,8
112 Vöran,64,,6,4,10
112 Vöran,65,,4,6,10
112 Vöran,66,,3,5,8
112 Vöran,67,,2,3,5
112 Vöran,68,,8,3,11
112 Vöran,69,,2,2,4
112 Vöran,70,,3,5,8
112 Vöran,71,,2,-,2
112 Vöran,72,,1,6,7
112 Vöran,73,,6,6,12
112 Vöran,74,,2,5,7
112 Vöran,75,,3,1,4
112 Vöran,76,,5,1,6
112 Vöran,77,,1,3,4
112 Vöran,78,,4,1,5
112 Vöran,79,,-,2,2
112 Vöran,80,,-,3,3
112 Vöran,81,,3,4,7
112 Vöran,82,,-,2,2
112 Vöran,83,,2,1,3
112 Vöran,84,,1,-,1
112 Vöran,85,,1,1,2
112 Vöran,86,,-,1,1
112 Vöran,90,,1,-,1
112 Vöran,95,,-,1,1
113 Niederdorf,0,,9,5,14
113 Niederdorf,1,,15,8,23
113 Niederdorf,2,,11,15,26
113 Niederdorf,3,,10,14,24
113 Niederdorf,4,,5,10,15
113 Niederdorf,5,,9,10,19
113 Niederdorf,6,,11,12,23
113 Niederdorf,7,,5,5,10
113 Niederdorf,8,,7,12,19
113 Niederdorf,9,,9,8,17
113 Niederdorf,10,,6,9,15
113 Niederdorf,11,,6,11,17
113 Niederdorf,12,,14,7,21
113 Niederdorf,13,,9,7,16
113 Niederdorf,14,,7,10,17
113 Niederdorf,15,,8,12,20
113 Niederdorf,16,,12,10,22
113 Niederdorf,17,,9,6,15
113 Niederdorf,18,,8,9,17
113 Niederdorf,19,,2,9,11
113 Niederdorf,20,,4,7,11
113 Niederdorf,21,,8,5,13
113 Niederdorf,22,,7,6,13
113 Niederdorf,23,,9,9,18
113 Niederdorf,24,,3,13,16
113 Niederdorf,25,,8,5,13
113 Niederdorf,26,,8,7,15
113 Niederdorf,27,,10,1,11
113 Niederdorf,28,,4,1,5
113 Niederdorf,29,,9,7,16
113 Niederdorf,30,,11,9,20
113 Niederdorf,31,,7,9,16
113 Niederdorf,32,,12,11,23
113 Niederdorf,33,,16,10,26
113 Niederdorf,34,,15,8,23
113 Niederdorf,35,,10,15,25
113 Niederdorf,36,,8,11,19
113 Niederdorf,37,,23,16,39
113 Niederdorf,38,,16,11,27
113 Niederdorf,39,,13,16,29
113 Niederdorf,40,,24,10,34
113 Niederdorf,41,,10,16,26
113 Niederdorf,42,,19,14,33
113 Niederdorf,43,,10,9,19
113 Niederdorf,44,,20,10,30
113 Niederdorf,45,,13,10,23
113 Niederdorf,46,,9,10,19
113 Niederdorf,47,,10,8,18
113 Niederdorf,48,,6,5,11
113 Niederdorf,49,,11,11,22
113 Niederdorf,50,,9,10,19
113 Niederdorf,51,,11,7,18
113 Niederdorf,52,,12,6,18
113 Niederdorf,53,,7,4,11
113 Niederdorf,54,,8,4,12
113 Niederdorf,55,,1,1,2
113 Niederdorf,56,,5,4,9
113 Niederdorf,57,,9,4,13
113 Niederdorf,58,,5,8,13
113 Niederdorf,59,,6,8,14
113 Niederdorf,60,,7,7,14
113 Niederdorf,61,,3,6,9
113 Niederdorf,62,,8,7,15
113 Niederdorf,63,,5,8,13
113 Niederdorf,64,,5,9,14
113 Niederdorf,65,,5,6,11
113 Niederdorf,66,,5,8,13
113 Niederdorf,67,,1,3,4
113 Niederdorf,68,,7,6,13
113 Niederdorf,69,,5,8,13
113 Niederdorf,70,,5,8,13
113 Niederdorf,71,,7,7,14
113 Niederdorf,72,,2,13,15
113 Niederdorf,73,,5,7,12
113 Niederdorf,74,,8,6,14
113 Niederdorf,75,,7,6,13
113 Niederdorf,76,,6,9,15
113 Niederdorf,77,,5,8,13
113 Niederdorf,78,,3,6,9
113 Niederdorf,79,,7,9,16
113 Niederdorf,80,,3,5,8
113 Niederdorf,81,,-,5,5
113 Niederdorf,82,,3,8,11
113 Niederdorf,83,,2,3,5
113 Niederdorf,84,,2,7,9
113 Niederdorf,85,,5,4,9
113 Niederdorf,86,,-,3,3
113 Niederdorf,87,,-,1,1
113 Niederdorf,88,,-,2,2
113 Niederdorf,89,,1,-,1
113 Niederdorf,90,,-,1,1
113 Niederdorf,91,,-,2,2
113 Niederdorf,92,,-,1,1
113 Niederdorf,95,,-,1,1
113 Niederdorf,96,,-,1,1
113 Niederdorf,101,,-,1,1
114 Villanders,0,,13,13,26
114 Villanders,1,,18,7,25
114 Villanders,2,,11,14,25
114 Villanders,3,,6,12,18
114 Villanders,4,,7,12,19
114 Villanders,5,,13,11,24
114 Villanders,6,,10,15,25
114 Villanders,7,,13,11,24
114 Villanders,8,,13,9,22
114 Villanders,9,,10,12,22
114 Villanders,10,,14,8,22
114 Villanders,11,,18,5,23
114 Villanders,12,,11,12,23
114 Villanders,13,,7,17,24
114 Villanders,14,,14,8,22
114 Villanders,15,,16,15,31
114 Villanders,16,,16,14,30
114 Villanders,17,,15,10,25
114 Villanders,18,,9,12,21
114 Villanders,19,,6,16,22
114 Villanders,20,,9,9,18
114 Villanders,21,,10,11,21
114 Villanders,22,,13,15,28
114 Villanders,23,,15,5,20
114 Villanders,24,,16,11,27
114 Villanders,25,,19,13,32
114 Villanders,26,,10,17,27
114 Villanders,27,,16,7,23
114 Villanders,28,,15,12,27
114 Villanders,29,,16,15,31
114 Villanders,30,,14,12,26
114 Villanders,31,,9,13,22
114 Villanders,32,,14,17,31
114 Villanders,33,,10,17,27
114 Villanders,34,,14,18,32
114 Villanders,35,,16,18,34
114 Villanders,36,,20,11,31
114 Villanders,37,,27,17,44
114 Villanders,38,,23,11,34
114 Villanders,39,,19,12,31
114 Villanders,40,,20,16,36
114 Villanders,41,,22,17,39
114 Villanders,42,,23,16,39
114 Villanders,43,,15,14,29
114 Villanders,44,,18,11,29
114 Villanders,45,,15,12,27
114 Villanders,46,,18,6,24
114 Villanders,47,,15,11,26
114 Villanders,48,,18,7,25
114 Villanders,49,,11,7,18
114 Villanders,50,,10,11,21
114 Villanders,51,,11,18,29
114 Villanders,52,,9,5,14
114 Villanders,53,,11,9,20
114 Villanders,54,,11,7,18
114 Villanders,55,,10,7,17
114 Villanders,56,,11,8,19
114 Villanders,57,,11,5,16
114 Villanders,58,,6,11,17
114 Villanders,59,,6,7,13
114 Villanders,60,,11,10,21
114 Villanders,61,,6,4,10
114 Villanders,62,,5,9,14
114 Villanders,63,,7,7,14
114 Villanders,64,,10,8,18
114 Villanders,65,,8,9,17
114 Villanders,66,,9,12,21
114 Villanders,67,,7,5,12
114 Villanders,68,,8,6,14
114 Villanders,69,,4,9,13
114 Villanders,70,,6,6,12
114 Villanders,71,,2,8,10
114 Villanders,72,,1,9,10
114 Villanders,73,,9,9,18
114 Villanders,74,,9,9,18
114 Villanders,75,,5,7,12
114 Villanders,76,,8,5,13
114 Villanders,77,,3,7,10
114 Villanders,78,,3,7,10
114 Villanders,79,,6,5,11
114 Villanders,80,,3,5,8
114 Villanders,81,,2,7,9
114 Villanders,82,,4,3,7
114 Villanders,83,,5,3,8
114 Villanders,84,,2,4,6
114 Villanders,85,,1,9,10
114 Villanders,86,,3,3,6
114 Villanders,87,,-,2,2
114 Villanders,91,,-,2,2
114 Villanders,92,,1,2,3
114 Villanders,93,,1,2,3
114 Villanders,94,,1,1,2
115 Sterzing,0,,35,28,63
115 Sterzing,1,,28,25,53
115 Sterzing,2,,28,28,56
115 Sterzing,3,,30,41,71
115 Sterzing,4,,34,26,60
115 Sterzing,5,,33,33,66
115 Sterzing,6,,27,32,59
115 Sterzing,7,,29,21,50
115 Sterzing,8,,25,30,55
115 Sterzing,9,,32,32,64
115 Sterzing,10,,28,36,64
115 Sterzing,11,,30,27,57
115 Sterzing,12,,29,20,49
115 Sterzing,13,,33,25,58
115 Sterzing,14,,30,31,61
115 Sterzing,15,,38,31,69
115 Sterzing,16,,25,35,60
115 Sterzing,17,,38,22,60
115 Sterzing,18,,31,26,57
115 Sterzing,19,,30,26,56
115 Sterzing,20,,35,33,68
115 Sterzing,21,,14,32,46
115 Sterzing,22,,37,27,64
115 Sterzing,23,,36,34,70
115 Sterzing,24,,42,35,77
115 Sterzing,25,,68,37,105
115 Sterzing,26,,55,52,107
115 Sterzing,27,,48,46,94
115 Sterzing,28,,52,30,82
115 Sterzing,29,,51,37,88
115 Sterzing,30,,41,42,83
115 Sterzing,31,,61,47,108
115 Sterzing,32,,56,38,94
115 Sterzing,33,,51,61,112
115 Sterzing,34,,51,57,108
115 Sterzing,35,,57,51,108
115 Sterzing,36,,53,55,108
115 Sterzing,37,,38,32,70
115 Sterzing,38,,54,56,110
115 Sterzing,39,,60,47,107
115 Sterzing,40,,51,52,103
115 Sterzing,41,,56,45,101
115 Sterzing,42,,49,42,91
115 Sterzing,43,,48,46,94
115 Sterzing,44,,40,48,88
115 Sterzing,45,,42,36,78
115 Sterzing,46,,44,46,90
115 Sterzing,47,,55,40,95
115 Sterzing,48,,43,40,83
115 Sterzing,49,,36,46,82
115 Sterzing,50,,44,26,70
115 Sterzing,51,,35,46,81
115 Sterzing,52,,34,34,68
115 Sterzing,53,,31,40,71
115 Sterzing,54,,42,38,80
115 Sterzing,55,,36,42,78
115 Sterzing,56,,39,37,76
115 Sterzing,57,,34,48,82
115 Sterzing,58,,38,44,82
115 Sterzing,59,,30,29,59
115 Sterzing,60,,44,44,88
115 Sterzing,61,,36,36,72
115 Sterzing,62,,33,28,61
115 Sterzing,63,,42,48,90
115 Sterzing,64,,28,36,64
115 Sterzing,65,,30,26,56
115 Sterzing,66,,40,31,71
115 Sterzing,67,,25,28,53
115 Sterzing,68,,29,27,56
115 Sterzing,69,,18,36,54
115 Sterzing,70,,21,40,61
115 Sterzing,71,,22,24,46
115 Sterzing,72,,18,25,43
115 Sterzing,73,,25,29,54
115 Sterzing,74,,13,15,28
115 Sterzing,75,,21,32,53
115 Sterzing,76,,8,23,31
115 Sterzing,77,,16,19,35
115 Sterzing,78,,18,27,45
115 Sterzing,79,,14,18,32
115 Sterzing,80,,11,19,30
115 Sterzing,81,,4,17,21
115 Sterzing,82,,10,16,26
115 Sterzing,83,,10,16,26
115 Sterzing,84,,9,21,30
115 Sterzing,85,,2,12,14
115 Sterzing,86,,2,6,8
115 Sterzing,87,,4,5,9
115 Sterzing,88,,2,2,4
115 Sterzing,89,,3,2,5
115 Sterzing,90,,1,3,4
115 Sterzing,91,,1,2,3
115 Sterzing,92,,2,6,8
115 Sterzing,93,,-,1,1
115 Sterzing,94,,-,4,4
115 Sterzing,96,,-,2,2
115 Sterzing,97,,-,1,1
115 Sterzing,105,,-,1,1
116 Feldthurns,0,,28,21,49
116 Feldthurns,1,,23,17,40
116 Feldthurns,2,,21,16,37
116 Feldthurns,3,,14,13,27
116 Feldthurns,4,,22,25,47
116 Feldthurns,5,,17,19,36
116 Feldthurns,6,,25,15,40
116 Feldthurns,7,,18,22,40
116 Feldthurns,8,,22,19,41
116 Feldthurns,9,,22,16,38
116 Feldthurns,10,,17,20,37
116 Feldthurns,11,,18,18,36
116 Feldthurns,12,,15,19,34
116 Feldthurns,13,,27,19,46
116 Feldthurns,14,,19,19,38
116 Feldthurns,15,,14,12,26
116 Feldthurns,16,,13,17,30
116 Feldthurns,17,,21,14,35
116 Feldthurns,18,,15,19,34
116 Feldthurns,19,,23,11,34
116 Feldthurns,20,,19,19,38
116 Feldthurns,21,,14,20,34
116 Feldthurns,22,,16,19,35
116 Feldthurns,23,,24,22,46
116 Feldthurns,24,,15,19,34
116 Feldthurns,25,,21,18,39
116 Feldthurns,26,,12,22,34
116 Feldthurns,27,,13,17,30
116 Feldthurns,28,,31,24,55
116 Feldthurns,29,,21,15,36
116 Feldthurns,30,,22,24,46
116 Feldthurns,31,,19,18,37
116 Feldthurns,32,,26,31,57
116 Feldthurns,33,,19,19,38
116 Feldthurns,34,,32,25,57
116 Feldthurns,35,,17,24,41
116 Feldthurns,36,,17,19,36
116 Feldthurns,37,,22,27,49
116 Feldthurns,38,,18,28,46
116 Feldthurns,39,,23,22,45
116 Feldthurns,40,,20,21,41
116 Feldthurns,41,,25,28,53
116 Feldthurns,42,,21,19,40
116 Feldthurns,43,,29,18,47
116 Feldthurns,44,,14,18,32
116 Feldthurns,45,,18,17,35
116 Feldthurns,46,,16,14,30
116 Feldthurns,47,,16,16,32
116 Feldthurns,48,,15,19,34
116 Feldthurns,49,,14,13,27
116 Feldthurns,50,,11,18,29
116 Feldthurns,51,,13,12,25
116 Feldthurns,52,,14,15,29
116 Feldthurns,53,,19,13,32
116 Feldthurns,54,,22,15,37
116 Feldthurns,55,,14,12,26
116 Feldthurns,56,,14,14,28
116 Feldthurns,57,,7,15,22
116 Feldthurns,58,,14,11,25
116 Feldthurns,59,,16,8,24
116 Feldthurns,60,,11,10,21
116 Feldthurns,61,,13,13,26
116 Feldthurns,62,,19,11,30
116 Feldthurns,63,,11,12,23
116 Feldthurns,64,,9,7,16
116 Feldthurns,65,,7,4,11
116 Feldthurns,66,,10,6,16
116 Feldthurns,67,,7,11,18
116 Feldthurns,68,,11,8,19
116 Feldthurns,69,,4,10,14
116 Feldthurns,70,,7,10,17
116 Feldthurns,71,,10,11,21
116 Feldthurns,72,,2,5,7
116 Feldthurns,73,,7,4,11
116 Feldthurns,74,,6,10,16
116 Feldthurns,75,,4,6,10
116 Feldthurns,76,,4,14,18
116 Feldthurns,77,,4,10,14
116 Feldthurns,78,,9,4,13
116 Feldthurns,79,,4,4,8
116 Feldthurns,80,,2,7,9
116 Feldthurns,81,,5,7,12
116 Feldthurns,82,,4,8,12
116 Feldthurns,83,,6,6,12
116 Feldthurns,84,,2,6,8
116 Feldthurns,85,,1,8,9
116 Feldthurns,86,,5,9,14
116 Feldthurns,87,,3,5,8
116 Feldthurns,88,,3,-,3
116 Feldthurns,89,,-,2,2
116 Feldthurns,90,,-,2,2
116 Feldthurns,91,,-,5,5
116 Feldthurns,92,,1,2,3
116 Feldthurns,93,,-,1,1
116 Feldthurns,94,,1,1,2
116 Feldthurns,95,,-,1,1
117 Wengen,0,,5,9,14
117 Wengen,1,,10,4,14
117 Wengen,2,,7,8,15
117 Wengen,3,,5,7,12
117 Wengen,4,,10,4,14
117 Wengen,5,,5,11,16
117 Wengen,6,,10,6,16
117 Wengen,7,,9,5,14
117 Wengen,8,,7,8,15
117 Wengen,9,,12,7,19
117 Wengen,10,,9,8,17
117 Wengen,11,,11,9,20
117 Wengen,12,,12,7,19
117 Wengen,13,,10,7,17
117 Wengen,14,,10,7,17
117 Wengen,15,,17,8,25
117 Wengen,16,,12,7,19
117 Wengen,17,,6,7,13
117 Wengen,18,,6,9,15
117 Wengen,19,,11,5,16
117 Wengen,20,,8,8,16
117 Wengen,21,,9,6,15
117 Wengen,22,,14,7,21
117 Wengen,23,,13,5,18
117 Wengen,24,,11,5,16
117 Wengen,25,,6,9,15
117 Wengen,26,,9,11,20
117 Wengen,27,,13,6,19
117 Wengen,28,,6,6,12
117 Wengen,29,,10,8,18
117 Wengen,30,,6,6,12
117 Wengen,31,,17,9,26
117 Wengen,32,,11,7,18
117 Wengen,33,,17,11,28
117 Wengen,34,,12,11,23
117 Wengen,35,,12,13,25
117 Wengen,36,,11,13,24
117 Wengen,37,,8,12,20
117 Wengen,38,,18,10,28
117 Wengen,39,,10,12,22
117 Wengen,40,,13,5,18
117 Wengen,41,,9,11,20
117 Wengen,42,,11,5,16
117 Wengen,43,,12,13,25
117 Wengen,44,,14,7,21
117 Wengen,45,,8,9,17
117 Wengen,46,,10,12,22
117 Wengen,47,,7,6,13
117 Wengen,48,,6,7,13
117 Wengen,49,,6,11,17
117 Wengen,50,,4,6,10
117 Wengen,51,,7,6,13
117 Wengen,52,,9,4,13
117 Wengen,53,,6,2,8
117 Wengen,54,,6,7,13
117 Wengen,55,,9,6,15
117 Wengen,56,,3,6,9
117 Wengen,57,,4,8,12
117 Wengen,58,,2,12,14
117 Wengen,59,,6,3,9
117 Wengen,60,,5,3,8
117 Wengen,61,,6,3,9
117 Wengen,62,,9,8,17
117 Wengen,63,,3,7,10
117 Wengen,64,,8,6,14
117 Wengen,65,,4,4,8
117 Wengen,66,,8,9,17
117 Wengen,67,,6,3,9
117 Wengen,68,,5,4,9
117 Wengen,69,,6,7,13
117 Wengen,70,,2,1,3
117 Wengen,71,,2,7,9
117 Wengen,72,,2,9,11
117 Wengen,73,,3,2,5
117 Wengen,74,,2,7,9
117 Wengen,75,,5,2,7
117 Wengen,76,,4,2,6
117 Wengen,77,,2,7,9
117 Wengen,78,,2,3,5
117 Wengen,79,,2,5,7
117 Wengen,80,,1,3,4
117 Wengen,81,,3,4,7
117 Wengen,82,,-,6,6
117 Wengen,83,,3,5,8
117 Wengen,84,,3,4,7
117 Wengen,85,,4,7,11
117 Wengen,86,,1,1,2
117 Wengen,87,,1,-,1
117 Wengen,89,,2,-,2
117 Wengen,91,,1,-,1
117 Wengen,93,,-,1,1
117 Wengen,94,,1,-,1
117 Wengen,96,,-,1,1
118 U.L.Frau i.W.-St.Felix,0,,3,2,5
118 U.L.Frau i.W.-St.Felix,1,,6,7,13
118 U.L.Frau i.W.-St.Felix,2,,6,3,9
118 U.L.Frau i.W.-St.Felix,3,,9,7,16
118 U.L.Frau i.W.-St.Felix,4,,7,3,10
118 U.L.Frau i.W.-St.Felix,5,,9,5,14
118 U.L.Frau i.W.-St.Felix,6,,3,2,5
118 U.L.Frau i.W.-St.Felix,7,,5,5,10
118 U.L.Frau i.W.-St.Felix,8,,6,9,15
118 U.L.Frau i.W.-St.Felix,9,,5,5,10
118 U.L.Frau i.W.-St.Felix,10,,8,5,13
118 U.L.Frau i.W.-St.Felix,11,,4,10,14
118 U.L.Frau i.W.-St.Felix,12,,7,8,15
118 U.L.Frau i.W.-St.Felix,13,,9,5,14
118 U.L.Frau i.W.-St.Felix,14,,7,4,11
118 U.L.Frau i.W.-St.Felix,15,,10,8,18
118 U.L.Frau i.W.-St.Felix,16,,7,4,11
118 U.L.Frau i.W.-St.Felix,17,,8,6,14
118 U.L.Frau i.W.-St.Felix,18,,8,5,13
118 U.L.Frau i.W.-St.Felix,19,,4,7,11
118 U.L.Frau i.W.-St.Felix,20,,7,4,11
118 U.L.Frau i.W.-St.Felix,21,,5,6,11
118 U.L.Frau i.W.-St.Felix,22,,8,4,12
118 U.L.Frau i.W.-St.Felix,23,,2,11,13
118 U.L.Frau i.W.-St.Felix,24,,3,7,10
118 U.L.Frau i.W.-St.Felix,25,,7,4,11
118 U.L.Frau i.W.-St.Felix,26,,3,6,9
118 U.L.Frau i.W.-St.Felix,27,,1,4,5
118 U.L.Frau i.W.-St.Felix,28,,-,4,4
118 U.L.Frau i.W.-St.Felix,29,,6,3,9
118 U.L.Frau i.W.-St.Felix,30,,4,8,12
118 U.L.Frau i.W.-St.Felix,31,,8,2,10
118 U.L.Frau i.W.-St.Felix,32,,5,6,11
118 U.L.Frau i.W.-St.Felix,33,,3,3,6
118 U.L.Frau i.W.-St.Felix,34,,7,5,12
118 U.L.Frau i.W.-St.Felix,35,,2,4,6
118 U.L.Frau i.W.-St.Felix,36,,5,9,14
118 U.L.Frau i.W.-St.Felix,37,,7,4,11
118 U.L.Frau i.W.-St.Felix,38,,5,9,14
118 U.L.Frau i.W.-St.Felix,39,,3,4,7
118 U.L.Frau i.W.-St.Felix,40,,8,7,15
118 U.L.Frau i.W.-St.Felix,41,,10,6,16
118 U.L.Frau i.W.-St.Felix,42,,6,8,14
118 U.L.Frau i.W.-St.Felix,43,,16,8,24
118 U.L.Frau i.W.-St.Felix,44,,8,10,18
118 U.L.Frau i.W.-St.Felix,45,,4,4,8
118 U.L.Frau i.W.-St.Felix,46,,8,9,17
118 U.L.Frau i.W.-St.Felix,47,,5,5,10
118 U.L.Frau i.W.-St.Felix,48,,4,2,6
118 U.L.Frau i.W.-St.Felix,49,,3,6,9
118 U.L.Frau i.W.-St.Felix,50,,5,6,11
118 U.L.Frau i.W.-St.Felix,51,,3,4,7
118 U.L.Frau i.W.-St.Felix,52,,6,3,9
118 U.L.Frau i.W.-St.Felix,53,,3,2,5
118 U.L.Frau i.W.-St.Felix,54,,6,3,9
118 U.L.Frau i.W.-St.Felix,55,,7,3,10
118 U.L.Frau i.W.-St.Felix,56,,4,4,8
118 U.L.Frau i.W.-St.Felix,57,,5,-,5
118 U.L.Frau i.W.-St.Felix,58,,4,1,5
118 U.L.Frau i.W.-St.Felix,59,,1,7,8
118 U.L.Frau i.W.-St.Felix,60,,1,4,5
118 U.L.Frau i.W.-St.Felix,61,,3,1,4
118 U.L.Frau i.W.-St.Felix,62,,5,1,6
118 U.L.Frau i.W.-St.Felix,63,,6,4,10
118 U.L.Frau i.W.-St.Felix,64,,5,4,9
118 U.L.Frau i.W.-St.Felix,65,,5,8,13
118 U.L.Frau i.W.-St.Felix,66,,3,1,4
118 U.L.Frau i.W.-St.Felix,67,,1,4,5
118 U.L.Frau i.W.-St.Felix,68,,4,4,8
118 U.L.Frau i.W.-St.Felix,69,,3,-,3
118 U.L.Frau i.W.-St.Felix,70,,4,2,6
118 U.L.Frau i.W.-St.Felix,71,,3,3,6
118 U.L.Frau i.W.-St.Felix,72,,3,3,6
118 U.L.Frau i.W.-St.Felix,73,,5,4,9
118 U.L.Frau i.W.-St.Felix,74,,7,1,8
118 U.L.Frau i.W.-St.Felix,75,,4,1,5
118 U.L.Frau i.W.-St.Felix,76,,4,5,9
118 U.L.Frau i.W.-St.Felix,77,,1,3,4
118 U.L.Frau i.W.-St.Felix,78,,3,4,7
118 U.L.Frau i.W.-St.Felix,79,,3,4,7
118 U.L.Frau i.W.-St.Felix,80,,2,3,5
118 U.L.Frau i.W.-St.Felix,81,,4,5,9
118 U.L.Frau i.W.-St.Felix,82,,2,3,5
118 U.L.Frau i.W.-St.Felix,83,,2,4,6
118 U.L.Frau i.W.-St.Felix,84,,2,-,2
118 U.L.Frau i.W.-St.Felix,85,,-,3,3
118 U.L.Frau i.W.-St.Felix,86,,-,1,1
118 U.L.Frau i.W.-St.Felix,87,,-,2,2
118 U.L.Frau i.W.-St.Felix,89,,1,-,1
118 U.L.Frau i.W.-St.Felix,92,,-,1,1
118 U.L.Frau i.W.-St.Felix,93,,1,-,1
118 U.L.Frau i.W.-St.Felix,94,,1,-,1
