Gemeinde,Altersklassen,Geschlecht,Männer,Frauen,Insgesamt
001 Aldein,0,,11,5,16
001 Aldein,1,,13,7,20
001 Aldein,2,,8,12,20
001 Aldein,3,,14,4,18
001 Aldein,4,,2,10,12
001 Aldein,5,,9,3,12
001 Aldein,6,,11,9,20
001 Aldein,7,,7,9,16
001 Aldein,8,,6,11,17
001 Aldein,9,,8,13,21
001 Aldein,10,,8,14,22
001 Aldein,11,,10,8,18
001 Aldein,12,,17,9,26
001 Aldein,13,,17,10,27
001 Aldein,14,,14,7,21
001 Aldein,15,,17,8,25
001 Aldein,16,,13,4,17
001 Aldein,17,,16,15,31
001 Aldein,18,,12,18,30
001 Aldein,19,,16,8,24
001 Aldein,20,,8,7,15
001 Aldein,21,,10,13,23
001 Aldein,22,,13,7,20
001 Aldein,23,,14,10,24
001 Aldein,24,,8,11,19
001 Aldein,25,,5,7,12
001 Aldein,26,,7,5,12
001 Aldein,27,,11,12,23
001 Aldein,28,,10,5,15
001 Aldein,29,,9,5,14
001 Aldein,30,,7,2,9
001 Aldein,31,,14,11,25
001 Aldein,32,,7,6,13
001 Aldein,33,,6,9,15
001 Aldein,34,,11,10,21
001 Aldein,35,,10,13,23
001 Aldein,36,,8,12,20
001 Aldein,37,,12,13,25
001 Aldein,38,,10,8,18
001 Aldein,39,,8,20,28
001 Aldein,40,,8,12,20
001 Aldein,41,,16,12,28
001 Aldein,42,,14,12,26
001 Aldein,43,,13,10,23
001 Aldein,44,,17,7,24
001 Aldein,45,,17,15,32
001 Aldein,46,,14,15,29
001 Aldein,47,,17,8,25
001 Aldein,48,,12,16,28
001 Aldein,49,,6,14,20
001 Aldein,50,,6,19,25
001 Aldein,51,,16,10,26
001 Aldein,52,,16,10,26
001 Aldein,53,,13,6,19
001 Aldein,54,,9,17,26
001 Aldein,55,,17,14,31
001 Aldein,56,,14,9,23
001 Aldein,57,,10,12,22
001 Aldein,58,,7,4,11
001 Aldein,59,,10,10,20
001 Aldein,60,,8,8,16
001 Aldein,61,,9,9,18
001 Aldein,62,,9,7,16
001 Aldein,63,,9,9,18
001 Aldein,64,,7,4,11
001 Aldein,65,,14,10,24
001 Aldein,66,,5,13,18
001 Aldein,67,,9,6,15
001 Aldein,68,,9,9,18
001 Aldein,69,,5,11,16
001 Aldein,70,,6,10,16
001 Aldein,71,,6,5,11
001 Aldein,72,,5,6,11
001 Aldein,73,,8,9,17
001 Aldein,74,,6,9,15
001 Aldein,75,,5,12,17
001 Aldein,76,,4,8,12
001 Aldein,77,,4,9,13
001 Aldein,78,,7,7,14
001 Aldein,79,,5,7,12
001 Aldein,80,,4,4,8
001 Aldein,81,,4,3,7
001 Aldein,82,,10,3,13
001 Aldein,83,,3,2,5
001 Aldein,84,,2,4,6
001 Aldein,85,,3,1,4
001 Aldein,86,,1,2,3
001 Aldein,87,,5,6,11
001 Aldein,88,,1,1,2
001 Aldein,89,,3,3,6
001 Aldein,90,,-,1,1
001 Aldein,91,,1,4,5
001 Aldein,92,,-,5,5
001 Aldein,93,,1,3,4
001 Aldein,94,,-,2,2
001 Aldein,95,,1,2,3
002 Andrian,0,,1,4,5
002 Andrian,1,,3,3,6
002 Andrian,2,,8,4,12
002 Andrian,3,,5,4,9
002 Andrian,4,,9,5,14
002 Andrian,5,,8,5,13
002 Andrian,6,,8,6,14
002 Andrian,7,,8,11,19
002 Andrian,8,,4,6,10
002 Andrian,9,,4,7,11
002 Andrian,10,,8,3,11
002 Andrian,11,,6,6,12
002 Andrian,12,,8,4,12
002 Andrian,13,,6,11,17
002 Andrian,14,,3,3,6
002 Andrian,15,,3,2,5
002 Andrian,16,,6,5,11
002 Andrian,17,,3,5,8
002 Andrian,18,,9,1,10
002 Andrian,19,,9,7,16
002 Andrian,20,,2,10,12
002 Andrian,21,,8,3,11
002 Andrian,22,,5,5,10
002 Andrian,23,,4,5,9
002 Andrian,24,,6,6,12
002 Andrian,25,,5,9,14
002 Andrian,26,,9,5,14
002 Andrian,27,,4,5,9
002 Andrian,28,,10,7,17
002 Andrian,29,,7,6,13
002 Andrian,30,,7,6,13
002 Andrian,31,,2,4,6
002 Andrian,32,,7,5,12
002 Andrian,33,,6,4,10
002 Andrian,34,,9,10,19
002 Andrian,35,,6,5,11
002 Andrian,36,,6,5,11
002 Andrian,37,,7,7,14
002 Andrian,38,,7,5,12
002 Andrian,39,,7,12,19
002 Andrian,40,,9,10,19
002 Andrian,41,,10,4,14
002 Andrian,42,,5,10,15
002 Andrian,43,,11,8,19
002 Andrian,44,,9,9,18
002 Andrian,45,,9,10,19
002 Andrian,46,,10,7,17
002 Andrian,47,,8,8,16
002 Andrian,48,,10,10,20
002 Andrian,49,,10,9,19
002 Andrian,50,,10,9,19
002 Andrian,51,,13,9,22
002 Andrian,52,,8,7,15
002 Andrian,53,,8,16,24
002 Andrian,54,,11,7,18
002 Andrian,55,,9,4,13
002 Andrian,56,,8,5,13
002 Andrian,57,,7,4,11
002 Andrian,58,,8,9,17
002 Andrian,59,,6,7,13
002 Andrian,60,,7,10,17
002 Andrian,61,,3,3,6
002 Andrian,62,,5,3,8
002 Andrian,63,,7,7,14
002 Andrian,64,,2,3,5
002 Andrian,65,,4,3,7
002 Andrian,66,,6,5,11
002 Andrian,67,,3,2,5
002 Andrian,68,,2,5,7
002 Andrian,69,,6,4,10
002 Andrian,70,,7,8,15
002 Andrian,71,,1,2,3
002 Andrian,72,,1,4,5
002 Andrian,73,,6,7,13
002 Andrian,74,,2,3,5
002 Andrian,75,,5,4,9
002 Andrian,76,,2,6,8
002 Andrian,77,,1,7,8
002 Andrian,78,,4,3,7
002 Andrian,79,,3,3,6
002 Andrian,80,,2,4,6
002 Andrian,81,,3,2,5
002 Andrian,82,,5,1,6
002 Andrian,83,,2,2,4
002 Andrian,84,,4,2,6
002 Andrian,85,,-,3,3
002 Andrian,86,,2,1,3
002 Andrian,87,,2,1,3
002 Andrian,88,,1,1,2
002 Andrian,89,,-,2,2
002 Andrian,90,,1,3,4
002 Andrian,91,,-,2,2
002 Andrian,92,,-,1,1
002 Andrian,95,,-,2,2
002 Andrian,102,,-,1,1
003 Altrei,0,,-,1,1
003 Altrei,1,,5,2,7
003 Altrei,2,,2,6,8
003 Altrei,3,,2,2,4
003 Altrei,4,,2,3,5
003 Altrei,5,,-,2,2
003 Altrei,7,,2,2,4
003 Altrei,8,,3,4,7
003 Altrei,9,,6,4,10
003 Altrei,10,,2,-,2
003 Altrei,11,,4,2,6
003 Altrei,12,,2,1,3
003 Altrei,13,,-,1,1
003 Altrei,14,,2,1,3
003 Altrei,15,,4,1,5
003 Altrei,16,,1,2,3
003 Altrei,17,,3,-,3
003 Altrei,18,,3,1,4
003 Altrei,19,,-,1,1
003 Altrei,20,,-,3,3
003 Altrei,21,,1,2,3
003 Altrei,22,,3,1,4
003 Altrei,23,,2,-,2
003 Altrei,24,,7,1,8
003 Altrei,25,,-,1,1
003 Altrei,26,,2,3,5
003 Altrei,27,,1,2,3
003 Altrei,28,,3,6,9
003 Altrei,29,,2,3,5
003 Altrei,30,,1,3,4
003 Altrei,31,,3,2,5
003 Altrei,32,,3,3,6
003 Altrei,33,,5,1,6
003 Altrei,34,,2,2,4
003 Altrei,35,,1,2,3
003 Altrei,36,,1,2,3
003 Altrei,37,,1,3,4
003 Altrei,38,,3,4,7
003 Altrei,39,,-,2,2
003 Altrei,40,,2,4,6
003 Altrei,41,,2,2,4
003 Altrei,42,,1,-,1
003 Altrei,43,,2,4,6
003 Altrei,44,,3,1,4
003 Altrei,45,,5,3,8
003 Altrei,46,,2,3,5
003 Altrei,47,,3,5,8
003 Altrei,48,,1,4,5
003 Altrei,49,,3,1,4
003 Altrei,50,,2,4,6
003 Altrei,51,,3,4,7
003 Altrei,52,,3,6,9
003 Altrei,53,,2,3,5
003 Altrei,54,,10,2,12
003 Altrei,55,,2,3,5
003 Altrei,56,,4,2,6
003 Altrei,57,,5,4,9
003 Altrei,58,,2,4,6
003 Altrei,59,,1,2,3
003 Altrei,60,,5,1,6
003 Altrei,61,,3,3,6
003 Altrei,62,,2,-,2
003 Altrei,63,,2,2,4
003 Altrei,64,,6,2,8
003 Altrei,65,,4,3,7
003 Altrei,66,,-,3,3
003 Altrei,67,,1,-,1
003 Altrei,68,,2,2,4
003 Altrei,69,,3,2,5
003 Altrei,70,,2,2,4
003 Altrei,71,,3,1,4
003 Altrei,72,,1,2,3
003 Altrei,73,,2,3,5
003 Altrei,74,,3,1,4
003 Altrei,75,,1,3,4
003 Altrei,76,,3,3,6
003 Altrei,77,,1,3,4
003 Altrei,78,,-,1,1
003 Altrei,79,,2,1,3
003 Altrei,80,,4,1,5
003 Altrei,81,,2,1,3
003 Altrei,82,,-,2,2
003 Altrei,83,,2,2,4
003 Altrei,84,,-,2,2
003 Altrei,85,,-,1,1
003 Altrei,86,,-,1,1
003 Altrei,87,,1,2,3
003 Altrei,88,,-,2,2
003 Altrei,89,,1,1,2
003 Altrei,92,,-,1,1
003 Altrei,94,,-,1,1
004 Eppan a.d. Weinstr.,0,,80,72,152
004 Eppan a.d. Weinstr.,1,,69,83,152
004 Eppan a.d. Weinstr.,2,,82,75,157
004 Eppan a.d. Weinstr.,3,,76,71,147
004 Eppan a.d. Weinstr.,4,,91,85,176
004 Eppan a.d. Weinstr.,5,,83,84,167
004 Eppan a.d. Weinstr.,6,,81,74,155
004 Eppan a.d. Weinstr.,7,,79,63,142
004 Eppan a.d. Weinstr.,8,,80,100,180
004 Eppan a.d. Weinstr.,9,,78,67,145
004 Eppan a.d. Weinstr.,10,,105,80,185
004 Eppan a.d. Weinstr.,11,,86,109,195
004 Eppan a.d. Weinstr.,12,,90,69,159
004 Eppan a.d. Weinstr.,13,,90,69,159
004 Eppan a.d. Weinstr.,14,,74,79,153
004 Eppan a.d. Weinstr.,15,,81,81,162
004 Eppan a.d. Weinstr.,16,,76,78,154
004 Eppan a.d. Weinstr.,17,,90,67,157
004 Eppan a.d. Weinstr.,18,,85,83,168
004 Eppan a.d. Weinstr.,19,,71,72,143
004 Eppan a.d. Weinstr.,20,,79,79,158
004 Eppan a.d. Weinstr.,21,,76,75,151
004 Eppan a.d. Weinstr.,22,,84,82,166
004 Eppan a.d. Weinstr.,23,,83,102,185
004 Eppan a.d. Weinstr.,24,,80,83,163
004 Eppan a.d. Weinstr.,25,,82,77,159
004 Eppan a.d. Weinstr.,26,,93,75,168
004 Eppan a.d. Weinstr.,27,,90,74,164
004 Eppan a.d. Weinstr.,28,,91,81,172
004 Eppan a.d. Weinstr.,29,,81,75,156
004 Eppan a.d. Weinstr.,30,,99,83,182
004 Eppan a.d. Weinstr.,31,,98,74,172
004 Eppan a.d. Weinstr.,32,,101,97,198
004 Eppan a.d. Weinstr.,33,,80,97,177
004 Eppan a.d. Weinstr.,34,,101,94,195
004 Eppan a.d. Weinstr.,35,,78,102,180
004 Eppan a.d. Weinstr.,36,,95,99,194
004 Eppan a.d. Weinstr.,37,,96,93,189
004 Eppan a.d. Weinstr.,38,,99,98,197
004 Eppan a.d. Weinstr.,39,,102,97,199
004 Eppan a.d. Weinstr.,40,,92,94,186
004 Eppan a.d. Weinstr.,41,,113,109,222
004 Eppan a.d. Weinstr.,42,,101,111,212
004 Eppan a.d. Weinstr.,43,,117,111,228
004 Eppan a.d. Weinstr.,44,,108,131,239
004 Eppan a.d. Weinstr.,45,,131,117,248
004 Eppan a.d. Weinstr.,46,,131,119,250
004 Eppan a.d. Weinstr.,47,,142,130,272
004 Eppan a.d. Weinstr.,48,,118,119,237
004 Eppan a.d. Weinstr.,49,,116,134,250
004 Eppan a.d. Weinstr.,50,,115,141,256
004 Eppan a.d. Weinstr.,51,,114,119,233
004 Eppan a.d. Weinstr.,52,,129,119,248
004 Eppan a.d. Weinstr.,53,,105,119,224
004 Eppan a.d. Weinstr.,54,,128,122,250
004 Eppan a.d. Weinstr.,55,,134,102,236
004 Eppan a.d. Weinstr.,56,,107,129,236
004 Eppan a.d. Weinstr.,57,,107,100,207
004 Eppan a.d. Weinstr.,58,,94,106,200
004 Eppan a.d. Weinstr.,59,,93,93,186
004 Eppan a.d. Weinstr.,60,,90,80,170
004 Eppan a.d. Weinstr.,61,,84,88,172
004 Eppan a.d. Weinstr.,62,,70,94,164
004 Eppan a.d. Weinstr.,63,,88,86,174
004 Eppan a.d. Weinstr.,64,,64,84,148
004 Eppan a.d. Weinstr.,65,,78,65,143
004 Eppan a.d. Weinstr.,66,,65,76,141
004 Eppan a.d. Weinstr.,67,,61,52,113
004 Eppan a.d. Weinstr.,68,,69,73,142
004 Eppan a.d. Weinstr.,69,,59,79,138
004 Eppan a.d. Weinstr.,70,,74,68,142
004 Eppan a.d. Weinstr.,71,,49,52,101
004 Eppan a.d. Weinstr.,72,,65,69,134
004 Eppan a.d. Weinstr.,73,,85,77,162
004 Eppan a.d. Weinstr.,74,,79,75,154
004 Eppan a.d. Weinstr.,75,,48,96,144
004 Eppan a.d. Weinstr.,76,,62,53,115
004 Eppan a.d. Weinstr.,77,,59,77,136
004 Eppan a.d. Weinstr.,78,,41,48,89
004 Eppan a.d. Weinstr.,79,,35,48,83
004 Eppan a.d. Weinstr.,80,,38,35,73
004 Eppan a.d. Weinstr.,81,,25,35,60
004 Eppan a.d. Weinstr.,82,,24,42,66
004 Eppan a.d. Weinstr.,83,,38,42,80
004 Eppan a.d. Weinstr.,84,,34,36,70
004 Eppan a.d. Weinstr.,85,,19,46,65
004 Eppan a.d. Weinstr.,86,,21,47,68
004 Eppan a.d. Weinstr.,87,,14,31,45
004 Eppan a.d. Weinstr.,88,,21,25,46
004 Eppan a.d. Weinstr.,89,,10,29,39
004 Eppan a.d. Weinstr.,90,,14,34,48
004 Eppan a.d. Weinstr.,91,,8,26,34
004 Eppan a.d. Weinstr.,92,,4,21,25
004 Eppan a.d. Weinstr.,93,,4,22,26
004 Eppan a.d. Weinstr.,94,,1,15,16
004 Eppan a.d. Weinstr.,95,,4,10,14
004 Eppan a.d. Weinstr.,96,,3,3,6
004 Eppan a.d. Weinstr.,97,,1,4,5
004 Eppan a.d. Weinstr.,98,,-,4,4
004 Eppan a.d. Weinstr.,99,,-,1,1
004 Eppan a.d. Weinstr.,103,,1,-,1
005 Hafling,0,,4,4,8
005 Hafling,1,,1,6,7
005 Hafling,2,,6,4,10
005 Hafling,3,,4,8,12
005 Hafling,4,,5,3,8
005 Hafling,5,,2,4,6
005 Hafling,6,,3,4,7
005 Hafling,7,,3,8,11
005 Hafling,8,,5,5,10
005 Hafling,9,,3,2,5
005 Hafling,10,,7,5,12
005 Hafling,11,,3,2,5
005 Hafling,12,,1,6,7
005 Hafling,13,,-,4,4
005 Hafling,14,,6,1,7
005 Hafling,15,,4,3,7
005 Hafling,16,,4,7,11
005 Hafling,17,,6,3,9
005 Hafling,18,,3,7,10
005 Hafling,19,,2,8,10
005 Hafling,20,,12,4,16
005 Hafling,21,,5,4,9
005 Hafling,22,,4,5,9
005 Hafling,23,,3,7,10
005 Hafling,24,,3,3,6
005 Hafling,25,,6,1,7
005 Hafling,26,,4,6,10
005 Hafling,27,,5,2,7
005 Hafling,28,,2,4,6
005 Hafling,29,,3,5,8
005 Hafling,30,,4,-,4
005 Hafling,31,,3,3,6
005 Hafling,32,,2,11,13
005 Hafling,33,,3,1,4
005 Hafling,34,,5,2,7
005 Hafling,35,,5,9,14
005 Hafling,36,,6,11,17
005 Hafling,37,,4,6,10
005 Hafling,38,,5,5,10
005 Hafling,39,,3,6,9
005 Hafling,40,,7,6,13
005 Hafling,41,,7,4,11
005 Hafling,42,,10,6,16
005 Hafling,43,,12,3,15
005 Hafling,44,,8,1,9
005 Hafling,45,,11,6,17
005 Hafling,46,,8,11,19
005 Hafling,47,,6,12,18
005 Hafling,48,,4,10,14
005 Hafling,49,,5,2,7
005 Hafling,50,,11,6,17
005 Hafling,51,,8,11,19
005 Hafling,52,,3,2,5
005 Hafling,53,,8,3,11
005 Hafling,54,,6,4,10
005 Hafling,55,,8,5,13
005 Hafling,56,,10,7,17
005 Hafling,57,,6,5,11
005 Hafling,58,,3,5,8
005 Hafling,59,,2,5,7
005 Hafling,60,,3,8,11
005 Hafling,61,,6,2,8
005 Hafling,62,,3,1,4
005 Hafling,63,,2,3,5
005 Hafling,64,,7,2,9
005 Hafling,65,,2,3,5
005 Hafling,66,,5,5,10
005 Hafling,67,,4,4,8
005 Hafling,68,,6,2,8
005 Hafling,69,,2,2,4
005 Hafling,70,,1,3,4
005 Hafling,71,,2,3,5
005 Hafling,72,,2,2,4
005 Hafling,73,,4,4,8
005 Hafling,74,,5,3,8
005 Hafling,75,,3,4,7
005 Hafling,76,,2,1,3
005 Hafling,77,,4,3,7
005 Hafling,78,,1,1,2
005 Hafling,79,,2,1,3
005 Hafling,80,,-,1,1
005 Hafling,81,,1,2,3
005 Hafling,82,,1,2,3
005 Hafling,83,,5,1,6
005 Hafling,84,,2,1,3
005 Hafling,85,,2,3,5
005 Hafling,86,,1,3,4
005 Hafling,87,,1,1,2
005 Hafling,88,,-,1,1
005 Hafling,89,,-,2,2
005 Hafling,90,,-,2,2
005 Hafling,92,,1,-,1
005 Hafling,94,,-,1,1
005 Hafling,95,,-,1,1
006 Abtei,0,,16,15,31
006 Abtei,1,,15,22,37
006 Abtei,2,,27,17,44
006 Abtei,3,,11,22,33
006 Abtei,4,,22,15,37
006 Abtei,5,,21,13,34
006 Abtei,6,,24,17,41
006 Abtei,7,,22,19,41
006 Abtei,8,,27,20,47
006 Abtei,9,,27,21,48
006 Abtei,10,,30,21,51
006 Abtei,11,,20,27,47
006 Abtei,12,,29,12,41
006 Abtei,13,,20,19,39
006 Abtei,14,,13,31,44
006 Abtei,15,,24,23,47
006 Abtei,16,,23,31,54
006 Abtei,17,,21,26,47
006 Abtei,18,,13,15,28
006 Abtei,19,,27,22,49
006 Abtei,20,,26,15,41
006 Abtei,21,,24,25,49
006 Abtei,22,,18,15,33
006 Abtei,23,,17,19,36
006 Abtei,24,,23,16,39
006 Abtei,25,,22,13,35
006 Abtei,26,,24,16,40
006 Abtei,27,,14,19,33
006 Abtei,28,,19,13,32
006 Abtei,29,,22,16,38
006 Abtei,30,,21,25,46
006 Abtei,31,,17,16,33
006 Abtei,32,,13,18,31
006 Abtei,33,,14,16,30
006 Abtei,34,,23,12,35
006 Abtei,35,,23,14,37
006 Abtei,36,,27,18,45
006 Abtei,37,,16,27,43
006 Abtei,38,,22,37,59
006 Abtei,39,,25,33,58
006 Abtei,40,,25,27,52
006 Abtei,41,,16,35,51
006 Abtei,42,,20,30,50
006 Abtei,43,,26,21,47
006 Abtei,44,,45,32,77
006 Abtei,45,,17,31,48
006 Abtei,46,,28,37,65
006 Abtei,47,,27,30,57
006 Abtei,48,,29,34,63
006 Abtei,49,,36,37,73
006 Abtei,50,,25,28,53
006 Abtei,51,,34,23,57
006 Abtei,52,,26,34,60
006 Abtei,53,,30,29,59
006 Abtei,54,,26,29,55
006 Abtei,55,,26,26,52
006 Abtei,56,,26,25,51
006 Abtei,57,,28,23,51
006 Abtei,58,,18,23,41
006 Abtei,59,,17,15,32
006 Abtei,60,,21,17,38
006 Abtei,61,,17,15,32
006 Abtei,62,,11,15,26
006 Abtei,63,,12,20,32
006 Abtei,64,,10,14,24
006 Abtei,65,,10,10,20
006 Abtei,66,,12,19,31
006 Abtei,67,,10,18,28
006 Abtei,68,,21,17,38
006 Abtei,69,,15,15,30
006 Abtei,70,,22,17,39
006 Abtei,71,,16,19,35
006 Abtei,72,,10,14,24
006 Abtei,73,,9,13,22
006 Abtei,74,,19,11,30
006 Abtei,75,,14,18,32
006 Abtei,76,,13,16,29
006 Abtei,77,,13,12,25
006 Abtei,78,,15,16,31
006 Abtei,79,,5,15,20
006 Abtei,80,,13,9,22
006 Abtei,81,,6,16,22
006 Abtei,82,,10,13,23
006 Abtei,83,,5,15,20
006 Abtei,84,,4,3,7
006 Abtei,85,,7,8,15
006 Abtei,86,,11,9,20
006 Abtei,87,,4,5,9
006 Abtei,88,,2,8,10
006 Abtei,89,,4,5,9
006 Abtei,90,,2,1,3
006 Abtei,91,,2,2,4
006 Abtei,92,,3,7,10
006 Abtei,93,,-,1,1
006 Abtei,94,,1,2,3
006 Abtei,96,,-,2,2
006 Abtei,98,,-,1,1
006 Abtei,100,,-,1,1
006 Abtei,102,,-,1,1
007 Barbian,0,,10,15,25
007 Barbian,1,,8,12,20
007 Barbian,2,,13,16,29
007 Barbian,3,,9,12,21
007 Barbian,4,,10,11,21
007 Barbian,5,,13,8,21
007 Barbian,6,,8,8,16
007 Barbian,7,,8,13,21
007 Barbian,8,,11,5,16
007 Barbian,9,,7,12,19
007 Barbian,10,,7,2,9
007 Barbian,11,,15,7,22
007 Barbian,12,,6,6,12
007 Barbian,13,,8,16,24
007 Barbian,14,,6,7,13
007 Barbian,15,,13,16,29
007 Barbian,16,,16,9,25
007 Barbian,17,,11,10,21
007 Barbian,18,,15,9,24
007 Barbian,19,,8,11,19
007 Barbian,20,,10,10,20
007 Barbian,21,,12,9,21
007 Barbian,22,,9,5,14
007 Barbian,23,,9,9,18
007 Barbian,24,,13,10,23
007 Barbian,25,,13,13,26
007 Barbian,26,,16,12,28
007 Barbian,27,,8,14,22
007 Barbian,28,,13,5,18
007 Barbian,29,,6,7,13
007 Barbian,30,,14,13,27
007 Barbian,31,,8,10,18
007 Barbian,32,,11,4,15
007 Barbian,33,,10,14,24
007 Barbian,34,,8,15,23
007 Barbian,35,,11,15,26
007 Barbian,36,,14,7,21
007 Barbian,37,,15,10,25
007 Barbian,38,,13,9,22
007 Barbian,39,,12,20,32
007 Barbian,40,,9,16,25
007 Barbian,41,,9,12,21
007 Barbian,42,,14,11,25
007 Barbian,43,,14,18,32
007 Barbian,44,,12,15,27
007 Barbian,45,,17,9,26
007 Barbian,46,,13,12,25
007 Barbian,47,,15,7,22
007 Barbian,48,,14,10,24
007 Barbian,49,,10,9,19
007 Barbian,50,,10,12,22
007 Barbian,51,,9,13,22
007 Barbian,52,,16,14,30
007 Barbian,53,,14,15,29
007 Barbian,54,,15,14,29
007 Barbian,55,,17,11,28
007 Barbian,56,,13,16,29
007 Barbian,57,,10,7,17
007 Barbian,58,,7,9,16
007 Barbian,59,,13,6,19
007 Barbian,60,,6,9,15
007 Barbian,61,,7,7,14
007 Barbian,62,,6,14,20
007 Barbian,63,,7,10,17
007 Barbian,64,,6,5,11
007 Barbian,65,,10,8,18
007 Barbian,66,,11,11,22
007 Barbian,67,,5,6,11
007 Barbian,68,,3,5,8
007 Barbian,69,,5,6,11
007 Barbian,70,,16,6,22
007 Barbian,71,,3,6,9
007 Barbian,72,,9,9,18
007 Barbian,73,,9,5,14
007 Barbian,74,,11,9,20
007 Barbian,75,,8,12,20
007 Barbian,76,,9,3,12
007 Barbian,77,,5,3,8
007 Barbian,78,,5,9,14
007 Barbian,79,,8,9,17
007 Barbian,80,,3,3,6
007 Barbian,81,,1,6,7
007 Barbian,82,,4,5,9
007 Barbian,83,,5,3,8
007 Barbian,84,,5,5,10
007 Barbian,85,,1,5,6
007 Barbian,86,,1,3,4
007 Barbian,87,,2,4,6
007 Barbian,88,,3,4,7
007 Barbian,89,,1,-,1
007 Barbian,90,,1,1,2
007 Barbian,91,,2,-,2
007 Barbian,92,,-,1,1
007 Barbian,94,,-,1,1
007 Barbian,95,,-,1,1
007 Barbian,98,,1,-,1
008 Bozen,0,,495,450,945
008 Bozen,1,,488,475,963
008 Bozen,2,,516,511,1.027
008 Bozen,3,,496,476,972
008 Bozen,4,,525,472,997
008 Bozen,5,,497,506,1.003
008 Bozen,6,,518,499,1.017
008 Bozen,7,,535,485,1.020
008 Bozen,8,,538,517,1.055
008 Bozen,9,,581,495,1.076
008 Bozen,10,,507,523,1.030
008 Bozen,11,,566,506,1.072
008 Bozen,12,,576,522,1.098
008 Bozen,13,,561,537,1.098
008 Bozen,14,,567,484,1.051
008 Bozen,15,,556,497,1.053
008 Bozen,16,,501,535,1.036
008 Bozen,17,,559,517,1.076
008 Bozen,18,,568,501,1.069
008 Bozen,19,,580,477,1.057
008 Bozen,20,,557,527,1.084
008 Bozen,21,,572,497,1.069
008 Bozen,22,,581,526,1.107
008 Bozen,23,,535,514,1.049
008 Bozen,24,,602,491,1.093
008 Bozen,25,,630,517,1.147
008 Bozen,26,,640,545,1.185
008 Bozen,27,,588,551,1.139
008 Bozen,28,,619,564,1.183
008 Bozen,29,,530,556,1.086
008 Bozen,30,,599,586,1.185
008 Bozen,31,,614,582,1.196
008 Bozen,32,,601,627,1.228
008 Bozen,33,,630,562,1.192
008 Bozen,34,,635,589,1.224
008 Bozen,35,,627,599,1.226
008 Bozen,36,,672,622,1.294
008 Bozen,37,,613,631,1.244
008 Bozen,38,,642,655,1.297
008 Bozen,39,,668,667,1.335
008 Bozen,40,,671,709,1.380
008 Bozen,41,,734,754,1.488
008 Bozen,42,,784,788,1.572
008 Bozen,43,,758,843,1.601
008 Bozen,44,,838,864,1.702
008 Bozen,45,,861,914,1.775
008 Bozen,46,,856,858,1.714
008 Bozen,47,,897,882,1.779
008 Bozen,48,,843,831,1.674
008 Bozen,49,,794,907,1.701
008 Bozen,50,,877,926,1.803
008 Bozen,51,,913,922,1.835
008 Bozen,52,,894,926,1.820
008 Bozen,53,,762,878,1.640
008 Bozen,54,,746,810,1.556
008 Bozen,55,,740,752,1.492
008 Bozen,56,,689,744,1.433
008 Bozen,57,,677,723,1.400
008 Bozen,58,,668,722,1.390
008 Bozen,59,,593,734,1.327
008 Bozen,60,,594,681,1.275
008 Bozen,61,,567,643,1.210
008 Bozen,62,,567,608,1.175
008 Bozen,63,,510,623,1.133
008 Bozen,64,,488,630,1.118
008 Bozen,65,,498,614,1.112
008 Bozen,66,,486,660,1.146
008 Bozen,67,,525,628,1.153
008 Bozen,68,,568,685,1.253
008 Bozen,69,,543,759,1.302
008 Bozen,70,,603,830,1.433
008 Bozen,71,,456,546,1.002
008 Bozen,72,,490,672,1.162
008 Bozen,73,,515,668,1.183
008 Bozen,74,,534,647,1.181
008 Bozen,75,,570,686,1.256
008 Bozen,76,,535,664,1.199
008 Bozen,77,,482,641,1.123
008 Bozen,78,,466,583,1.049
008 Bozen,79,,403,498,901
008 Bozen,80,,344,477,821
008 Bozen,81,,327,488,815
008 Bozen,82,,334,470,804
008 Bozen,83,,265,445,710
008 Bozen,84,,266,407,673
008 Bozen,85,,245,388,633
008 Bozen,86,,222,364,586
008 Bozen,87,,133,325,458
008 Bozen,88,,152,285,437
008 Bozen,89,,120,258,378
008 Bozen,90,,117,215,332
008 Bozen,91,,78,196,274
008 Bozen,92,,52,160,212
008 Bozen,93,,48,166,214
008 Bozen,94,,35,132,167
008 Bozen,95,,30,92,122
008 Bozen,96,,19,77,96
008 Bozen,97,,4,50,54
008 Bozen,98,,5,17,22
008 Bozen,99,,2,10,12
008 Bozen,100,,-,10,10
008 Bozen,101,,-,7,7
008 Bozen,102,,1,6,7
008 Bozen,103,,-,3,3
008 Bozen,104,,-,1,1
008 Bozen,105,,-,2,2
009 Prags,0,,2,7,9
009 Prags,1,,4,2,6
009 Prags,2,,3,3,6
009 Prags,3,,3,-,3
009 Prags,4,,2,1,3
009 Prags,5,,5,2,7
009 Prags,6,,2,4,6
009 Prags,7,,1,2,3
009 Prags,8,,4,6,10
009 Prags,9,,3,6,9
009 Prags,10,,4,2,6
009 Prags,11,,3,1,4
009 Prags,12,,2,3,5
009 Prags,13,,2,5,7
009 Prags,14,,3,6,9
009 Prags,15,,7,5,12
009 Prags,16,,2,3,5
009 Prags,17,,6,9,15
009 Prags,18,,2,4,6
009 Prags,19,,3,5,8
009 Prags,20,,3,7,10
009 Prags,21,,3,1,4
009 Prags,22,,4,5,9
009 Prags,23,,7,2,9
009 Prags,24,,7,3,10
009 Prags,25,,6,2,8
009 Prags,26,,3,2,5
009 Prags,27,,7,4,11
009 Prags,28,,2,4,6
009 Prags,29,,3,2,5
009 Prags,30,,5,4,9
009 Prags,31,,7,2,9
009 Prags,32,,3,3,6
009 Prags,33,,4,3,7
009 Prags,34,,3,4,7
009 Prags,35,,2,6,8
009 Prags,36,,5,1,6
009 Prags,37,,2,3,5
009 Prags,38,,5,6,11
009 Prags,39,,3,2,5
009 Prags,40,,5,3,8
009 Prags,41,,3,4,7
009 Prags,42,,2,5,7
009 Prags,43,,8,3,11
009 Prags,44,,3,3,6
009 Prags,45,,4,4,8
009 Prags,46,,6,6,12
009 Prags,47,,9,4,13
009 Prags,48,,8,9,17
009 Prags,49,,7,7,14
009 Prags,50,,8,5,13
009 Prags,51,,7,6,13
009 Prags,52,,5,3,8
009 Prags,53,,8,5,13
009 Prags,54,,3,5,8
009 Prags,55,,5,12,17
009 Prags,56,,5,3,8
009 Prags,57,,11,5,16
009 Prags,58,,4,2,6
009 Prags,59,,6,4,10
009 Prags,60,,1,6,7
009 Prags,61,,4,5,9
009 Prags,62,,6,4,10
009 Prags,63,,3,-,3
009 Prags,64,,2,5,7
009 Prags,65,,3,1,4
009 Prags,66,,4,1,5
009 Prags,67,,1,1,2
009 Prags,68,,3,1,4
009 Prags,69,,1,-,1
009 Prags,70,,2,4,6
009 Prags,71,,2,2,4
009 Prags,72,,4,4,8
009 Prags,73,,1,3,4
009 Prags,74,,4,4,8
009 Prags,75,,4,3,7
009 Prags,76,,1,3,4
009 Prags,77,,3,4,7
009 Prags,78,,1,2,3
009 Prags,79,,-,2,2
009 Prags,80,,1,3,4
009 Prags,81,,1,3,4
009 Prags,82,,1,2,3
009 Prags,83,,3,1,4
009 Prags,84,,1,3,4
009 Prags,85,,-,2,2
009 Prags,88,,-,1,1
009 Prags,89,,1,3,4
009 Prags,90,,1,4,5
009 Prags,91,,-,3,3
009 Prags,92,,2,-,2
009 Prags,93,,-,1,1
009 Prags,94,,1,1,2
009 Prags,95,,-,1,1
009 Prags,97,,-,1,1
010 Brenner,0,,14,12,26
010 Brenner,1,,13,10,23
010 Brenner,2,,11,12,23
010 Brenner,3,,14,11,25
010 Brenner,4,,8,6,14
010 Brenner,5,,10,20,30
010 Brenner,6,,10,18,28
010 Brenner,7,,12,7,19
010 Brenner,8,,9,17,26
010 Brenner,9,,13,11,24
010 Brenner,10,,6,12,18
010 Brenner,11,,13,10,23
010 Brenner,12,,11,16,27
010 Brenner,13,,11,9,20
010 Brenner,14,,16,13,29
010 Brenner,15,,8,6,14
010 Brenner,16,,16,13,29
010 Brenner,17,,10,15,25
010 Brenner,18,,15,6,21
010 Brenner,19,,18,8,26
010 Brenner,20,,7,13,20
010 Brenner,21,,5,12,17
010 Brenner,22,,23,14,37
010 Brenner,23,,16,7,23
010 Brenner,24,,16,10,26
010 Brenner,25,,11,21,32
010 Brenner,26,,17,14,31
010 Brenner,27,,18,8,26
010 Brenner,28,,17,11,28
010 Brenner,29,,17,15,32
010 Brenner,30,,11,14,25
010 Brenner,31,,20,12,32
010 Brenner,32,,16,14,30
010 Brenner,33,,13,12,25
010 Brenner,34,,16,12,28
010 Brenner,35,,13,17,30
010 Brenner,36,,13,13,26
010 Brenner,37,,15,14,29
010 Brenner,38,,16,9,25
010 Brenner,39,,22,12,34
010 Brenner,40,,12,9,21
010 Brenner,41,,19,20,39
010 Brenner,42,,14,8,22
010 Brenner,43,,16,9,25
010 Brenner,44,,17,25,42
010 Brenner,45,,21,14,35
010 Brenner,46,,19,13,32
010 Brenner,47,,14,17,31
010 Brenner,48,,11,18,29
010 Brenner,49,,18,15,33
010 Brenner,50,,19,17,36
010 Brenner,51,,21,16,37
010 Brenner,52,,21,14,35
010 Brenner,53,,12,19,31
010 Brenner,54,,15,14,29
010 Brenner,55,,17,13,30
010 Brenner,56,,19,17,36
010 Brenner,57,,12,15,27
010 Brenner,58,,15,10,25
010 Brenner,59,,14,18,32
010 Brenner,60,,18,14,32
010 Brenner,61,,12,9,21
010 Brenner,62,,9,13,22
010 Brenner,63,,9,13,22
010 Brenner,64,,18,7,25
010 Brenner,65,,12,12,24
010 Brenner,66,,10,12,22
010 Brenner,67,,13,12,25
010 Brenner,68,,7,8,15
010 Brenner,69,,18,10,28
010 Brenner,70,,8,17,25
010 Brenner,71,,5,7,12
010 Brenner,72,,15,11,26
010 Brenner,73,,13,12,25
010 Brenner,74,,7,10,17
010 Brenner,75,,9,11,20
010 Brenner,76,,9,11,20
010 Brenner,77,,6,9,15
010 Brenner,78,,8,13,21
010 Brenner,79,,6,12,18
010 Brenner,80,,8,6,14
010 Brenner,81,,2,5,7
010 Brenner,82,,6,4,10
010 Brenner,83,,2,4,6
010 Brenner,84,,-,3,3
010 Brenner,85,,5,7,12
010 Brenner,86,,5,7,12
010 Brenner,87,,4,5,9
010 Brenner,88,,4,4,8
010 Brenner,89,,4,2,6
010 Brenner,90,,2,1,3
010 Brenner,91,,1,1,2
010 Brenner,92,,1,2,3
010 Brenner,93,,1,3,4
010 Brenner,94,,-,1,1
010 Brenner,96,,-,2,2
011 Brixen,0,,114,104,218
011 Brixen,1,,113,133,246
011 Brixen,2,,117,115,232
011 Brixen,3,,101,124,225
011 Brixen,4,,119,109,228
011 Brixen,5,,109,100,209
011 Brixen,6,,131,118,249
011 Brixen,7,,138,129,267
011 Brixen,8,,114,114,228
011 Brixen,9,,136,109,245
011 Brixen,10,,136,104,240
011 Brixen,11,,132,123,255
011 Brixen,12,,130,124,254
011 Brixen,13,,113,117,230
011 Brixen,14,,130,122,252
011 Brixen,15,,127,120,247
011 Brixen,16,,130,114,244
011 Brixen,17,,144,128,272
011 Brixen,18,,119,138,257
011 Brixen,19,,126,111,237
011 Brixen,20,,128,122,250
011 Brixen,21,,122,131,253
011 Brixen,22,,141,136,277
011 Brixen,23,,125,120,245
011 Brixen,24,,134,128,262
011 Brixen,25,,132,112,244
011 Brixen,26,,104,112,216
011 Brixen,27,,130,108,238
011 Brixen,28,,134,121,255
011 Brixen,29,,110,124,234
011 Brixen,30,,112,140,252
011 Brixen,31,,134,105,239
011 Brixen,32,,121,123,244
011 Brixen,33,,133,154,287
011 Brixen,34,,125,123,248
011 Brixen,35,,135,132,267
011 Brixen,36,,118,140,258
011 Brixen,37,,156,129,285
011 Brixen,38,,113,141,254
011 Brixen,39,,146,147,293
011 Brixen,40,,150,166,316
011 Brixen,41,,142,145,287
011 Brixen,42,,145,175,320
011 Brixen,43,,163,166,329
011 Brixen,44,,164,180,344
011 Brixen,45,,164,174,338
011 Brixen,46,,171,167,338
011 Brixen,47,,199,203,402
011 Brixen,48,,183,205,388
011 Brixen,49,,184,167,351
011 Brixen,50,,174,199,373
011 Brixen,51,,186,172,358
011 Brixen,52,,178,192,370
011 Brixen,53,,153,180,333
011 Brixen,54,,166,169,335
011 Brixen,55,,135,173,308
011 Brixen,56,,136,150,286
011 Brixen,57,,141,148,289
011 Brixen,58,,141,126,267
011 Brixen,59,,131,141,272
011 Brixen,60,,116,143,259
011 Brixen,61,,123,99,222
011 Brixen,62,,81,117,198
011 Brixen,63,,80,110,190
011 Brixen,64,,103,107,210
011 Brixen,65,,94,107,201
011 Brixen,66,,119,106,225
011 Brixen,67,,78,133,211
011 Brixen,68,,99,121,220
011 Brixen,69,,82,113,195
011 Brixen,70,,96,100,196
011 Brixen,71,,59,95,154
011 Brixen,72,,110,115,225
011 Brixen,73,,117,106,223
011 Brixen,74,,84,99,183
011 Brixen,75,,95,113,208
011 Brixen,76,,71,107,178
011 Brixen,77,,80,92,172
011 Brixen,78,,67,83,150
011 Brixen,79,,65,88,153
011 Brixen,80,,47,82,129
011 Brixen,81,,59,76,135
011 Brixen,82,,49,78,127
011 Brixen,83,,46,62,108
011 Brixen,84,,46,64,110
011 Brixen,85,,45,59,104
011 Brixen,86,,31,62,93
011 Brixen,87,,23,50,73
011 Brixen,88,,27,46,73
011 Brixen,89,,12,51,63
011 Brixen,90,,16,34,50
011 Brixen,91,,15,37,52
011 Brixen,92,,8,30,38
011 Brixen,93,,8,20,28
011 Brixen,94,,3,21,24
011 Brixen,95,,4,15,19
011 Brixen,96,,2,11,13
011 Brixen,97,,1,5,6
011 Brixen,98,,1,3,4
011 Brixen,99,,-,3,3
011 Brixen,100,,1,2,3
011 Brixen,104,,-,1,1
012 Branzoll,0,,20,14,34
012 Branzoll,1,,23,17,40
012 Branzoll,2,,18,11,29
012 Branzoll,3,,13,17,30
012 Branzoll,4,,14,16,30
012 Branzoll,5,,16,10,26
012 Branzoll,6,,13,24,37
012 Branzoll,7,,14,18,32
012 Branzoll,8,,16,12,28
012 Branzoll,9,,10,17,27
012 Branzoll,10,,12,10,22
012 Branzoll,11,,12,10,22
012 Branzoll,12,,16,14,30
012 Branzoll,13,,15,22,37
012 Branzoll,14,,13,11,24
012 Branzoll,15,,9,12,21
012 Branzoll,16,,21,8,29
012 Branzoll,17,,12,12,24
012 Branzoll,18,,17,5,22
012 Branzoll,19,,17,23,40
012 Branzoll,20,,16,7,23
012 Branzoll,21,,14,17,31
012 Branzoll,22,,16,9,25
012 Branzoll,23,,23,17,40
012 Branzoll,24,,15,17,32
012 Branzoll,25,,17,20,37
012 Branzoll,26,,16,18,34
012 Branzoll,27,,13,16,29
012 Branzoll,28,,17,17,34
012 Branzoll,29,,19,16,35
012 Branzoll,30,,16,14,30
012 Branzoll,31,,25,19,44
012 Branzoll,32,,16,19,35
012 Branzoll,33,,16,21,37
012 Branzoll,34,,22,15,37
012 Branzoll,35,,17,15,32
012 Branzoll,36,,11,14,25
012 Branzoll,37,,15,12,27
012 Branzoll,38,,16,22,38
012 Branzoll,39,,10,20,30
012 Branzoll,40,,23,20,43
012 Branzoll,41,,21,16,37
012 Branzoll,42,,28,26,54
012 Branzoll,43,,24,15,39
012 Branzoll,44,,25,20,45
012 Branzoll,45,,23,27,50
012 Branzoll,46,,20,17,37
012 Branzoll,47,,28,30,58
012 Branzoll,48,,23,23,46
012 Branzoll,49,,22,21,43
012 Branzoll,50,,21,20,41
012 Branzoll,51,,25,23,48
012 Branzoll,52,,27,27,54
012 Branzoll,53,,18,22,40
012 Branzoll,54,,15,17,32
012 Branzoll,55,,24,29,53
012 Branzoll,56,,23,18,41
012 Branzoll,57,,17,21,38
012 Branzoll,58,,20,14,34
012 Branzoll,59,,18,13,31
012 Branzoll,60,,13,18,31
012 Branzoll,61,,17,18,35
012 Branzoll,62,,20,19,39
012 Branzoll,63,,12,20,32
012 Branzoll,64,,14,20,34
012 Branzoll,65,,12,15,27
012 Branzoll,66,,17,14,31
012 Branzoll,67,,14,16,30
012 Branzoll,68,,14,15,29
012 Branzoll,69,,16,17,33
012 Branzoll,70,,14,18,32
012 Branzoll,71,,9,7,16
012 Branzoll,72,,10,11,21
012 Branzoll,73,,13,11,24
012 Branzoll,74,,18,12,30
012 Branzoll,75,,17,12,29
012 Branzoll,76,,8,12,20
012 Branzoll,77,,13,13,26
012 Branzoll,78,,8,8,16
012 Branzoll,79,,3,8,11
012 Branzoll,80,,6,8,14
012 Branzoll,81,,8,8,16
012 Branzoll,82,,5,7,12
012 Branzoll,83,,14,11,25
012 Branzoll,84,,7,6,13
012 Branzoll,85,,-,8,8
012 Branzoll,86,,5,10,15
012 Branzoll,87,,3,9,12
012 Branzoll,88,,3,5,8
012 Branzoll,89,,2,2,4
012 Branzoll,90,,1,5,6
012 Branzoll,91,,1,2,3
012 Branzoll,92,,1,4,5
012 Branzoll,93,,1,4,5
012 Branzoll,94,,-,1,1
012 Branzoll,95,,-,1,1
012 Branzoll,96,,-,1,1
013 Bruneck,0,,68,92,160
013 Bruneck,1,,96,65,161
013 Bruneck,2,,88,98,186
013 Bruneck,3,,87,72,159
013 Bruneck,4,,92,75,167
013 Bruneck,5,,83,64,147
013 Bruneck,6,,84,77,161
013 Bruneck,7,,105,69,174
013 Bruneck,8,,81,63,144
013 Bruneck,9,,88,75,163
013 Bruneck,10,,96,76,172
013 Bruneck,11,,98,81,179
013 Bruneck,12,,88,100,188
013 Bruneck,13,,96,82,178
013 Bruneck,14,,80,92,172
013 Bruneck,15,,104,82,186
013 Bruneck,16,,90,93,183
013 Bruneck,17,,94,98,192
013 Bruneck,18,,108,95,203
013 Bruneck,19,,124,79,203
013 Bruneck,20,,94,108,202
013 Bruneck,21,,74,88,162
013 Bruneck,22,,101,88,189
013 Bruneck,23,,99,83,182
013 Bruneck,24,,114,83,197
013 Bruneck,25,,93,81,174
013 Bruneck,26,,102,79,181
013 Bruneck,27,,91,91,182
013 Bruneck,28,,80,83,163
013 Bruneck,29,,69,83,152
013 Bruneck,30,,124,85,209
013 Bruneck,31,,92,97,189
013 Bruneck,32,,96,93,189
013 Bruneck,33,,101,95,196
013 Bruneck,34,,106,107,213
013 Bruneck,35,,102,117,219
013 Bruneck,36,,110,113,223
013 Bruneck,37,,93,108,201
013 Bruneck,38,,124,123,247
013 Bruneck,39,,121,113,234
013 Bruneck,40,,101,135,236
013 Bruneck,41,,124,127,251
013 Bruneck,42,,138,113,251
013 Bruneck,43,,141,123,264
013 Bruneck,44,,120,137,257
013 Bruneck,45,,136,116,252
013 Bruneck,46,,111,147,258
013 Bruneck,47,,136,125,261
013 Bruneck,48,,121,145,266
013 Bruneck,49,,133,140,273
013 Bruneck,50,,132,132,264
013 Bruneck,51,,158,150,308
013 Bruneck,52,,137,139,276
013 Bruneck,53,,146,110,256
013 Bruneck,54,,129,122,251
013 Bruneck,55,,125,103,228
013 Bruneck,56,,107,124,231
013 Bruneck,57,,107,107,214
013 Bruneck,58,,102,117,219
013 Bruneck,59,,82,99,181
013 Bruneck,60,,88,90,178
013 Bruneck,61,,74,81,155
013 Bruneck,62,,85,84,169
013 Bruneck,63,,75,99,174
013 Bruneck,64,,88,102,190
013 Bruneck,65,,64,103,167
013 Bruneck,66,,77,97,174
013 Bruneck,67,,81,87,168
013 Bruneck,68,,74,106,180
013 Bruneck,69,,89,70,159
013 Bruneck,70,,91,81,172
013 Bruneck,71,,61,64,125
013 Bruneck,72,,79,92,171
013 Bruneck,73,,96,82,178
013 Bruneck,74,,73,86,159
013 Bruneck,75,,67,86,153
013 Bruneck,76,,60,81,141
013 Bruneck,77,,67,88,155
013 Bruneck,78,,50,52,102
013 Bruneck,79,,46,50,96
013 Bruneck,80,,38,49,87
013 Bruneck,81,,33,49,82
013 Bruneck,82,,23,47,70
013 Bruneck,83,,36,49,85
013 Bruneck,84,,30,46,76
013 Bruneck,85,,24,36,60
013 Bruneck,86,,22,41,63
013 Bruneck,87,,16,29,45
013 Bruneck,88,,13,44,57
013 Bruneck,89,,13,24,37
013 Bruneck,90,,12,19,31
013 Bruneck,91,,10,23,33
013 Bruneck,92,,2,21,23
013 Bruneck,93,,6,15,21
013 Bruneck,94,,7,12,19
013 Bruneck,95,,1,9,10
013 Bruneck,96,,1,9,10
013 Bruneck,97,,1,2,3
013 Bruneck,98,,-,1,1
013 Bruneck,99,,1,1,2
013 Bruneck,100,,-,1,1
013 Bruneck,104,,-,1,1
014 Kuens,0,,3,2,5
014 Kuens,1,,1,1,2
014 Kuens,2,,1,1,2
014 Kuens,3,,3,5,8
014 Kuens,4,,1,1,2
014 Kuens,5,,2,6,8
014 Kuens,6,,1,2,3
014 Kuens,7,,4,4,8
014 Kuens,8,,4,3,7
014 Kuens,9,,2,4,6
014 Kuens,10,,1,1,2
014 Kuens,11,,6,2,8
014 Kuens,12,,-,3,3
014 Kuens,13,,5,4,9
014 Kuens,14,,2,1,3
014 Kuens,15,,5,2,7
014 Kuens,16,,2,6,8
014 Kuens,17,,1,3,4
014 Kuens,18,,2,6,8
014 Kuens,19,,1,1,2
014 Kuens,20,,5,2,7
014 Kuens,21,,2,3,5
014 Kuens,22,,1,4,5
014 Kuens,23,,3,2,5
014 Kuens,24,,3,2,5
014 Kuens,25,,2,1,3
014 Kuens,26,,3,3,6
014 Kuens,27,,2,1,3
014 Kuens,28,,1,3,4
014 Kuens,29,,1,-,1
014 Kuens,30,,1,-,1
014 Kuens,31,,1,3,4
014 Kuens,32,,1,2,3
014 Kuens,33,,1,1,2
014 Kuens,34,,2,1,3
014 Kuens,35,,1,4,5
014 Kuens,36,,5,4,9
014 Kuens,37,,1,2,3
014 Kuens,38,,3,1,4
014 Kuens,39,,2,1,3
014 Kuens,40,,3,1,4
014 Kuens,41,,3,7,10
014 Kuens,42,,3,5,8
014 Kuens,43,,2,4,6
014 Kuens,44,,6,1,7
014 Kuens,45,,2,3,5
014 Kuens,46,,7,5,12
014 Kuens,47,,4,1,5
014 Kuens,48,,4,4,8
014 Kuens,49,,6,10,16
014 Kuens,50,,1,6,7
014 Kuens,51,,7,1,8
014 Kuens,52,,5,6,11
014 Kuens,53,,9,2,11
014 Kuens,54,,5,1,6
014 Kuens,55,,-,5,5
014 Kuens,57,,1,-,1
014 Kuens,58,,-,5,5
014 Kuens,59,,3,-,3
014 Kuens,60,,2,-,2
014 Kuens,61,,1,2,3
014 Kuens,62,,-,1,1
014 Kuens,63,,2,-,2
014 Kuens,64,,1,4,5
014 Kuens,66,,-,3,3
014 Kuens,67,,-,2,2
014 Kuens,68,,3,1,4
014 Kuens,69,,1,2,3
014 Kuens,70,,1,2,3
014 Kuens,71,,3,1,4
014 Kuens,73,,-,2,2
014 Kuens,74,,1,3,4
014 Kuens,75,,-,2,2
014 Kuens,76,,-,1,1
014 Kuens,77,,4,2,6
014 Kuens,78,,3,2,5
014 Kuens,79,,1,3,4
014 Kuens,80,,1,2,3
014 Kuens,81,,1,2,3
014 Kuens,82,,-,1,1
014 Kuens,83,,-,1,1
014 Kuens,84,,2,2,4
014 Kuens,85,,2,2,4
014 Kuens,86,,2,1,3
014 Kuens,88,,1,-,1
014 Kuens,89,,1,-,1
014 Kuens,90,,1,-,1
014 Kuens,94,,-,1,1
015 Kaltern a.d. Weinstr.,0,,36,50,86
015 Kaltern a.d. Weinstr.,1,,44,34,78
015 Kaltern a.d. Weinstr.,2,,51,52,103
015 Kaltern a.d. Weinstr.,3,,46,50,96
015 Kaltern a.d. Weinstr.,4,,55,34,89
015 Kaltern a.d. Weinstr.,5,,45,49,94
015 Kaltern a.d. Weinstr.,6,,49,35,84
015 Kaltern a.d. Weinstr.,7,,46,30,76
015 Kaltern a.d. Weinstr.,8,,42,42,84
015 Kaltern a.d. Weinstr.,9,,42,41,83
015 Kaltern a.d. Weinstr.,10,,44,42,86
015 Kaltern a.d. Weinstr.,11,,46,43,89
015 Kaltern a.d. Weinstr.,12,,43,48,91
015 Kaltern a.d. Weinstr.,13,,45,40,85
015 Kaltern a.d. Weinstr.,14,,40,35,75
015 Kaltern a.d. Weinstr.,15,,32,52,84
015 Kaltern a.d. Weinstr.,16,,34,37,71
015 Kaltern a.d. Weinstr.,17,,45,40,85
015 Kaltern a.d. Weinstr.,18,,42,45,87
015 Kaltern a.d. Weinstr.,19,,47,45,92
015 Kaltern a.d. Weinstr.,20,,43,45,88
015 Kaltern a.d. Weinstr.,21,,43,39,82
015 Kaltern a.d. Weinstr.,22,,29,41,70
015 Kaltern a.d. Weinstr.,23,,35,40,75
015 Kaltern a.d. Weinstr.,24,,42,44,86
015 Kaltern a.d. Weinstr.,25,,42,44,86
015 Kaltern a.d. Weinstr.,26,,45,46,91
015 Kaltern a.d. Weinstr.,27,,63,45,108
015 Kaltern a.d. Weinstr.,28,,50,43,93
015 Kaltern a.d. Weinstr.,29,,41,35,76
015 Kaltern a.d. Weinstr.,30,,57,45,102
015 Kaltern a.d. Weinstr.,31,,61,40,101
015 Kaltern a.d. Weinstr.,32,,44,55,99
015 Kaltern a.d. Weinstr.,33,,51,58,109
015 Kaltern a.d. Weinstr.,34,,58,58,116
015 Kaltern a.d. Weinstr.,35,,52,49,101
015 Kaltern a.d. Weinstr.,36,,49,68,117
015 Kaltern a.d. Weinstr.,37,,51,48,99
015 Kaltern a.d. Weinstr.,38,,59,47,106
015 Kaltern a.d. Weinstr.,39,,43,61,104
015 Kaltern a.d. Weinstr.,40,,54,53,107
015 Kaltern a.d. Weinstr.,41,,45,66,111
015 Kaltern a.d. Weinstr.,42,,56,52,108
015 Kaltern a.d. Weinstr.,43,,43,56,99
015 Kaltern a.d. Weinstr.,44,,64,70,134
015 Kaltern a.d. Weinstr.,45,,64,65,129
015 Kaltern a.d. Weinstr.,46,,63,64,127
015 Kaltern a.d. Weinstr.,47,,54,65,119
015 Kaltern a.d. Weinstr.,48,,80,73,153
015 Kaltern a.d. Weinstr.,49,,67,65,132
015 Kaltern a.d. Weinstr.,50,,62,68,130
015 Kaltern a.d. Weinstr.,51,,58,65,123
015 Kaltern a.d. Weinstr.,52,,85,51,136
015 Kaltern a.d. Weinstr.,53,,52,60,112
015 Kaltern a.d. Weinstr.,54,,57,58,115
015 Kaltern a.d. Weinstr.,55,,67,71,138
015 Kaltern a.d. Weinstr.,56,,51,66,117
015 Kaltern a.d. Weinstr.,57,,54,58,112
015 Kaltern a.d. Weinstr.,58,,54,65,119
015 Kaltern a.d. Weinstr.,59,,49,60,109
015 Kaltern a.d. Weinstr.,60,,61,42,103
015 Kaltern a.d. Weinstr.,61,,52,43,95
015 Kaltern a.d. Weinstr.,62,,38,47,85
015 Kaltern a.d. Weinstr.,63,,38,36,74
015 Kaltern a.d. Weinstr.,64,,40,55,95
015 Kaltern a.d. Weinstr.,65,,32,38,70
015 Kaltern a.d. Weinstr.,66,,43,35,78
015 Kaltern a.d. Weinstr.,67,,29,35,64
015 Kaltern a.d. Weinstr.,68,,33,32,65
015 Kaltern a.d. Weinstr.,69,,34,53,87
015 Kaltern a.d. Weinstr.,70,,46,42,88
015 Kaltern a.d. Weinstr.,71,,33,37,70
015 Kaltern a.d. Weinstr.,72,,31,43,74
015 Kaltern a.d. Weinstr.,73,,30,36,66
015 Kaltern a.d. Weinstr.,74,,35,40,75
015 Kaltern a.d. Weinstr.,75,,42,38,80
015 Kaltern a.d. Weinstr.,76,,24,39,63
015 Kaltern a.d. Weinstr.,77,,20,30,50
015 Kaltern a.d. Weinstr.,78,,30,37,67
015 Kaltern a.d. Weinstr.,79,,23,28,51
015 Kaltern a.d. Weinstr.,80,,21,21,42
015 Kaltern a.d. Weinstr.,81,,17,22,39
015 Kaltern a.d. Weinstr.,82,,16,23,39
015 Kaltern a.d. Weinstr.,83,,16,31,47
015 Kaltern a.d. Weinstr.,84,,17,26,43
015 Kaltern a.d. Weinstr.,85,,11,23,34
015 Kaltern a.d. Weinstr.,86,,16,25,41
015 Kaltern a.d. Weinstr.,87,,10,20,30
015 Kaltern a.d. Weinstr.,88,,7,16,23
015 Kaltern a.d. Weinstr.,89,,8,21,29
015 Kaltern a.d. Weinstr.,90,,4,13,17
015 Kaltern a.d. Weinstr.,91,,4,18,22
015 Kaltern a.d. Weinstr.,92,,2,6,8
015 Kaltern a.d. Weinstr.,93,,1,9,10
015 Kaltern a.d. Weinstr.,94,,1,12,13
015 Kaltern a.d. Weinstr.,95,,1,4,5
015 Kaltern a.d. Weinstr.,96,,-,7,7
015 Kaltern a.d. Weinstr.,97,,-,1,1
015 Kaltern a.d. Weinstr.,98,,-,2,2
015 Kaltern a.d. Weinstr.,101,,-,1,1
015 Kaltern a.d. Weinstr.,103,,-,1,1
016 Freienfeld,0,,9,16,25
016 Freienfeld,1,,15,12,27
016 Freienfeld,2,,13,10,23
016 Freienfeld,3,,10,12,22
016 Freienfeld,4,,10,14,24
016 Freienfeld,5,,21,16,37
016 Freienfeld,6,,15,14,29
016 Freienfeld,7,,18,17,35
016 Freienfeld,8,,13,12,25
016 Freienfeld,9,,22,12,34
016 Freienfeld,10,,14,14,28
016 Freienfeld,11,,19,17,36
016 Freienfeld,12,,15,10,25
016 Freienfeld,13,,20,17,37
016 Freienfeld,14,,18,19,37
016 Freienfeld,15,,17,19,36
016 Freienfeld,16,,17,13,30
016 Freienfeld,17,,17,21,38
016 Freienfeld,18,,13,25,38
016 Freienfeld,19,,19,18,37
016 Freienfeld,20,,21,14,35
016 Freienfeld,21,,15,17,32
016 Freienfeld,22,,13,9,22
016 Freienfeld,23,,15,11,26
016 Freienfeld,24,,18,16,34
016 Freienfeld,25,,12,10,22
016 Freienfeld,26,,24,16,40
016 Freienfeld,27,,29,21,50
016 Freienfeld,28,,20,14,34
016 Freienfeld,29,,18,15,33
016 Freienfeld,30,,14,19,33
016 Freienfeld,31,,16,19,35
016 Freienfeld,32,,21,14,35
016 Freienfeld,33,,26,15,41
016 Freienfeld,34,,14,17,31
016 Freienfeld,35,,21,15,36
016 Freienfeld,36,,17,13,30
016 Freienfeld,37,,12,21,33
016 Freienfeld,38,,15,12,27
016 Freienfeld,39,,20,24,44
016 Freienfeld,40,,15,14,29
016 Freienfeld,41,,14,15,29
016 Freienfeld,42,,20,24,44
016 Freienfeld,43,,19,18,37
016 Freienfeld,44,,16,23,39
016 Freienfeld,45,,25,22,47
016 Freienfeld,46,,25,16,41
016 Freienfeld,47,,23,21,44
016 Freienfeld,48,,20,19,39
016 Freienfeld,49,,22,27,49
016 Freienfeld,50,,21,21,42
016 Freienfeld,51,,27,20,47
016 Freienfeld,52,,26,17,43
016 Freienfeld,53,,21,18,39
016 Freienfeld,54,,25,29,54
016 Freienfeld,55,,26,16,42
016 Freienfeld,56,,19,22,41
016 Freienfeld,57,,24,15,39
016 Freienfeld,58,,17,18,35
016 Freienfeld,59,,13,19,32
016 Freienfeld,60,,17,18,35
016 Freienfeld,61,,20,10,30
016 Freienfeld,62,,16,18,34
016 Freienfeld,63,,17,11,28
016 Freienfeld,64,,14,18,32
016 Freienfeld,65,,12,9,21
016 Freienfeld,66,,18,10,28
016 Freienfeld,67,,16,11,27
016 Freienfeld,68,,15,11,26
016 Freienfeld,69,,4,9,13
016 Freienfeld,70,,11,15,26
016 Freienfeld,71,,8,2,10
016 Freienfeld,72,,8,5,13
016 Freienfeld,73,,10,8,18
016 Freienfeld,74,,9,8,17
016 Freienfeld,75,,10,9,19
016 Freienfeld,76,,9,5,14
016 Freienfeld,77,,6,9,15
016 Freienfeld,78,,10,12,22
016 Freienfeld,79,,3,11,14
016 Freienfeld,80,,8,11,19
016 Freienfeld,81,,5,10,15
016 Freienfeld,82,,3,4,7
016 Freienfeld,83,,6,9,15
016 Freienfeld,84,,5,6,11
016 Freienfeld,85,,4,5,9
016 Freienfeld,86,,5,5,10
016 Freienfeld,87,,1,3,4
016 Freienfeld,88,,2,3,5
016 Freienfeld,89,,2,4,6
016 Freienfeld,90,,4,-,4
016 Freienfeld,91,,-,1,1
016 Freienfeld,92,,-,2,2
016 Freienfeld,93,,-,6,6
016 Freienfeld,94,,-,2,2
016 Freienfeld,96,,-,2,2
016 Freienfeld,102,,-,1,1
017 Sand in Taufers,0,,20,37,57
017 Sand in Taufers,1,,22,29,51
017 Sand in Taufers,2,,34,28,62
017 Sand in Taufers,3,,26,19,45
017 Sand in Taufers,4,,21,34,55
017 Sand in Taufers,5,,21,26,47
017 Sand in Taufers,6,,24,22,46
017 Sand in Taufers,7,,33,40,73
017 Sand in Taufers,8,,28,30,58
017 Sand in Taufers,9,,46,38,84
017 Sand in Taufers,10,,35,19,54
017 Sand in Taufers,11,,36,31,67
017 Sand in Taufers,12,,36,22,58
017 Sand in Taufers,13,,37,30,67
017 Sand in Taufers,14,,27,28,55
017 Sand in Taufers,15,,29,37,66
017 Sand in Taufers,16,,43,24,67
017 Sand in Taufers,17,,37,38,75
017 Sand in Taufers,18,,29,33,62
017 Sand in Taufers,19,,35,35,70
017 Sand in Taufers,20,,30,30,60
017 Sand in Taufers,21,,32,25,57
017 Sand in Taufers,22,,47,34,81
017 Sand in Taufers,23,,23,37,60
017 Sand in Taufers,24,,34,38,72
017 Sand in Taufers,25,,30,30,60
017 Sand in Taufers,26,,26,33,59
017 Sand in Taufers,27,,27,34,61
017 Sand in Taufers,28,,31,33,64
017 Sand in Taufers,29,,23,27,50
017 Sand in Taufers,30,,22,26,48
017 Sand in Taufers,31,,30,29,59
017 Sand in Taufers,32,,33,28,61
017 Sand in Taufers,33,,30,33,63
017 Sand in Taufers,34,,22,38,60
017 Sand in Taufers,35,,30,35,65
017 Sand in Taufers,36,,37,39,76
017 Sand in Taufers,37,,34,42,76
017 Sand in Taufers,38,,41,35,76
017 Sand in Taufers,39,,37,39,76
017 Sand in Taufers,40,,38,35,73
017 Sand in Taufers,41,,46,37,83
017 Sand in Taufers,42,,57,46,103
017 Sand in Taufers,43,,54,44,98
017 Sand in Taufers,44,,44,50,94
017 Sand in Taufers,45,,48,49,97
017 Sand in Taufers,46,,45,61,106
017 Sand in Taufers,47,,58,44,102
017 Sand in Taufers,48,,51,39,90
017 Sand in Taufers,49,,36,42,78
017 Sand in Taufers,50,,48,38,86
017 Sand in Taufers,51,,56,38,94
017 Sand in Taufers,52,,53,45,98
017 Sand in Taufers,53,,44,41,85
017 Sand in Taufers,54,,39,44,83
017 Sand in Taufers,55,,46,42,88
017 Sand in Taufers,56,,40,31,71
017 Sand in Taufers,57,,36,33,69
017 Sand in Taufers,58,,30,23,53
017 Sand in Taufers,59,,25,37,62
017 Sand in Taufers,60,,23,33,56
017 Sand in Taufers,61,,19,23,42
017 Sand in Taufers,62,,26,28,54
017 Sand in Taufers,63,,28,23,51
017 Sand in Taufers,64,,16,27,43
017 Sand in Taufers,65,,24,21,45
017 Sand in Taufers,66,,30,32,62
017 Sand in Taufers,67,,28,23,51
017 Sand in Taufers,68,,23,24,47
017 Sand in Taufers,69,,23,30,53
017 Sand in Taufers,70,,25,24,49
017 Sand in Taufers,71,,22,7,29
017 Sand in Taufers,72,,14,29,43
017 Sand in Taufers,73,,25,27,52
017 Sand in Taufers,74,,27,30,57
017 Sand in Taufers,75,,24,30,54
017 Sand in Taufers,76,,22,17,39
017 Sand in Taufers,77,,19,30,49
017 Sand in Taufers,78,,16,21,37
017 Sand in Taufers,79,,20,12,32
017 Sand in Taufers,80,,12,24,36
017 Sand in Taufers,81,,16,15,31
017 Sand in Taufers,82,,11,10,21
017 Sand in Taufers,83,,11,15,26
017 Sand in Taufers,84,,7,14,21
017 Sand in Taufers,85,,5,10,15
017 Sand in Taufers,86,,8,17,25
017 Sand in Taufers,87,,6,8,14
017 Sand in Taufers,88,,2,7,9
017 Sand in Taufers,89,,2,4,6
017 Sand in Taufers,90,,3,8,11
017 Sand in Taufers,91,,2,4,6
017 Sand in Taufers,92,,1,7,8
017 Sand in Taufers,93,,-,3,3
017 Sand in Taufers,94,,-,4,4
017 Sand in Taufers,95,,-,2,2
017 Sand in Taufers,96,,-,1,1
017 Sand in Taufers,98,,-,1,1
018 Kastelbell-Tschars,0,,9,15,24
018 Kastelbell-Tschars,1,,9,9,18
018 Kastelbell-Tschars,2,,8,12,20
018 Kastelbell-Tschars,3,,15,15,30
018 Kastelbell-Tschars,4,,16,7,23
018 Kastelbell-Tschars,5,,14,10,24
018 Kastelbell-Tschars,6,,11,20,31
018 Kastelbell-Tschars,7,,9,9,18
018 Kastelbell-Tschars,8,,9,6,15
018 Kastelbell-Tschars,9,,11,10,21
018 Kastelbell-Tschars,10,,19,6,25
018 Kastelbell-Tschars,11,,9,7,16
018 Kastelbell-Tschars,12,,12,11,23
018 Kastelbell-Tschars,13,,11,9,20
018 Kastelbell-Tschars,14,,7,9,16
018 Kastelbell-Tschars,15,,14,15,29
018 Kastelbell-Tschars,16,,13,12,25
018 Kastelbell-Tschars,17,,25,11,36
018 Kastelbell-Tschars,18,,17,7,24
018 Kastelbell-Tschars,19,,12,11,23
018 Kastelbell-Tschars,20,,15,17,32
018 Kastelbell-Tschars,21,,16,13,29
018 Kastelbell-Tschars,22,,13,11,24
018 Kastelbell-Tschars,23,,14,16,30
018 Kastelbell-Tschars,24,,12,6,18
018 Kastelbell-Tschars,25,,16,10,26
018 Kastelbell-Tschars,26,,15,15,30
018 Kastelbell-Tschars,27,,13,9,22
018 Kastelbell-Tschars,28,,15,7,22
018 Kastelbell-Tschars,29,,14,12,26
018 Kastelbell-Tschars,30,,15,14,29
018 Kastelbell-Tschars,31,,22,19,41
018 Kastelbell-Tschars,32,,9,16,25
018 Kastelbell-Tschars,33,,10,14,24
018 Kastelbell-Tschars,34,,24,8,32
018 Kastelbell-Tschars,35,,12,12,24
018 Kastelbell-Tschars,36,,10,13,23
018 Kastelbell-Tschars,37,,12,13,25
018 Kastelbell-Tschars,38,,14,13,27
018 Kastelbell-Tschars,39,,14,14,28
018 Kastelbell-Tschars,40,,19,18,37
018 Kastelbell-Tschars,41,,18,13,31
018 Kastelbell-Tschars,42,,21,9,30
018 Kastelbell-Tschars,43,,14,24,38
018 Kastelbell-Tschars,44,,12,20,32
018 Kastelbell-Tschars,45,,16,16,32
018 Kastelbell-Tschars,46,,15,14,29
018 Kastelbell-Tschars,47,,25,23,48
018 Kastelbell-Tschars,48,,16,18,34
018 Kastelbell-Tschars,49,,15,22,37
018 Kastelbell-Tschars,50,,20,13,33
018 Kastelbell-Tschars,51,,19,11,30
018 Kastelbell-Tschars,52,,21,16,37
018 Kastelbell-Tschars,53,,23,21,44
018 Kastelbell-Tschars,54,,6,20,26
018 Kastelbell-Tschars,55,,19,18,37
018 Kastelbell-Tschars,56,,23,19,42
018 Kastelbell-Tschars,57,,23,20,43
018 Kastelbell-Tschars,58,,18,15,33
018 Kastelbell-Tschars,59,,12,9,21
018 Kastelbell-Tschars,60,,13,14,27
018 Kastelbell-Tschars,61,,20,16,36
018 Kastelbell-Tschars,62,,9,9,18
018 Kastelbell-Tschars,63,,9,16,25
018 Kastelbell-Tschars,64,,12,14,26
018 Kastelbell-Tschars,65,,16,13,29
018 Kastelbell-Tschars,66,,10,13,23
018 Kastelbell-Tschars,67,,13,10,23
018 Kastelbell-Tschars,68,,11,14,25
018 Kastelbell-Tschars,69,,9,8,17
018 Kastelbell-Tschars,70,,10,13,23
018 Kastelbell-Tschars,71,,11,4,15
018 Kastelbell-Tschars,72,,12,6,18
018 Kastelbell-Tschars,73,,7,7,14
018 Kastelbell-Tschars,74,,9,10,19
018 Kastelbell-Tschars,75,,7,7,14
018 Kastelbell-Tschars,76,,8,7,15
018 Kastelbell-Tschars,77,,10,11,21
018 Kastelbell-Tschars,78,,6,13,19
018 Kastelbell-Tschars,79,,11,8,19
018 Kastelbell-Tschars,80,,8,14,22
018 Kastelbell-Tschars,81,,8,7,15
018 Kastelbell-Tschars,82,,4,11,15
018 Kastelbell-Tschars,83,,12,10,22
018 Kastelbell-Tschars,84,,5,10,15
018 Kastelbell-Tschars,85,,6,8,14
018 Kastelbell-Tschars,86,,12,11,23
018 Kastelbell-Tschars,87,,7,6,13
018 Kastelbell-Tschars,88,,3,5,8
018 Kastelbell-Tschars,89,,3,3,6
018 Kastelbell-Tschars,90,,2,8,10
018 Kastelbell-Tschars,91,,7,4,11
018 Kastelbell-Tschars,92,,1,2,3
018 Kastelbell-Tschars,93,,-,1,1
018 Kastelbell-Tschars,94,,-,2,2
018 Kastelbell-Tschars,95,,1,-,1
018 Kastelbell-Tschars,96,,1,-,1
019 Kastelruth,0,,42,37,79
019 Kastelruth,1,,35,35,70
019 Kastelruth,2,,43,35,78
019 Kastelruth,3,,39,36,75
019 Kastelruth,4,,40,40,80
019 Kastelruth,5,,42,39,81
019 Kastelruth,6,,39,34,73
019 Kastelruth,7,,29,37,66
019 Kastelruth,8,,50,35,85
019 Kastelruth,9,,43,37,80
019 Kastelruth,10,,44,36,80
019 Kastelruth,11,,48,32,80
019 Kastelruth,12,,48,40,88
019 Kastelruth,13,,49,43,92
019 Kastelruth,14,,39,34,73
019 Kastelruth,15,,44,37,81
019 Kastelruth,16,,38,28,66
019 Kastelruth,17,,34,47,81
019 Kastelruth,18,,48,44,92
019 Kastelruth,19,,44,46,90
019 Kastelruth,20,,44,37,81
019 Kastelruth,21,,59,38,97
019 Kastelruth,22,,41,34,75
019 Kastelruth,23,,38,34,72
019 Kastelruth,24,,43,49,92
019 Kastelruth,25,,45,43,88
019 Kastelruth,26,,49,37,86
019 Kastelruth,27,,53,46,99
019 Kastelruth,28,,25,30,55
019 Kastelruth,29,,35,44,79
019 Kastelruth,30,,34,33,67
019 Kastelruth,31,,34,44,78
019 Kastelruth,32,,30,37,67
019 Kastelruth,33,,46,32,78
019 Kastelruth,34,,48,45,93
019 Kastelruth,35,,38,49,87
019 Kastelruth,36,,59,49,108
019 Kastelruth,37,,45,38,83
019 Kastelruth,38,,42,42,84
019 Kastelruth,39,,40,48,88
019 Kastelruth,40,,45,65,110
019 Kastelruth,41,,56,44,100
019 Kastelruth,42,,63,48,111
019 Kastelruth,43,,42,71,113
019 Kastelruth,44,,67,41,108
019 Kastelruth,45,,55,45,100
019 Kastelruth,46,,52,48,100
019 Kastelruth,47,,57,45,102
019 Kastelruth,48,,62,60,122
019 Kastelruth,49,,68,57,125
019 Kastelruth,50,,71,47,118
019 Kastelruth,51,,45,78,123
019 Kastelruth,52,,57,35,92
019 Kastelruth,53,,51,35,86
019 Kastelruth,54,,33,53,86
019 Kastelruth,55,,52,42,94
019 Kastelruth,56,,47,39,86
019 Kastelruth,57,,44,47,91
019 Kastelruth,58,,46,45,91
019 Kastelruth,59,,38,38,76
019 Kastelruth,60,,37,32,69
019 Kastelruth,61,,39,39,78
019 Kastelruth,62,,35,33,68
019 Kastelruth,63,,29,28,57
019 Kastelruth,64,,34,25,59
019 Kastelruth,65,,28,21,49
019 Kastelruth,66,,42,26,68
019 Kastelruth,67,,17,33,50
019 Kastelruth,68,,27,41,68
019 Kastelruth,69,,28,30,58
019 Kastelruth,70,,23,37,60
019 Kastelruth,71,,22,21,43
019 Kastelruth,72,,24,42,66
019 Kastelruth,73,,36,37,73
019 Kastelruth,74,,29,24,53
019 Kastelruth,75,,24,44,68
019 Kastelruth,76,,24,35,59
019 Kastelruth,77,,25,26,51
019 Kastelruth,78,,21,24,45
019 Kastelruth,79,,23,21,44
019 Kastelruth,80,,23,16,39
019 Kastelruth,81,,23,24,47
019 Kastelruth,82,,14,18,32
019 Kastelruth,83,,24,27,51
019 Kastelruth,84,,13,32,45
019 Kastelruth,85,,24,16,40
019 Kastelruth,86,,7,21,28
019 Kastelruth,87,,12,14,26
019 Kastelruth,88,,4,6,10
019 Kastelruth,89,,9,19,28
019 Kastelruth,90,,6,9,15
019 Kastelruth,91,,7,9,16
019 Kastelruth,92,,5,7,12
019 Kastelruth,93,,3,9,12
019 Kastelruth,94,,2,5,7
019 Kastelruth,95,,1,5,6
019 Kastelruth,97,,-,2,2
020 Tscherms,0,,20,11,31
020 Tscherms,1,,11,7,18
020 Tscherms,2,,7,13,20
020 Tscherms,3,,7,7,14
020 Tscherms,4,,11,9,20
020 Tscherms,5,,19,6,25
020 Tscherms,6,,9,6,15
020 Tscherms,7,,8,8,16
020 Tscherms,8,,9,11,20
020 Tscherms,9,,8,11,19
020 Tscherms,10,,9,6,15
020 Tscherms,11,,1,9,10
020 Tscherms,12,,9,7,16
020 Tscherms,13,,9,10,19
020 Tscherms,14,,8,6,14
020 Tscherms,15,,3,9,12
020 Tscherms,16,,10,6,16
020 Tscherms,17,,8,8,16
020 Tscherms,18,,4,8,12
020 Tscherms,19,,12,9,21
020 Tscherms,20,,7,6,13
020 Tscherms,21,,12,9,21
020 Tscherms,22,,9,16,25
020 Tscherms,23,,7,9,16
020 Tscherms,24,,8,5,13
020 Tscherms,25,,8,10,18
020 Tscherms,26,,10,7,17
020 Tscherms,27,,6,5,11
020 Tscherms,28,,6,11,17
020 Tscherms,29,,12,8,20
020 Tscherms,30,,8,5,13
020 Tscherms,31,,12,13,25
020 Tscherms,32,,11,7,18
020 Tscherms,33,,12,13,25
020 Tscherms,34,,7,10,17
020 Tscherms,35,,12,11,23
020 Tscherms,36,,12,18,30
020 Tscherms,37,,9,12,21
020 Tscherms,38,,5,11,16
020 Tscherms,39,,9,8,17
020 Tscherms,40,,8,11,19
020 Tscherms,41,,14,7,21
020 Tscherms,42,,14,9,23
020 Tscherms,43,,12,14,26
020 Tscherms,44,,10,14,24
020 Tscherms,45,,9,16,25
020 Tscherms,46,,14,5,19
020 Tscherms,47,,8,16,24
020 Tscherms,48,,12,8,20
020 Tscherms,49,,14,10,24
020 Tscherms,50,,15,8,23
020 Tscherms,51,,18,19,37
020 Tscherms,52,,15,18,33
020 Tscherms,53,,17,12,29
020 Tscherms,54,,20,14,34
020 Tscherms,55,,14,12,26
020 Tscherms,56,,11,13,24
020 Tscherms,57,,8,18,26
020 Tscherms,58,,9,8,17
020 Tscherms,59,,8,11,19
020 Tscherms,60,,8,6,14
020 Tscherms,61,,9,7,16
020 Tscherms,62,,6,9,15
020 Tscherms,63,,10,8,18
020 Tscherms,64,,11,6,17
020 Tscherms,65,,5,9,14
020 Tscherms,66,,10,6,16
020 Tscherms,67,,4,2,6
020 Tscherms,68,,6,6,12
020 Tscherms,69,,7,8,15
020 Tscherms,70,,4,8,12
020 Tscherms,71,,3,6,9
020 Tscherms,72,,5,7,12
020 Tscherms,73,,5,4,9
020 Tscherms,74,,7,3,10
020 Tscherms,75,,11,9,20
020 Tscherms,76,,4,4,8
020 Tscherms,77,,4,6,10
020 Tscherms,78,,6,2,8
020 Tscherms,79,,5,7,12
020 Tscherms,80,,6,7,13
020 Tscherms,81,,3,3,6
020 Tscherms,82,,1,8,9
020 Tscherms,83,,4,3,7
020 Tscherms,84,,4,5,9
020 Tscherms,85,,2,2,4
020 Tscherms,86,,3,4,7
020 Tscherms,87,,-,2,2
020 Tscherms,88,,4,3,7
020 Tscherms,89,,3,1,4
020 Tscherms,90,,1,1,2
020 Tscherms,91,,3,5,8
020 Tscherms,92,,3,3,6
020 Tscherms,93,,-,2,2
020 Tscherms,94,,-,1,1
020 Tscherms,98,,-,1,1
021 Kiens,0,,16,14,30
021 Kiens,1,,13,17,30
021 Kiens,2,,15,17,32
021 Kiens,3,,23,5,28
021 Kiens,4,,14,22,36
021 Kiens,5,,11,9,20
021 Kiens,6,,18,14,32
021 Kiens,7,,8,20,28
021 Kiens,8,,12,9,21
021 Kiens,9,,13,13,26
021 Kiens,10,,15,7,22
021 Kiens,11,,17,21,38
021 Kiens,12,,19,11,30
021 Kiens,13,,15,20,35
021 Kiens,14,,10,14,24
021 Kiens,15,,21,21,42
021 Kiens,16,,9,23,32
021 Kiens,17,,18,18,36
021 Kiens,18,,20,10,30
021 Kiens,19,,18,17,35
021 Kiens,20,,14,16,30
021 Kiens,21,,15,22,37
021 Kiens,22,,20,16,36
021 Kiens,23,,18,19,37
021 Kiens,24,,28,18,46
021 Kiens,25,,12,22,34
021 Kiens,26,,16,20,36
021 Kiens,27,,14,20,34
021 Kiens,28,,14,14,28
021 Kiens,29,,14,17,31
021 Kiens,30,,17,12,29
021 Kiens,31,,20,11,31
021 Kiens,32,,17,16,33
021 Kiens,33,,18,15,33
021 Kiens,34,,24,21,45
021 Kiens,35,,17,16,33
021 Kiens,36,,18,15,33
021 Kiens,37,,11,12,23
021 Kiens,38,,26,17,43
021 Kiens,39,,21,14,35
021 Kiens,40,,19,27,46
021 Kiens,41,,17,20,37
021 Kiens,42,,14,21,35
021 Kiens,43,,31,23,54
021 Kiens,44,,24,17,41
021 Kiens,45,,29,20,49
021 Kiens,46,,23,29,52
021 Kiens,47,,32,28,60
021 Kiens,48,,37,23,60
021 Kiens,49,,24,24,48
021 Kiens,50,,27,24,51
021 Kiens,51,,20,24,44
021 Kiens,52,,31,24,55
021 Kiens,53,,17,23,40
021 Kiens,54,,31,20,51
021 Kiens,55,,18,24,42
021 Kiens,56,,20,18,38
021 Kiens,57,,24,16,40
021 Kiens,58,,16,13,29
021 Kiens,59,,12,14,26
021 Kiens,60,,16,15,31
021 Kiens,61,,14,8,22
021 Kiens,62,,11,15,26
021 Kiens,63,,16,22,38
021 Kiens,64,,12,10,22
021 Kiens,65,,15,12,27
021 Kiens,66,,14,9,23
021 Kiens,67,,10,13,23
021 Kiens,68,,15,16,31
021 Kiens,69,,12,15,27
021 Kiens,70,,20,14,34
021 Kiens,71,,8,11,19
021 Kiens,72,,7,12,19
021 Kiens,73,,15,9,24
021 Kiens,74,,15,10,25
021 Kiens,75,,13,10,23
021 Kiens,76,,10,16,26
021 Kiens,77,,11,7,18
021 Kiens,78,,8,10,18
021 Kiens,79,,9,8,17
021 Kiens,80,,8,7,15
021 Kiens,81,,1,13,14
021 Kiens,82,,5,6,11
021 Kiens,83,,8,7,15
021 Kiens,84,,8,6,14
021 Kiens,85,,10,5,15
021 Kiens,86,,1,8,9
021 Kiens,87,,2,5,7
021 Kiens,88,,1,3,4
021 Kiens,89,,2,4,6
021 Kiens,90,,-,1,1
021 Kiens,91,,1,2,3
021 Kiens,92,,-,3,3
021 Kiens,93,,-,2,2
021 Kiens,94,,1,1,2
022 Klausen,0,,33,24,57
022 Klausen,1,,30,34,64
022 Klausen,2,,24,32,56
022 Klausen,3,,30,22,52
022 Klausen,4,,38,26,64
022 Klausen,5,,32,33,65
022 Klausen,6,,20,35,55
022 Klausen,7,,27,22,49
022 Klausen,8,,23,24,47
022 Klausen,9,,24,28,52
022 Klausen,10,,42,39,81
022 Klausen,11,,37,32,69
022 Klausen,12,,36,36,72
022 Klausen,13,,30,29,59
022 Klausen,14,,40,33,73
022 Klausen,15,,30,26,56
022 Klausen,16,,28,35,63
022 Klausen,17,,26,31,57
022 Klausen,18,,22,30,52
022 Klausen,19,,39,34,73
022 Klausen,20,,32,26,58
022 Klausen,21,,31,28,59
022 Klausen,22,,18,36,54
022 Klausen,23,,34,25,59
022 Klausen,24,,38,24,62
022 Klausen,25,,36,37,73
022 Klausen,26,,47,29,76
022 Klausen,27,,33,30,63
022 Klausen,28,,25,35,60
022 Klausen,29,,26,30,56
022 Klausen,30,,34,21,55
022 Klausen,31,,32,34,66
022 Klausen,32,,27,23,50
022 Klausen,33,,31,33,64
022 Klausen,34,,34,43,77
022 Klausen,35,,36,33,69
022 Klausen,36,,31,39,70
022 Klausen,37,,31,29,60
022 Klausen,38,,40,33,73
022 Klausen,39,,32,30,62
022 Klausen,40,,37,27,64
022 Klausen,41,,38,40,78
022 Klausen,42,,34,33,67
022 Klausen,43,,42,30,72
022 Klausen,44,,38,38,76
022 Klausen,45,,36,41,77
022 Klausen,46,,46,43,89
022 Klausen,47,,45,45,90
022 Klausen,48,,45,45,90
022 Klausen,49,,51,42,93
022 Klausen,50,,61,43,104
022 Klausen,51,,42,48,90
022 Klausen,52,,43,46,89
022 Klausen,53,,40,38,78
022 Klausen,54,,33,42,75
022 Klausen,55,,51,43,94
022 Klausen,56,,37,26,63
022 Klausen,57,,32,38,70
022 Klausen,58,,30,29,59
022 Klausen,59,,30,29,59
022 Klausen,60,,29,26,55
022 Klausen,61,,26,31,57
022 Klausen,62,,28,38,66
022 Klausen,63,,20,29,49
022 Klausen,64,,29,15,44
022 Klausen,65,,33,25,58
022 Klausen,66,,26,21,47
022 Klausen,67,,29,29,58
022 Klausen,68,,27,26,53
022 Klausen,69,,23,20,43
022 Klausen,70,,25,22,47
022 Klausen,71,,11,17,28
022 Klausen,72,,19,17,36
022 Klausen,73,,13,28,41
022 Klausen,74,,19,24,43
022 Klausen,75,,23,20,43
022 Klausen,76,,17,21,38
022 Klausen,77,,20,19,39
022 Klausen,78,,10,20,30
022 Klausen,79,,13,16,29
022 Klausen,80,,16,19,35
022 Klausen,81,,9,15,24
022 Klausen,82,,11,10,21
022 Klausen,83,,15,14,29
022 Klausen,84,,9,13,22
022 Klausen,85,,8,9,17
022 Klausen,86,,8,14,22
022 Klausen,87,,9,8,17
022 Klausen,88,,1,12,13
022 Klausen,89,,2,10,12
022 Klausen,90,,1,4,5
022 Klausen,91,,3,5,8
022 Klausen,92,,1,4,5
022 Klausen,93,,1,4,5
022 Klausen,94,,1,3,4
022 Klausen,95,,-,3,3
022 Klausen,96,,-,2,2
022 Klausen,97,,-,1,1
022 Klausen,98,,-,1,1
023 Karneid,0,,12,18,30
023 Karneid,1,,15,18,33
023 Karneid,2,,17,24,41
023 Karneid,3,,10,16,26
023 Karneid,4,,18,18,36
023 Karneid,5,,30,16,46
023 Karneid,6,,15,16,31
023 Karneid,7,,16,18,34
023 Karneid,8,,29,18,47
023 Karneid,9,,26,22,48
023 Karneid,10,,22,15,37
023 Karneid,11,,25,22,47
023 Karneid,12,,21,25,46
023 Karneid,13,,28,20,48
023 Karneid,14,,14,14,28
023 Karneid,15,,22,22,44
023 Karneid,16,,16,16,32
023 Karneid,17,,26,25,51
023 Karneid,18,,15,22,37
023 Karneid,19,,30,18,48
023 Karneid,20,,18,23,41
023 Karneid,21,,29,20,49
023 Karneid,22,,23,21,44
023 Karneid,23,,24,21,45
023 Karneid,24,,23,17,40
023 Karneid,25,,19,15,34
023 Karneid,26,,19,14,33
023 Karneid,27,,22,13,35
023 Karneid,28,,16,18,34
023 Karneid,29,,17,13,30
023 Karneid,30,,23,18,41
023 Karneid,31,,20,12,32
023 Karneid,32,,26,16,42
023 Karneid,33,,16,13,29
023 Karneid,34,,18,16,34
023 Karneid,35,,29,28,57
023 Karneid,36,,25,15,40
023 Karneid,37,,23,27,50
023 Karneid,38,,20,13,33
023 Karneid,39,,15,23,38
023 Karneid,40,,31,28,59
023 Karneid,41,,20,15,35
023 Karneid,42,,23,29,52
023 Karneid,43,,28,32,60
023 Karneid,44,,29,25,54
023 Karneid,45,,31,39,70
023 Karneid,46,,34,22,56
023 Karneid,47,,25,27,52
023 Karneid,48,,34,30,64
023 Karneid,49,,31,32,63
023 Karneid,50,,35,29,64
023 Karneid,51,,35,26,61
023 Karneid,52,,32,24,56
023 Karneid,53,,37,24,61
023 Karneid,54,,28,41,69
023 Karneid,55,,29,24,53
023 Karneid,56,,27,28,55
023 Karneid,57,,28,16,44
023 Karneid,58,,23,17,40
023 Karneid,59,,16,15,31
023 Karneid,60,,20,16,36
023 Karneid,61,,13,9,22
023 Karneid,62,,15,14,29
023 Karneid,63,,14,12,26
023 Karneid,64,,10,20,30
023 Karneid,65,,16,11,27
023 Karneid,66,,20,12,32
023 Karneid,67,,8,14,22
023 Karneid,68,,10,26,36
023 Karneid,69,,6,16,22
023 Karneid,70,,12,20,32
023 Karneid,71,,11,13,24
023 Karneid,72,,9,14,23
023 Karneid,73,,17,13,30
023 Karneid,74,,15,24,39
023 Karneid,75,,14,11,25
023 Karneid,76,,9,13,22
023 Karneid,77,,13,13,26
023 Karneid,78,,12,11,23
023 Karneid,79,,6,8,14
023 Karneid,80,,11,10,21
023 Karneid,81,,9,8,17
023 Karneid,82,,6,11,17
023 Karneid,83,,5,12,17
023 Karneid,84,,9,5,14
023 Karneid,85,,8,8,16
023 Karneid,86,,4,6,10
023 Karneid,87,,6,3,9
023 Karneid,88,,4,2,6
023 Karneid,89,,-,3,3
023 Karneid,90,,3,4,7
023 Karneid,91,,1,2,3
023 Karneid,92,,3,1,4
023 Karneid,93,,-,1,1
023 Karneid,94,,-,2,2
023 Karneid,95,,1,-,1
023 Karneid,96,,1,1,2
024 Kurtatsch a.d.Weinstr.,0,,11,13,24
024 Kurtatsch a.d.Weinstr.,1,,8,14,22
024 Kurtatsch a.d.Weinstr.,2,,7,5,12
024 Kurtatsch a.d.Weinstr.,3,,20,7,27
024 Kurtatsch a.d.Weinstr.,4,,16,8,24
024 Kurtatsch a.d.Weinstr.,5,,11,10,21
024 Kurtatsch a.d.Weinstr.,6,,6,7,13
024 Kurtatsch a.d.Weinstr.,7,,10,12,22
024 Kurtatsch a.d.Weinstr.,8,,15,8,23
024 Kurtatsch a.d.Weinstr.,9,,6,4,10
024 Kurtatsch a.d.Weinstr.,10,,8,17,25
024 Kurtatsch a.d.Weinstr.,11,,13,14,27
024 Kurtatsch a.d.Weinstr.,12,,11,11,22
024 Kurtatsch a.d.Weinstr.,13,,10,12,22
024 Kurtatsch a.d.Weinstr.,14,,13,15,28
024 Kurtatsch a.d.Weinstr.,15,,16,11,27
024 Kurtatsch a.d.Weinstr.,16,,18,15,33
024 Kurtatsch a.d.Weinstr.,17,,18,11,29
024 Kurtatsch a.d.Weinstr.,18,,18,14,32
024 Kurtatsch a.d.Weinstr.,19,,14,14,28
024 Kurtatsch a.d.Weinstr.,20,,22,19,41
024 Kurtatsch a.d.Weinstr.,21,,18,12,30
024 Kurtatsch a.d.Weinstr.,22,,16,6,22
024 Kurtatsch a.d.Weinstr.,23,,23,14,37
024 Kurtatsch a.d.Weinstr.,24,,18,12,30
024 Kurtatsch a.d.Weinstr.,25,,18,11,29
024 Kurtatsch a.d.Weinstr.,26,,14,8,22
024 Kurtatsch a.d.Weinstr.,27,,8,16,24
024 Kurtatsch a.d.Weinstr.,28,,7,15,22
024 Kurtatsch a.d.Weinstr.,29,,12,15,27
024 Kurtatsch a.d.Weinstr.,30,,10,13,23
024 Kurtatsch a.d.Weinstr.,31,,17,8,25
024 Kurtatsch a.d.Weinstr.,32,,14,5,19
024 Kurtatsch a.d.Weinstr.,33,,14,9,23
024 Kurtatsch a.d.Weinstr.,34,,14,20,34
024 Kurtatsch a.d.Weinstr.,35,,15,14,29
024 Kurtatsch a.d.Weinstr.,36,,9,11,20
024 Kurtatsch a.d.Weinstr.,37,,11,14,25
024 Kurtatsch a.d.Weinstr.,38,,9,15,24
024 Kurtatsch a.d.Weinstr.,39,,8,15,23
024 Kurtatsch a.d.Weinstr.,40,,10,13,23
024 Kurtatsch a.d.Weinstr.,41,,11,11,22
024 Kurtatsch a.d.Weinstr.,42,,14,18,32
024 Kurtatsch a.d.Weinstr.,43,,14,20,34
024 Kurtatsch a.d.Weinstr.,44,,11,14,25
024 Kurtatsch a.d.Weinstr.,45,,15,19,34
024 Kurtatsch a.d.Weinstr.,46,,13,22,35
024 Kurtatsch a.d.Weinstr.,47,,27,21,48
024 Kurtatsch a.d.Weinstr.,48,,27,13,40
024 Kurtatsch a.d.Weinstr.,49,,17,22,39
024 Kurtatsch a.d.Weinstr.,50,,27,18,45
024 Kurtatsch a.d.Weinstr.,51,,26,26,52
024 Kurtatsch a.d.Weinstr.,52,,18,26,44
024 Kurtatsch a.d.Weinstr.,53,,23,20,43
024 Kurtatsch a.d.Weinstr.,54,,23,13,36
024 Kurtatsch a.d.Weinstr.,55,,18,18,36
024 Kurtatsch a.d.Weinstr.,56,,18,21,39
024 Kurtatsch a.d.Weinstr.,57,,20,9,29
024 Kurtatsch a.d.Weinstr.,58,,13,12,25
024 Kurtatsch a.d.Weinstr.,59,,14,11,25
024 Kurtatsch a.d.Weinstr.,60,,11,7,18
024 Kurtatsch a.d.Weinstr.,61,,12,19,31
024 Kurtatsch a.d.Weinstr.,62,,13,7,20
024 Kurtatsch a.d.Weinstr.,63,,16,19,35
024 Kurtatsch a.d.Weinstr.,64,,11,8,19
024 Kurtatsch a.d.Weinstr.,65,,9,13,22
024 Kurtatsch a.d.Weinstr.,66,,13,4,17
024 Kurtatsch a.d.Weinstr.,67,,11,9,20
024 Kurtatsch a.d.Weinstr.,68,,9,10,19
024 Kurtatsch a.d.Weinstr.,69,,9,10,19
024 Kurtatsch a.d.Weinstr.,70,,11,10,21
024 Kurtatsch a.d.Weinstr.,71,,6,8,14
024 Kurtatsch a.d.Weinstr.,72,,5,7,12
024 Kurtatsch a.d.Weinstr.,73,,10,6,16
024 Kurtatsch a.d.Weinstr.,74,,7,11,18
024 Kurtatsch a.d.Weinstr.,75,,6,10,16
024 Kurtatsch a.d.Weinstr.,76,,10,10,20
024 Kurtatsch a.d.Weinstr.,77,,3,14,17
024 Kurtatsch a.d.Weinstr.,78,,8,12,20
024 Kurtatsch a.d.Weinstr.,79,,4,9,13
024 Kurtatsch a.d.Weinstr.,80,,4,7,11
024 Kurtatsch a.d.Weinstr.,81,,3,7,10
024 Kurtatsch a.d.Weinstr.,82,,-,7,7
024 Kurtatsch a.d.Weinstr.,83,,8,6,14
024 Kurtatsch a.d.Weinstr.,84,,7,11,18
024 Kurtatsch a.d.Weinstr.,85,,4,7,11
024 Kurtatsch a.d.Weinstr.,86,,3,10,13
024 Kurtatsch a.d.Weinstr.,87,,5,6,11
024 Kurtatsch a.d.Weinstr.,88,,3,4,7
024 Kurtatsch a.d.Weinstr.,89,,3,5,8
024 Kurtatsch a.d.Weinstr.,90,,1,2,3
024 Kurtatsch a.d.Weinstr.,91,,1,4,5
024 Kurtatsch a.d.Weinstr.,92,,1,3,4
024 Kurtatsch a.d.Weinstr.,93,,2,3,5
024 Kurtatsch a.d.Weinstr.,95,,-,3,3
024 Kurtatsch a.d.Weinstr.,96,,2,1,3
025 Kurtinig a.d. Weinstr.,0,,2,4,6
025 Kurtinig a.d. Weinstr.,1,,6,1,7
025 Kurtinig a.d. Weinstr.,2,,2,8,10
025 Kurtinig a.d. Weinstr.,3,,3,2,5
025 Kurtinig a.d. Weinstr.,4,,3,4,7
025 Kurtinig a.d. Weinstr.,5,,3,3,6
025 Kurtinig a.d. Weinstr.,6,,3,4,7
025 Kurtinig a.d. Weinstr.,7,,6,3,9
025 Kurtinig a.d. Weinstr.,8,,4,-,4
025 Kurtinig a.d. Weinstr.,9,,5,2,7
025 Kurtinig a.d. Weinstr.,10,,4,1,5
025 Kurtinig a.d. Weinstr.,11,,-,4,4
025 Kurtinig a.d. Weinstr.,12,,1,2,3
025 Kurtinig a.d. Weinstr.,13,,5,2,7
025 Kurtinig a.d. Weinstr.,14,,3,3,6
025 Kurtinig a.d. Weinstr.,15,,1,7,8
025 Kurtinig a.d. Weinstr.,16,,2,5,7
025 Kurtinig a.d. Weinstr.,17,,3,2,5
025 Kurtinig a.d. Weinstr.,18,,4,5,9
025 Kurtinig a.d. Weinstr.,19,,3,4,7
025 Kurtinig a.d. Weinstr.,20,,1,3,4
025 Kurtinig a.d. Weinstr.,21,,7,2,9
025 Kurtinig a.d. Weinstr.,22,,3,2,5
025 Kurtinig a.d. Weinstr.,23,,5,6,11
025 Kurtinig a.d. Weinstr.,24,,4,4,8
025 Kurtinig a.d. Weinstr.,25,,5,3,8
025 Kurtinig a.d. Weinstr.,26,,3,4,7
025 Kurtinig a.d. Weinstr.,27,,7,4,11
025 Kurtinig a.d. Weinstr.,28,,7,5,12
025 Kurtinig a.d. Weinstr.,29,,7,4,11
025 Kurtinig a.d. Weinstr.,30,,7,6,13
025 Kurtinig a.d. Weinstr.,31,,5,1,6
025 Kurtinig a.d. Weinstr.,32,,5,7,12
025 Kurtinig a.d. Weinstr.,33,,5,1,6
025 Kurtinig a.d. Weinstr.,34,,4,5,9
025 Kurtinig a.d. Weinstr.,35,,9,3,12
025 Kurtinig a.d. Weinstr.,36,,3,5,8
025 Kurtinig a.d. Weinstr.,37,,4,8,12
025 Kurtinig a.d. Weinstr.,38,,5,3,8
025 Kurtinig a.d. Weinstr.,39,,4,1,5
025 Kurtinig a.d. Weinstr.,40,,1,-,1
025 Kurtinig a.d. Weinstr.,41,,2,6,8
025 Kurtinig a.d. Weinstr.,42,,3,2,5
025 Kurtinig a.d. Weinstr.,43,,6,5,11
025 Kurtinig a.d. Weinstr.,44,,2,7,9
025 Kurtinig a.d. Weinstr.,45,,4,3,7
025 Kurtinig a.d. Weinstr.,46,,5,4,9
025 Kurtinig a.d. Weinstr.,47,,6,5,11
025 Kurtinig a.d. Weinstr.,48,,3,2,5
025 Kurtinig a.d. Weinstr.,49,,5,4,9
025 Kurtinig a.d. Weinstr.,50,,1,5,6
025 Kurtinig a.d. Weinstr.,51,,3,5,8
025 Kurtinig a.d. Weinstr.,52,,6,6,12
025 Kurtinig a.d. Weinstr.,53,,8,5,13
025 Kurtinig a.d. Weinstr.,54,,4,5,9
025 Kurtinig a.d. Weinstr.,55,,7,10,17
025 Kurtinig a.d. Weinstr.,56,,7,4,11
025 Kurtinig a.d. Weinstr.,57,,11,6,17
025 Kurtinig a.d. Weinstr.,58,,4,8,12
025 Kurtinig a.d. Weinstr.,59,,7,9,16
025 Kurtinig a.d. Weinstr.,60,,4,1,5
025 Kurtinig a.d. Weinstr.,61,,2,1,3
025 Kurtinig a.d. Weinstr.,62,,6,3,9
025 Kurtinig a.d. Weinstr.,63,,4,7,11
025 Kurtinig a.d. Weinstr.,64,,2,4,6
025 Kurtinig a.d. Weinstr.,65,,3,4,7
025 Kurtinig a.d. Weinstr.,66,,1,3,4
025 Kurtinig a.d. Weinstr.,67,,3,3,6
025 Kurtinig a.d. Weinstr.,68,,4,3,7
025 Kurtinig a.d. Weinstr.,69,,5,1,6
025 Kurtinig a.d. Weinstr.,70,,-,5,5
025 Kurtinig a.d. Weinstr.,71,,2,2,4
025 Kurtinig a.d. Weinstr.,72,,2,1,3
025 Kurtinig a.d. Weinstr.,73,,4,2,6
025 Kurtinig a.d. Weinstr.,74,,2,2,4
025 Kurtinig a.d. Weinstr.,75,,4,2,6
025 Kurtinig a.d. Weinstr.,76,,2,3,5
025 Kurtinig a.d. Weinstr.,77,,4,3,7
025 Kurtinig a.d. Weinstr.,78,,1,2,3
025 Kurtinig a.d. Weinstr.,79,,1,3,4
025 Kurtinig a.d. Weinstr.,80,,3,3,6
025 Kurtinig a.d. Weinstr.,81,,-,4,4
025 Kurtinig a.d. Weinstr.,82,,2,4,6
025 Kurtinig a.d. Weinstr.,83,,-,2,2
025 Kurtinig a.d. Weinstr.,84,,2,3,5
025 Kurtinig a.d. Weinstr.,85,,1,2,3
025 Kurtinig a.d. Weinstr.,86,,2,2,4
025 Kurtinig a.d. Weinstr.,87,,1,1,2
025 Kurtinig a.d. Weinstr.,88,,-,1,1
025 Kurtinig a.d. Weinstr.,89,,2,1,3
025 Kurtinig a.d. Weinstr.,91,,-,2,2
025 Kurtinig a.d. Weinstr.,92,,-,1,1
025 Kurtinig a.d. Weinstr.,95,,-,1,1
025 Kurtinig a.d. Weinstr.,98,,-,1,1
026 Corvara,0,,11,6,17
026 Corvara,1,,10,5,15
026 Corvara,2,,8,12,20
026 Corvara,3,,4,9,13
026 Corvara,4,,10,8,18
026 Corvara,5,,6,2,8
026 Corvara,6,,12,8,20
026 Corvara,7,,9,7,16
026 Corvara,8,,6,6,12
026 Corvara,9,,5,10,15
026 Corvara,10,,8,3,11
026 Corvara,11,,8,7,15
026 Corvara,12,,6,3,9
026 Corvara,13,,12,5,17
026 Corvara,14,,5,3,8
026 Corvara,15,,5,6,11
026 Corvara,16,,8,4,12
026 Corvara,17,,8,7,15
026 Corvara,18,,10,8,18
026 Corvara,19,,3,6,9
026 Corvara,20,,9,4,13
026 Corvara,21,,8,7,15
026 Corvara,22,,8,4,12
026 Corvara,23,,5,3,8
026 Corvara,24,,7,10,17
026 Corvara,25,,5,7,12
026 Corvara,26,,11,11,22
026 Corvara,27,,6,4,10
026 Corvara,28,,6,6,12
026 Corvara,29,,8,9,17
026 Corvara,30,,5,2,7
026 Corvara,31,,5,12,17
026 Corvara,32,,5,4,9
026 Corvara,33,,5,6,11
026 Corvara,34,,11,14,25
026 Corvara,35,,12,4,16
026 Corvara,36,,8,9,17
026 Corvara,37,,10,9,19
026 Corvara,38,,13,4,17
026 Corvara,39,,15,11,26
026 Corvara,40,,12,6,18
026 Corvara,41,,8,21,29
026 Corvara,42,,7,14,21
026 Corvara,43,,10,14,24
026 Corvara,44,,11,7,18
026 Corvara,45,,12,6,18
026 Corvara,46,,10,14,24
026 Corvara,47,,16,14,30
026 Corvara,48,,8,15,23
026 Corvara,49,,15,20,35
026 Corvara,50,,13,16,29
026 Corvara,51,,16,18,34
026 Corvara,52,,7,9,16
026 Corvara,53,,15,7,22
026 Corvara,54,,13,12,25
026 Corvara,55,,8,8,16
026 Corvara,56,,13,13,26
026 Corvara,57,,8,7,15
026 Corvara,58,,11,10,21
026 Corvara,59,,8,4,12
026 Corvara,60,,5,5,10
026 Corvara,61,,11,7,18
026 Corvara,62,,8,9,17
026 Corvara,63,,5,12,17
026 Corvara,64,,4,8,12
026 Corvara,65,,4,10,14
026 Corvara,66,,6,8,14
026 Corvara,67,,2,8,10
026 Corvara,68,,5,5,10
026 Corvara,69,,3,9,12
026 Corvara,70,,10,9,19
026 Corvara,71,,5,3,8
026 Corvara,72,,5,9,14
026 Corvara,73,,4,10,14
026 Corvara,74,,6,7,13
026 Corvara,75,,8,8,16
026 Corvara,76,,7,6,13
026 Corvara,77,,5,3,8
026 Corvara,78,,2,7,9
026 Corvara,79,,6,8,14
026 Corvara,80,,3,6,9
026 Corvara,81,,4,2,6
026 Corvara,82,,2,8,10
026 Corvara,83,,4,3,7
026 Corvara,84,,4,4,8
026 Corvara,85,,2,5,7
026 Corvara,86,,2,3,5
026 Corvara,87,,3,4,7
026 Corvara,88,,1,1,2
026 Corvara,89,,2,1,3
026 Corvara,90,,1,-,1
026 Corvara,91,,1,2,3
026 Corvara,92,,1,-,1
026 Corvara,93,,3,1,4
026 Corvara,94,,1,1,2
026 Corvara,95,,1,-,1
026 Corvara,97,,1,-,1
027 Graun im Vinschgau,0,,15,7,22
027 Graun im Vinschgau,1,,6,9,15
027 Graun im Vinschgau,2,,14,9,23
027 Graun im Vinschgau,3,,16,9,25
027 Graun im Vinschgau,4,,16,19,35
027 Graun im Vinschgau,5,,20,14,34
027 Graun im Vinschgau,6,,10,12,22
027 Graun im Vinschgau,7,,18,19,37
027 Graun im Vinschgau,8,,16,8,24
027 Graun im Vinschgau,9,,18,12,30
027 Graun im Vinschgau,10,,16,20,36
027 Graun im Vinschgau,11,,13,15,28
027 Graun im Vinschgau,12,,14,13,27
027 Graun im Vinschgau,13,,9,10,19
027 Graun im Vinschgau,14,,10,11,21
027 Graun im Vinschgau,15,,14,12,26
027 Graun im Vinschgau,16,,13,16,29
027 Graun im Vinschgau,17,,14,8,22
027 Graun im Vinschgau,18,,10,14,24
027 Graun im Vinschgau,19,,18,17,35
027 Graun im Vinschgau,20,,18,15,33
027 Graun im Vinschgau,21,,18,14,32
027 Graun im Vinschgau,22,,18,11,29
027 Graun im Vinschgau,23,,19,14,33
027 Graun im Vinschgau,24,,16,14,30
027 Graun im Vinschgau,25,,8,14,22
027 Graun im Vinschgau,26,,18,19,37
027 Graun im Vinschgau,27,,25,20,45
027 Graun im Vinschgau,28,,20,9,29
027 Graun im Vinschgau,29,,18,13,31
027 Graun im Vinschgau,30,,6,3,9
027 Graun im Vinschgau,31,,19,6,25
027 Graun im Vinschgau,32,,14,8,22
027 Graun im Vinschgau,33,,7,12,19
027 Graun im Vinschgau,34,,15,12,27
027 Graun im Vinschgau,35,,21,16,37
027 Graun im Vinschgau,36,,19,17,36
027 Graun im Vinschgau,37,,14,16,30
027 Graun im Vinschgau,38,,13,15,28
027 Graun im Vinschgau,39,,15,21,36
027 Graun im Vinschgau,40,,11,21,32
027 Graun im Vinschgau,41,,20,16,36
027 Graun im Vinschgau,42,,19,15,34
027 Graun im Vinschgau,43,,17,19,36
027 Graun im Vinschgau,44,,20,18,38
027 Graun im Vinschgau,45,,22,10,32
027 Graun im Vinschgau,46,,21,15,36
027 Graun im Vinschgau,47,,23,18,41
027 Graun im Vinschgau,48,,16,21,37
027 Graun im Vinschgau,49,,22,18,40
027 Graun im Vinschgau,50,,18,23,41
027 Graun im Vinschgau,51,,15,19,34
027 Graun im Vinschgau,52,,22,22,44
027 Graun im Vinschgau,53,,20,17,37
027 Graun im Vinschgau,54,,21,22,43
027 Graun im Vinschgau,55,,19,12,31
027 Graun im Vinschgau,56,,19,19,38
027 Graun im Vinschgau,57,,17,11,28
027 Graun im Vinschgau,58,,17,15,32
027 Graun im Vinschgau,59,,11,13,24
027 Graun im Vinschgau,60,,13,9,22
027 Graun im Vinschgau,61,,13,8,21
027 Graun im Vinschgau,62,,15,13,28
027 Graun im Vinschgau,63,,11,7,18
027 Graun im Vinschgau,64,,14,10,24
027 Graun im Vinschgau,65,,11,16,27
027 Graun im Vinschgau,66,,9,12,21
027 Graun im Vinschgau,67,,7,20,27
027 Graun im Vinschgau,68,,13,11,24
027 Graun im Vinschgau,69,,5,9,14
027 Graun im Vinschgau,70,,9,7,16
027 Graun im Vinschgau,71,,6,6,12
027 Graun im Vinschgau,72,,8,10,18
027 Graun im Vinschgau,73,,8,11,19
027 Graun im Vinschgau,74,,8,9,17
027 Graun im Vinschgau,75,,13,10,23
027 Graun im Vinschgau,76,,11,10,21
027 Graun im Vinschgau,77,,8,10,18
027 Graun im Vinschgau,78,,8,12,20
027 Graun im Vinschgau,79,,10,3,13
027 Graun im Vinschgau,80,,9,12,21
027 Graun im Vinschgau,81,,5,7,12
027 Graun im Vinschgau,82,,10,7,17
027 Graun im Vinschgau,83,,3,7,10
027 Graun im Vinschgau,84,,7,3,10
027 Graun im Vinschgau,85,,4,7,11
027 Graun im Vinschgau,86,,2,4,6
027 Graun im Vinschgau,87,,3,9,12
027 Graun im Vinschgau,88,,4,6,10
027 Graun im Vinschgau,89,,2,3,5
027 Graun im Vinschgau,90,,2,7,9
027 Graun im Vinschgau,91,,-,3,3
027 Graun im Vinschgau,92,,1,2,3
027 Graun im Vinschgau,93,,2,3,5
027 Graun im Vinschgau,94,,-,1,1
027 Graun im Vinschgau,96,,1,-,1
028 Toblach,0,,16,18,34
028 Toblach,1,,20,15,35
028 Toblach,2,,18,14,32
028 Toblach,3,,24,17,41
028 Toblach,4,,18,27,45
028 Toblach,5,,17,25,42
028 Toblach,6,,20,22,42
028 Toblach,7,,19,18,37
028 Toblach,8,,24,23,47
028 Toblach,9,,24,16,40
028 Toblach,10,,23,9,32
028 Toblach,11,,14,20,34
028 Toblach,12,,20,23,43
028 Toblach,13,,20,26,46
028 Toblach,14,,13,19,32
028 Toblach,15,,25,18,43
028 Toblach,16,,24,15,39
028 Toblach,17,,15,23,38
028 Toblach,18,,17,14,31
028 Toblach,19,,24,16,40
028 Toblach,20,,27,18,45
028 Toblach,21,,17,10,27
028 Toblach,22,,19,14,33
028 Toblach,23,,19,18,37
028 Toblach,24,,13,15,28
028 Toblach,25,,19,21,40
028 Toblach,26,,16,24,40
028 Toblach,27,,12,14,26
028 Toblach,28,,17,21,38
028 Toblach,29,,30,17,47
028 Toblach,30,,14,21,35
028 Toblach,31,,20,18,38
028 Toblach,32,,22,23,45
028 Toblach,33,,19,24,43
028 Toblach,34,,21,28,49
028 Toblach,35,,21,22,43
028 Toblach,36,,20,25,45
028 Toblach,37,,26,26,52
028 Toblach,38,,19,18,37
028 Toblach,39,,14,21,35
028 Toblach,40,,28,32,60
028 Toblach,41,,22,22,44
028 Toblach,42,,29,23,52
028 Toblach,43,,31,25,56
028 Toblach,44,,26,32,58
028 Toblach,45,,27,21,48
028 Toblach,46,,22,24,46
028 Toblach,47,,39,23,62
028 Toblach,48,,30,26,56
028 Toblach,49,,26,18,44
028 Toblach,50,,31,29,60
028 Toblach,51,,29,31,60
028 Toblach,52,,37,29,66
028 Toblach,53,,24,26,50
028 Toblach,54,,35,25,60
028 Toblach,55,,24,34,58
028 Toblach,56,,21,17,38
028 Toblach,57,,31,25,56
028 Toblach,58,,19,17,36
028 Toblach,59,,28,22,50
028 Toblach,60,,16,24,40
028 Toblach,61,,15,26,41
028 Toblach,62,,20,18,38
028 Toblach,63,,19,23,42
028 Toblach,64,,18,15,33
028 Toblach,65,,23,11,34
028 Toblach,66,,13,15,28
028 Toblach,67,,19,12,31
028 Toblach,68,,16,24,40
028 Toblach,69,,14,15,29
028 Toblach,70,,12,14,26
028 Toblach,71,,8,17,25
028 Toblach,72,,14,10,24
028 Toblach,73,,12,17,29
028 Toblach,74,,12,16,28
028 Toblach,75,,16,13,29
028 Toblach,76,,10,12,22
028 Toblach,77,,12,10,22
028 Toblach,78,,12,5,17
028 Toblach,79,,2,10,12
028 Toblach,80,,4,13,17
028 Toblach,81,,5,14,19
028 Toblach,82,,10,14,24
028 Toblach,83,,6,8,14
028 Toblach,84,,5,12,17
028 Toblach,85,,7,9,16
028 Toblach,86,,6,5,11
028 Toblach,87,,3,6,9
028 Toblach,88,,5,4,9
028 Toblach,89,,3,3,6
028 Toblach,90,,1,4,5
028 Toblach,91,,2,2,4
028 Toblach,92,,2,3,5
028 Toblach,93,,3,-,3
028 Toblach,94,,-,2,2
028 Toblach,95,,-,1,1
028 Toblach,96,,1,1,2
029 Neumarkt,0,,30,28,58
029 Neumarkt,1,,21,26,47
029 Neumarkt,2,,30,26,56
029 Neumarkt,3,,23,26,49
029 Neumarkt,4,,36,39,75
029 Neumarkt,5,,28,18,46
029 Neumarkt,6,,26,27,53
029 Neumarkt,7,,33,27,60
029 Neumarkt,8,,30,31,61
029 Neumarkt,9,,28,24,52
029 Neumarkt,10,,27,27,54
029 Neumarkt,11,,38,34,72
029 Neumarkt,12,,27,18,45
029 Neumarkt,13,,35,31,66
029 Neumarkt,14,,29,25,54
029 Neumarkt,15,,33,33,66
029 Neumarkt,16,,30,25,55
029 Neumarkt,17,,26,27,53
029 Neumarkt,18,,23,44,67
029 Neumarkt,19,,26,19,45
029 Neumarkt,20,,22,25,47
029 Neumarkt,21,,28,24,52
029 Neumarkt,22,,26,26,52
029 Neumarkt,23,,25,35,60
029 Neumarkt,24,,27,30,57
029 Neumarkt,25,,25,25,50
029 Neumarkt,26,,27,27,54
029 Neumarkt,27,,28,34,62
029 Neumarkt,28,,26,24,50
029 Neumarkt,29,,26,32,58
029 Neumarkt,30,,27,29,56
029 Neumarkt,31,,21,20,41
029 Neumarkt,32,,31,32,63
029 Neumarkt,33,,31,27,58
029 Neumarkt,34,,32,33,65
029 Neumarkt,35,,34,30,64
029 Neumarkt,36,,33,50,83
029 Neumarkt,37,,34,35,69
029 Neumarkt,38,,41,41,82
029 Neumarkt,39,,26,32,58
029 Neumarkt,40,,36,35,71
029 Neumarkt,41,,41,45,86
029 Neumarkt,42,,39,43,82
029 Neumarkt,43,,34,39,73
029 Neumarkt,44,,40,34,74
029 Neumarkt,45,,34,47,81
029 Neumarkt,46,,40,39,79
029 Neumarkt,47,,42,36,78
029 Neumarkt,48,,32,52,84
029 Neumarkt,49,,51,49,100
029 Neumarkt,50,,57,57,114
029 Neumarkt,51,,56,41,97
029 Neumarkt,52,,48,50,98
029 Neumarkt,53,,52,50,102
029 Neumarkt,54,,45,37,82
029 Neumarkt,55,,36,46,82
029 Neumarkt,56,,52,40,92
029 Neumarkt,57,,48,33,81
029 Neumarkt,58,,27,36,63
029 Neumarkt,59,,42,34,76
029 Neumarkt,60,,28,34,62
029 Neumarkt,61,,41,43,84
029 Neumarkt,62,,34,30,64
029 Neumarkt,63,,17,17,34
029 Neumarkt,64,,27,21,48
029 Neumarkt,65,,25,24,49
029 Neumarkt,66,,21,25,46
029 Neumarkt,67,,16,24,40
029 Neumarkt,68,,21,24,45
029 Neumarkt,69,,21,30,51
029 Neumarkt,70,,28,34,62
029 Neumarkt,71,,18,23,41
029 Neumarkt,72,,18,15,33
029 Neumarkt,73,,20,23,43
029 Neumarkt,74,,23,23,46
029 Neumarkt,75,,32,23,55
029 Neumarkt,76,,19,29,48
029 Neumarkt,77,,14,24,38
029 Neumarkt,78,,21,12,33
029 Neumarkt,79,,18,12,30
029 Neumarkt,80,,14,17,31
029 Neumarkt,81,,12,20,32
029 Neumarkt,82,,11,16,27
029 Neumarkt,83,,14,12,26
029 Neumarkt,84,,10,23,33
029 Neumarkt,85,,14,24,38
029 Neumarkt,86,,6,21,27
029 Neumarkt,87,,6,14,20
029 Neumarkt,88,,2,12,14
029 Neumarkt,89,,6,7,13
029 Neumarkt,90,,5,12,17
029 Neumarkt,91,,5,11,16
029 Neumarkt,92,,-,8,8
029 Neumarkt,93,,4,1,5
029 Neumarkt,94,,1,2,3
029 Neumarkt,95,,1,3,4
029 Neumarkt,96,,1,3,4
029 Neumarkt,97,,1,1,2
029 Neumarkt,99,,-,1,1
030 Pfalzen,0,,18,23,41
030 Pfalzen,1,,13,16,29
030 Pfalzen,2,,12,6,18
030 Pfalzen,3,,14,25,39
030 Pfalzen,4,,21,12,33
030 Pfalzen,5,,18,24,42
030 Pfalzen,6,,16,14,30
030 Pfalzen,7,,16,18,34
030 Pfalzen,8,,17,21,38
030 Pfalzen,9,,13,9,22
030 Pfalzen,10,,21,20,41
030 Pfalzen,11,,18,17,35
030 Pfalzen,12,,13,21,34
030 Pfalzen,13,,20,14,34
030 Pfalzen,14,,15,18,33
030 Pfalzen,15,,15,13,28
030 Pfalzen,16,,17,18,35
030 Pfalzen,17,,22,20,42
030 Pfalzen,18,,16,16,32
030 Pfalzen,19,,14,16,30
030 Pfalzen,20,,16,16,32
030 Pfalzen,21,,22,19,41
030 Pfalzen,22,,10,17,27
030 Pfalzen,23,,11,15,26
030 Pfalzen,24,,13,21,34
030 Pfalzen,25,,14,17,31
030 Pfalzen,26,,19,14,33
030 Pfalzen,27,,17,26,43
030 Pfalzen,28,,18,9,27
030 Pfalzen,29,,12,22,34
030 Pfalzen,30,,16,15,31
030 Pfalzen,31,,25,16,41
030 Pfalzen,32,,15,11,26
030 Pfalzen,33,,14,12,26
030 Pfalzen,34,,18,18,36
030 Pfalzen,35,,21,19,40
030 Pfalzen,36,,25,21,46
030 Pfalzen,37,,23,23,46
030 Pfalzen,38,,19,24,43
030 Pfalzen,39,,20,25,45
030 Pfalzen,40,,15,12,27
030 Pfalzen,41,,16,14,30
030 Pfalzen,42,,25,15,40
030 Pfalzen,43,,17,25,42
030 Pfalzen,44,,26,24,50
030 Pfalzen,45,,28,24,52
030 Pfalzen,46,,21,24,45
030 Pfalzen,47,,29,12,41
030 Pfalzen,48,,27,35,62
030 Pfalzen,49,,21,22,43
030 Pfalzen,50,,24,22,46
030 Pfalzen,51,,24,27,51
030 Pfalzen,52,,19,22,41
030 Pfalzen,53,,32,20,52
030 Pfalzen,54,,24,31,55
030 Pfalzen,55,,26,23,49
030 Pfalzen,56,,21,15,36
030 Pfalzen,57,,15,18,33
030 Pfalzen,58,,16,22,38
030 Pfalzen,59,,24,19,43
030 Pfalzen,60,,18,15,33
030 Pfalzen,61,,18,12,30
030 Pfalzen,62,,17,11,28
030 Pfalzen,63,,13,12,25
030 Pfalzen,64,,11,10,21
030 Pfalzen,65,,16,15,31
030 Pfalzen,66,,11,13,24
030 Pfalzen,67,,16,7,23
030 Pfalzen,68,,10,11,21
030 Pfalzen,69,,12,2,14
030 Pfalzen,70,,7,10,17
030 Pfalzen,71,,4,8,12
030 Pfalzen,72,,10,5,15
030 Pfalzen,73,,8,10,18
030 Pfalzen,74,,6,11,17
030 Pfalzen,75,,10,7,17
030 Pfalzen,76,,12,9,21
030 Pfalzen,77,,8,5,13
030 Pfalzen,78,,11,10,21
030 Pfalzen,79,,5,5,10
030 Pfalzen,80,,2,7,9
030 Pfalzen,81,,5,6,11
030 Pfalzen,82,,7,7,14
030 Pfalzen,83,,3,5,8
030 Pfalzen,84,,5,3,8
030 Pfalzen,85,,8,7,15
030 Pfalzen,86,,4,6,10
030 Pfalzen,87,,3,3,6
030 Pfalzen,88,,-,2,2
030 Pfalzen,89,,-,2,2
030 Pfalzen,90,,-,2,2
030 Pfalzen,91,,2,2,4
030 Pfalzen,92,,1,1,2
030 Pfalzen,93,,2,1,3
030 Pfalzen,94,,1,1,2
030 Pfalzen,95,,-,1,1
030 Pfalzen,96,,1,-,1
031 Völs am Schlern,0,,23,18,41
031 Völs am Schlern,1,,16,18,34
031 Völs am Schlern,2,,23,19,42
031 Völs am Schlern,3,,20,16,36
031 Völs am Schlern,4,,17,25,42
031 Völs am Schlern,5,,16,21,37
031 Völs am Schlern,6,,26,17,43
031 Völs am Schlern,7,,24,18,42
031 Völs am Schlern,8,,23,34,57
031 Völs am Schlern,9,,23,25,48
031 Völs am Schlern,10,,18,25,43
031 Völs am Schlern,11,,35,16,51
031 Völs am Schlern,12,,20,11,31
031 Völs am Schlern,13,,15,21,36
031 Völs am Schlern,14,,18,31,49
031 Völs am Schlern,15,,18,28,46
031 Völs am Schlern,16,,23,25,48
031 Völs am Schlern,17,,20,18,38
031 Völs am Schlern,18,,27,29,56
031 Völs am Schlern,19,,20,24,44
031 Völs am Schlern,20,,15,20,35
031 Völs am Schlern,21,,25,25,50
031 Völs am Schlern,22,,20,16,36
031 Völs am Schlern,23,,16,13,29
031 Völs am Schlern,24,,23,17,40
031 Völs am Schlern,25,,14,23,37
031 Völs am Schlern,26,,22,18,40
031 Völs am Schlern,27,,28,20,48
031 Völs am Schlern,28,,17,18,35
031 Völs am Schlern,29,,23,23,46
031 Völs am Schlern,30,,27,19,46
031 Völs am Schlern,31,,15,16,31
031 Völs am Schlern,32,,17,8,25
031 Völs am Schlern,33,,13,29,42
031 Völs am Schlern,34,,25,27,52
031 Völs am Schlern,35,,39,21,60
031 Völs am Schlern,36,,33,18,51
031 Völs am Schlern,37,,32,30,62
031 Völs am Schlern,38,,27,23,50
031 Völs am Schlern,39,,21,23,44
031 Völs am Schlern,40,,29,25,54
031 Völs am Schlern,41,,20,18,38
031 Völs am Schlern,42,,29,25,54
031 Völs am Schlern,43,,28,30,58
031 Völs am Schlern,44,,41,28,69
031 Völs am Schlern,45,,42,40,82
031 Völs am Schlern,46,,33,40,73
031 Völs am Schlern,47,,37,37,74
031 Völs am Schlern,48,,36,36,72
031 Völs am Schlern,49,,29,26,55
031 Völs am Schlern,50,,34,30,64
031 Völs am Schlern,51,,26,29,55
031 Völs am Schlern,52,,29,25,54
031 Völs am Schlern,53,,26,23,49
031 Völs am Schlern,54,,27,22,49
031 Völs am Schlern,55,,22,25,47
031 Völs am Schlern,56,,18,21,39
031 Völs am Schlern,57,,22,15,37
031 Völs am Schlern,58,,20,14,34
031 Völs am Schlern,59,,16,19,35
031 Völs am Schlern,60,,17,17,34
031 Völs am Schlern,61,,18,14,32
031 Völs am Schlern,62,,18,27,45
031 Völs am Schlern,63,,16,24,40
031 Völs am Schlern,64,,15,18,33
031 Völs am Schlern,65,,18,22,40
031 Völs am Schlern,66,,19,16,35
031 Völs am Schlern,67,,14,10,24
031 Völs am Schlern,68,,16,15,31
031 Völs am Schlern,69,,12,18,30
031 Völs am Schlern,70,,15,11,26
031 Völs am Schlern,71,,6,8,14
031 Völs am Schlern,72,,12,8,20
031 Völs am Schlern,73,,15,19,34
031 Völs am Schlern,74,,15,18,33
031 Völs am Schlern,75,,16,16,32
031 Völs am Schlern,76,,8,21,29
031 Völs am Schlern,77,,11,10,21
031 Völs am Schlern,78,,10,14,24
031 Völs am Schlern,79,,8,9,17
031 Völs am Schlern,80,,6,17,23
031 Völs am Schlern,81,,11,11,22
031 Völs am Schlern,82,,11,6,17
031 Völs am Schlern,83,,4,12,16
031 Völs am Schlern,84,,8,5,13
031 Völs am Schlern,85,,6,9,15
031 Völs am Schlern,86,,2,9,11
031 Völs am Schlern,87,,2,6,8
031 Völs am Schlern,88,,2,9,11
031 Völs am Schlern,89,,2,4,6
031 Völs am Schlern,90,,2,2,4
031 Völs am Schlern,91,,2,2,4
031 Völs am Schlern,92,,2,6,8
031 Völs am Schlern,93,,1,1,2
031 Völs am Schlern,94,,-,3,3
031 Völs am Schlern,95,,-,3,3
031 Völs am Schlern,96,,-,2,2
031 Völs am Schlern,97,,-,1,1
031 Völs am Schlern,98,,-,1,1
031 Völs am Schlern,99,,1,-,1
032 Franzensfeste,0,,13,5,18
032 Franzensfeste,1,,8,5,13
032 Franzensfeste,2,,6,14,20
032 Franzensfeste,3,,3,4,7
032 Franzensfeste,4,,8,8,16
032 Franzensfeste,5,,6,7,13
032 Franzensfeste,6,,12,11,23
032 Franzensfeste,7,,4,6,10
032 Franzensfeste,8,,8,6,14
032 Franzensfeste,9,,9,5,14
032 Franzensfeste,10,,4,5,9
032 Franzensfeste,11,,4,5,9
032 Franzensfeste,12,,7,4,11
032 Franzensfeste,13,,10,4,14
032 Franzensfeste,14,,8,1,9
032 Franzensfeste,15,,3,5,8
032 Franzensfeste,16,,3,6,9
032 Franzensfeste,17,,3,4,7
032 Franzensfeste,18,,7,6,13
032 Franzensfeste,19,,4,6,10
032 Franzensfeste,20,,6,4,10
032 Franzensfeste,21,,7,3,10
032 Franzensfeste,22,,7,7,14
032 Franzensfeste,23,,8,5,13
032 Franzensfeste,24,,8,7,15
032 Franzensfeste,25,,5,6,11
032 Franzensfeste,26,,2,9,11
032 Franzensfeste,27,,5,2,7
032 Franzensfeste,28,,2,5,7
032 Franzensfeste,29,,11,6,17
032 Franzensfeste,30,,4,3,7
032 Franzensfeste,31,,7,7,14
032 Franzensfeste,32,,5,6,11
032 Franzensfeste,33,,6,8,14
032 Franzensfeste,34,,4,11,15
032 Franzensfeste,35,,8,5,13
032 Franzensfeste,36,,11,10,21
032 Franzensfeste,37,,11,4,15
032 Franzensfeste,38,,8,11,19
032 Franzensfeste,39,,5,7,12
032 Franzensfeste,40,,5,4,9
032 Franzensfeste,41,,9,12,21
032 Franzensfeste,42,,13,5,18
032 Franzensfeste,43,,1,5,6
032 Franzensfeste,44,,9,7,16
032 Franzensfeste,45,,6,5,11
032 Franzensfeste,46,,6,6,12
032 Franzensfeste,47,,8,8,16
032 Franzensfeste,48,,8,12,20
032 Franzensfeste,49,,10,4,14
032 Franzensfeste,50,,8,5,13
032 Franzensfeste,51,,9,9,18
032 Franzensfeste,52,,15,7,22
032 Franzensfeste,53,,9,10,19
032 Franzensfeste,54,,10,5,15
032 Franzensfeste,55,,5,4,9
032 Franzensfeste,56,,1,9,10
032 Franzensfeste,57,,6,7,13
032 Franzensfeste,58,,10,3,13
032 Franzensfeste,59,,4,7,11
032 Franzensfeste,60,,5,7,12
032 Franzensfeste,61,,8,7,15
032 Franzensfeste,62,,7,7,14
032 Franzensfeste,63,,3,7,10
032 Franzensfeste,64,,3,4,7
032 Franzensfeste,65,,6,1,7
032 Franzensfeste,66,,11,3,14
032 Franzensfeste,67,,3,4,7
032 Franzensfeste,68,,4,3,7
032 Franzensfeste,69,,2,3,5
032 Franzensfeste,70,,8,5,13
032 Franzensfeste,71,,3,6,9
032 Franzensfeste,72,,3,7,10
032 Franzensfeste,73,,3,1,4
032 Franzensfeste,74,,4,-,4
032 Franzensfeste,75,,2,3,5
032 Franzensfeste,76,,2,3,5
032 Franzensfeste,77,,3,2,5
032 Franzensfeste,78,,1,3,4
032 Franzensfeste,79,,6,5,11
032 Franzensfeste,80,,-,1,1
032 Franzensfeste,81,,-,2,2
032 Franzensfeste,82,,2,3,5
032 Franzensfeste,83,,-,3,3
032 Franzensfeste,84,,3,4,7
032 Franzensfeste,85,,1,3,4
032 Franzensfeste,86,,5,3,8
032 Franzensfeste,87,,-,2,2
032 Franzensfeste,88,,-,2,2
032 Franzensfeste,89,,2,-,2
032 Franzensfeste,90,,-,4,4
032 Franzensfeste,92,,1,2,3
032 Franzensfeste,93,,-,5,5
032 Franzensfeste,94,,1,2,3
032 Franzensfeste,95,,-,1,1
033 Villnöss,0,,14,15,29
033 Villnöss,1,,15,20,35
033 Villnöss,2,,17,13,30
033 Villnöss,3,,13,9,22
033 Villnöss,4,,19,17,36
033 Villnöss,5,,9,21,30
033 Villnöss,6,,16,19,35
033 Villnöss,7,,18,13,31
033 Villnöss,8,,18,9,27
033 Villnöss,9,,16,14,30
033 Villnöss,10,,14,24,38
033 Villnöss,11,,19,22,41
033 Villnöss,12,,10,16,26
033 Villnöss,13,,17,14,31
033 Villnöss,14,,21,14,35
033 Villnöss,15,,15,24,39
033 Villnöss,16,,17,15,32
033 Villnöss,17,,16,30,46
033 Villnöss,18,,24,19,43
033 Villnöss,19,,20,23,43
033 Villnöss,20,,20,16,36
033 Villnöss,21,,18,14,32
033 Villnöss,22,,15,12,27
033 Villnöss,23,,16,11,27
033 Villnöss,24,,13,10,23
033 Villnöss,25,,25,11,36
033 Villnöss,26,,13,9,22
033 Villnöss,27,,12,11,23
033 Villnöss,28,,13,17,30
033 Villnöss,29,,16,14,30
033 Villnöss,30,,10,16,26
033 Villnöss,31,,11,17,28
033 Villnöss,32,,19,17,36
033 Villnöss,33,,16,15,31
033 Villnöss,34,,10,10,20
033 Villnöss,35,,11,16,27
033 Villnöss,36,,22,9,31
033 Villnöss,37,,8,13,21
033 Villnöss,38,,16,16,32
033 Villnöss,39,,12,12,24
033 Villnöss,40,,17,12,29
033 Villnöss,41,,21,13,34
033 Villnöss,42,,18,14,32
033 Villnöss,43,,13,17,30
033 Villnöss,44,,17,28,45
033 Villnöss,45,,22,24,46
033 Villnöss,46,,17,28,45
033 Villnöss,47,,27,21,48
033 Villnöss,48,,28,17,45
033 Villnöss,49,,17,21,38
033 Villnöss,50,,25,19,44
033 Villnöss,51,,29,21,50
033 Villnöss,52,,30,23,53
033 Villnöss,53,,29,21,50
033 Villnöss,54,,28,22,50
033 Villnöss,55,,19,14,33
033 Villnöss,56,,21,12,33
033 Villnöss,57,,10,10,20
033 Villnöss,58,,11,13,24
033 Villnöss,59,,15,14,29
033 Villnöss,60,,14,17,31
033 Villnöss,61,,12,2,14
033 Villnöss,62,,16,13,29
033 Villnöss,63,,12,15,27
033 Villnöss,64,,9,12,21
033 Villnöss,65,,10,10,20
033 Villnöss,66,,6,8,14
033 Villnöss,67,,7,13,20
033 Villnöss,68,,8,10,18
033 Villnöss,69,,13,11,24
033 Villnöss,70,,8,5,13
033 Villnöss,71,,8,5,13
033 Villnöss,72,,6,12,18
033 Villnöss,73,,10,8,18
033 Villnöss,74,,11,19,30
033 Villnöss,75,,10,9,19
033 Villnöss,76,,6,17,23
033 Villnöss,77,,8,14,22
033 Villnöss,78,,9,8,17
033 Villnöss,79,,6,14,20
033 Villnöss,80,,3,15,18
033 Villnöss,81,,3,8,11
033 Villnöss,82,,5,8,13
033 Villnöss,83,,8,7,15
033 Villnöss,84,,10,11,21
033 Villnöss,85,,7,9,16
033 Villnöss,86,,4,8,12
033 Villnöss,87,,4,7,11
033 Villnöss,88,,6,6,12
033 Villnöss,89,,4,5,9
033 Villnöss,90,,1,5,6
033 Villnöss,91,,1,2,3
033 Villnöss,92,,1,2,3
033 Villnöss,93,,1,5,6
033 Villnöss,94,,1,4,5
033 Villnöss,95,,-,1,1
033 Villnöss,96,,-,1,1
033 Villnöss,97,,-,1,1
034 Gais,0,,17,14,31
034 Gais,1,,15,14,29
034 Gais,2,,19,12,31
034 Gais,3,,19,13,32
034 Gais,4,,16,15,31
034 Gais,5,,20,20,40
034 Gais,6,,29,15,44
034 Gais,7,,26,12,38
034 Gais,8,,13,18,31
034 Gais,9,,17,18,35
034 Gais,10,,22,14,36
034 Gais,11,,28,17,45
034 Gais,12,,15,24,39
034 Gais,13,,16,17,33
034 Gais,14,,21,23,44
034 Gais,15,,20,17,37
034 Gais,16,,22,18,40
034 Gais,17,,21,23,44
034 Gais,18,,27,19,46
034 Gais,19,,29,14,43
034 Gais,20,,10,19,29
034 Gais,21,,27,19,46
034 Gais,22,,24,26,50
034 Gais,23,,15,17,32
034 Gais,24,,19,27,46
034 Gais,25,,24,24,48
034 Gais,26,,13,17,30
034 Gais,27,,19,15,34
034 Gais,28,,20,18,38
034 Gais,29,,14,16,30
034 Gais,30,,14,19,33
034 Gais,31,,15,15,30
034 Gais,32,,29,22,51
034 Gais,33,,19,21,40
034 Gais,34,,23,18,41
034 Gais,35,,20,23,43
034 Gais,36,,24,28,52
034 Gais,37,,19,16,35
034 Gais,38,,21,23,44
034 Gais,39,,17,23,40
034 Gais,40,,23,22,45
034 Gais,41,,23,27,50
034 Gais,42,,34,30,64
034 Gais,43,,27,23,50
034 Gais,44,,32,40,72
034 Gais,45,,34,27,61
034 Gais,46,,27,23,50
034 Gais,47,,38,32,70
034 Gais,48,,27,21,48
034 Gais,49,,28,31,59
034 Gais,50,,28,24,52
034 Gais,51,,24,25,49
034 Gais,52,,29,30,59
034 Gais,53,,20,18,38
034 Gais,54,,28,21,49
034 Gais,55,,18,25,43
034 Gais,56,,18,12,30
034 Gais,57,,17,22,39
034 Gais,58,,24,18,42
034 Gais,59,,10,16,26
034 Gais,60,,23,20,43
034 Gais,61,,17,10,27
034 Gais,62,,16,13,29
034 Gais,63,,12,12,24
034 Gais,64,,14,18,32
034 Gais,65,,14,20,34
034 Gais,66,,19,23,42
034 Gais,67,,14,11,25
034 Gais,68,,21,13,34
034 Gais,69,,19,11,30
034 Gais,70,,17,15,32
034 Gais,71,,12,8,20
034 Gais,72,,13,14,27
034 Gais,73,,10,15,25
034 Gais,74,,10,13,23
034 Gais,75,,18,12,30
034 Gais,76,,15,12,27
034 Gais,77,,11,14,25
034 Gais,78,,14,13,27
034 Gais,79,,13,12,25
034 Gais,80,,7,11,18
034 Gais,81,,9,11,20
034 Gais,82,,4,5,9
034 Gais,83,,3,8,11
034 Gais,84,,3,5,8
034 Gais,85,,5,3,8
034 Gais,86,,4,7,11
034 Gais,87,,-,2,2
034 Gais,88,,2,5,7
034 Gais,89,,4,5,9
034 Gais,90,,3,2,5
034 Gais,91,,1,1,2
034 Gais,92,,1,2,3
034 Gais,93,,-,3,3
034 Gais,94,,-,1,1
034 Gais,98,,1,1,2
035 Gargazon,0,,9,5,14
035 Gargazon,1,,12,11,23
035 Gargazon,2,,10,6,16
035 Gargazon,3,,12,8,20
035 Gargazon,4,,8,11,19
035 Gargazon,5,,8,8,16
035 Gargazon,6,,7,12,19
035 Gargazon,7,,7,11,18
035 Gargazon,8,,13,7,20
035 Gargazon,9,,8,6,14
035 Gargazon,10,,10,13,23
035 Gargazon,11,,8,7,15
035 Gargazon,12,,8,7,15
035 Gargazon,13,,5,13,18
035 Gargazon,14,,6,12,18
035 Gargazon,15,,4,8,12
035 Gargazon,16,,11,6,17
035 Gargazon,17,,15,8,23
035 Gargazon,18,,13,9,22
035 Gargazon,19,,5,14,19
035 Gargazon,20,,9,6,15
035 Gargazon,21,,11,2,13
035 Gargazon,22,,3,9,12
035 Gargazon,23,,10,7,17
035 Gargazon,24,,14,10,24
035 Gargazon,25,,17,11,28
035 Gargazon,26,,6,12,18
035 Gargazon,27,,12,4,16
035 Gargazon,28,,11,7,18
035 Gargazon,29,,9,10,19
035 Gargazon,30,,7,11,18
035 Gargazon,31,,18,8,26
035 Gargazon,32,,7,11,18
035 Gargazon,33,,8,14,22
035 Gargazon,34,,9,6,15
035 Gargazon,35,,12,10,22
035 Gargazon,36,,11,11,22
035 Gargazon,37,,6,6,12
035 Gargazon,38,,7,20,27
035 Gargazon,39,,11,11,22
035 Gargazon,40,,4,13,17
035 Gargazon,41,,10,9,19
035 Gargazon,42,,14,15,29
035 Gargazon,43,,11,8,19
035 Gargazon,44,,16,20,36
035 Gargazon,45,,16,16,32
035 Gargazon,46,,17,12,29
035 Gargazon,47,,22,16,38
035 Gargazon,48,,18,21,39
035 Gargazon,49,,11,14,25
035 Gargazon,50,,13,15,28
035 Gargazon,51,,13,10,23
035 Gargazon,52,,18,17,35
035 Gargazon,53,,17,19,36
035 Gargazon,54,,18,14,32
035 Gargazon,55,,9,15,24
035 Gargazon,56,,11,12,23
035 Gargazon,57,,17,15,32
035 Gargazon,58,,6,12,18
035 Gargazon,59,,14,13,27
035 Gargazon,60,,12,7,19
035 Gargazon,61,,10,5,15
035 Gargazon,62,,9,10,19
035 Gargazon,63,,18,11,29
035 Gargazon,64,,4,9,13
035 Gargazon,65,,9,8,17
035 Gargazon,66,,8,8,16
035 Gargazon,67,,6,8,14
035 Gargazon,68,,7,8,15
035 Gargazon,69,,5,7,12
035 Gargazon,70,,11,14,25
035 Gargazon,71,,10,5,15
035 Gargazon,72,,1,4,5
035 Gargazon,73,,6,10,16
035 Gargazon,74,,3,8,11
035 Gargazon,75,,9,9,18
035 Gargazon,76,,4,16,20
035 Gargazon,77,,8,5,13
035 Gargazon,78,,8,7,15
035 Gargazon,79,,6,11,17
035 Gargazon,80,,3,2,5
035 Gargazon,81,,10,2,12
035 Gargazon,82,,5,6,11
035 Gargazon,83,,1,7,8
035 Gargazon,84,,3,2,5
035 Gargazon,85,,2,5,7
035 Gargazon,86,,2,3,5
035 Gargazon,87,,1,3,4
035 Gargazon,88,,-,1,1
035 Gargazon,89,,1,3,4
035 Gargazon,90,,2,-,2
035 Gargazon,91,,1,1,2
035 Gargazon,92,,-,1,1
035 Gargazon,93,,3,1,4
035 Gargazon,94,,-,2,2
035 Gargazon,95,,-,2,2
036 Glurns,0,,2,7,9
036 Glurns,1,,7,2,9
036 Glurns,2,,3,1,4
036 Glurns,3,,8,5,13
036 Glurns,4,,6,3,9
036 Glurns,5,,3,5,8
036 Glurns,6,,5,4,9
036 Glurns,7,,2,5,7
036 Glurns,8,,9,2,11
036 Glurns,9,,5,2,7
036 Glurns,10,,5,8,13
036 Glurns,11,,6,6,12
036 Glurns,12,,3,6,9
036 Glurns,13,,6,6,12
036 Glurns,14,,3,4,7
036 Glurns,15,,5,-,5
036 Glurns,16,,5,3,8
036 Glurns,17,,3,2,5
036 Glurns,18,,11,3,14
036 Glurns,19,,4,7,11
036 Glurns,20,,7,5,12
036 Glurns,21,,6,4,10
036 Glurns,22,,3,3,6
036 Glurns,23,,7,5,12
036 Glurns,24,,5,6,11
036 Glurns,25,,7,3,10
036 Glurns,26,,7,3,10
036 Glurns,27,,4,3,7
036 Glurns,28,,4,6,10
036 Glurns,29,,3,5,8
036 Glurns,30,,4,7,11
036 Glurns,31,,3,4,7
036 Glurns,32,,8,6,14
036 Glurns,33,,8,6,14
036 Glurns,34,,9,7,16
036 Glurns,35,,8,4,12
036 Glurns,36,,12,2,14
036 Glurns,37,,4,8,12
036 Glurns,38,,7,6,13
036 Glurns,39,,3,1,4
036 Glurns,40,,12,3,15
036 Glurns,41,,5,7,12
036 Glurns,42,,8,11,19
036 Glurns,43,,3,2,5
036 Glurns,44,,5,7,12
036 Glurns,45,,6,6,12
036 Glurns,46,,4,2,6
036 Glurns,47,,2,7,9
036 Glurns,48,,7,3,10
036 Glurns,49,,4,9,13
036 Glurns,50,,7,7,14
036 Glurns,51,,1,7,8
036 Glurns,52,,10,5,15
036 Glurns,53,,5,8,13
036 Glurns,54,,6,5,11
036 Glurns,55,,6,6,12
036 Glurns,56,,5,9,14
036 Glurns,57,,12,6,18
036 Glurns,58,,3,9,12
036 Glurns,59,,6,12,18
036 Glurns,60,,5,6,11
036 Glurns,61,,8,7,15
036 Glurns,62,,10,3,13
036 Glurns,63,,8,10,18
036 Glurns,64,,4,8,12
036 Glurns,65,,8,9,17
036 Glurns,66,,7,5,12
036 Glurns,67,,5,2,7
036 Glurns,68,,8,5,13
036 Glurns,69,,10,7,17
036 Glurns,70,,8,2,10
036 Glurns,71,,6,1,7
036 Glurns,72,,5,4,9
036 Glurns,73,,1,4,5
036 Glurns,74,,4,6,10
036 Glurns,75,,3,2,5
036 Glurns,76,,5,1,6
036 Glurns,77,,2,3,5
036 Glurns,78,,4,4,8
036 Glurns,79,,4,4,8
036 Glurns,80,,-,2,2
036 Glurns,81,,2,4,6
036 Glurns,82,,1,4,5
036 Glurns,83,,-,1,1
036 Glurns,84,,4,2,6
036 Glurns,85,,3,-,3
036 Glurns,86,,-,2,2
036 Glurns,87,,1,4,5
036 Glurns,88,,-,1,1
036 Glurns,89,,-,2,2
036 Glurns,91,,-,1,1
036 Glurns,92,,-,1,1
036 Glurns,95,,2,-,2
037 Latsch,0,,23,37,60
037 Latsch,1,,32,21,53
037 Latsch,2,,33,25,58
037 Latsch,3,,31,31,62
037 Latsch,4,,30,30,60
037 Latsch,5,,25,19,44
037 Latsch,6,,24,19,43
037 Latsch,7,,21,32,53
037 Latsch,8,,20,23,43
037 Latsch,9,,29,28,57
037 Latsch,10,,25,24,49
037 Latsch,11,,24,28,52
037 Latsch,12,,32,28,60
037 Latsch,13,,24,25,49
037 Latsch,14,,27,26,53
037 Latsch,15,,36,19,55
037 Latsch,16,,33,29,62
037 Latsch,17,,33,18,51
037 Latsch,18,,29,21,50
037 Latsch,19,,35,40,75
037 Latsch,20,,40,35,75
037 Latsch,21,,48,35,83
037 Latsch,22,,41,26,67
037 Latsch,23,,29,32,61
037 Latsch,24,,35,45,80
037 Latsch,25,,30,44,74
037 Latsch,26,,36,43,79
037 Latsch,27,,35,26,61
037 Latsch,28,,41,39,80
037 Latsch,29,,25,25,50
037 Latsch,30,,40,31,71
037 Latsch,31,,33,33,66
037 Latsch,32,,49,35,84
037 Latsch,33,,25,28,53
037 Latsch,34,,34,47,81
037 Latsch,35,,25,40,65
037 Latsch,36,,33,34,67
037 Latsch,37,,39,26,65
037 Latsch,38,,34,26,60
037 Latsch,39,,34,30,64
037 Latsch,40,,29,24,53
037 Latsch,41,,31,36,67
037 Latsch,42,,30,26,56
037 Latsch,43,,31,35,66
037 Latsch,44,,36,41,77
037 Latsch,45,,45,41,86
037 Latsch,46,,35,38,73
037 Latsch,47,,43,41,84
037 Latsch,48,,44,54,98
037 Latsch,49,,54,48,102
037 Latsch,50,,30,49,79
037 Latsch,51,,48,46,94
037 Latsch,52,,54,46,100
037 Latsch,53,,50,49,99
037 Latsch,54,,42,45,87
037 Latsch,55,,44,42,86
037 Latsch,56,,37,48,85
037 Latsch,57,,42,43,85
037 Latsch,58,,39,29,68
037 Latsch,59,,29,35,64
037 Latsch,60,,27,32,59
037 Latsch,61,,36,30,66
037 Latsch,62,,23,18,41
037 Latsch,63,,22,22,44
037 Latsch,64,,36,21,57
037 Latsch,65,,21,29,50
037 Latsch,66,,35,15,50
037 Latsch,67,,15,19,34
037 Latsch,68,,15,20,35
037 Latsch,69,,19,15,34
037 Latsch,70,,17,19,36
037 Latsch,71,,15,21,36
037 Latsch,72,,20,12,32
037 Latsch,73,,21,23,44
037 Latsch,74,,24,24,48
037 Latsch,75,,12,22,34
037 Latsch,76,,16,21,37
037 Latsch,77,,14,16,30
037 Latsch,78,,12,24,36
037 Latsch,79,,8,23,31
037 Latsch,80,,12,12,24
037 Latsch,81,,21,12,33
037 Latsch,82,,13,20,33
037 Latsch,83,,12,18,30
037 Latsch,84,,18,14,32
037 Latsch,85,,9,17,26
037 Latsch,86,,10,11,21
037 Latsch,87,,9,11,20
037 Latsch,88,,14,12,26
037 Latsch,89,,4,11,15
037 Latsch,90,,5,7,12
037 Latsch,91,,3,7,10
037 Latsch,92,,1,6,7
037 Latsch,93,,1,2,3
037 Latsch,94,,2,3,5
037 Latsch,95,,-,2,2
037 Latsch,96,,2,1,3
037 Latsch,107,,-,1,1
038 Algund,0,,27,31,58
038 Algund,1,,19,35,54
038 Algund,2,,24,27,51
038 Algund,3,,31,29,60
038 Algund,4,,23,33,56
038 Algund,5,,22,18,40
038 Algund,6,,28,19,47
038 Algund,7,,17,37,54
038 Algund,8,,20,20,40
038 Algund,9,,22,19,41
038 Algund,10,,29,22,51
038 Algund,11,,23,30,53
038 Algund,12,,27,25,52
038 Algund,13,,31,27,58
038 Algund,14,,23,25,48
038 Algund,15,,36,26,62
038 Algund,16,,22,31,53
038 Algund,17,,44,26,70
038 Algund,18,,25,24,49
038 Algund,19,,32,22,54
038 Algund,20,,21,23,44
038 Algund,21,,33,25,58
038 Algund,22,,31,21,52
038 Algund,23,,28,22,50
038 Algund,24,,35,22,57
038 Algund,25,,32,28,60
038 Algund,26,,27,22,49
038 Algund,27,,22,27,49
038 Algund,28,,20,34,54
038 Algund,29,,33,29,62
038 Algund,30,,30,28,58
038 Algund,31,,28,24,52
038 Algund,32,,27,36,63
038 Algund,33,,22,33,55
038 Algund,34,,30,30,60
038 Algund,35,,36,33,69
038 Algund,36,,33,36,69
038 Algund,37,,28,36,64
038 Algund,38,,33,34,67
038 Algund,39,,38,38,76
038 Algund,40,,32,34,66
038 Algund,41,,35,44,79
038 Algund,42,,34,36,70
038 Algund,43,,31,40,71
038 Algund,44,,49,42,91
038 Algund,45,,40,45,85
038 Algund,46,,45,46,91
038 Algund,47,,43,53,96
038 Algund,48,,47,35,82
038 Algund,49,,35,48,83
038 Algund,50,,43,46,89
038 Algund,51,,43,51,94
038 Algund,52,,47,25,72
038 Algund,53,,42,40,82
038 Algund,54,,32,44,76
038 Algund,55,,29,50,79
038 Algund,56,,38,41,79
038 Algund,57,,37,38,75
038 Algund,58,,42,29,71
038 Algund,59,,26,34,60
038 Algund,60,,36,32,68
038 Algund,61,,21,28,49
038 Algund,62,,35,27,62
038 Algund,63,,21,30,51
038 Algund,64,,25,27,52
038 Algund,65,,27,28,55
038 Algund,66,,21,25,46
038 Algund,67,,20,27,47
038 Algund,68,,24,22,46
038 Algund,69,,16,19,35
038 Algund,70,,30,29,59
038 Algund,71,,24,24,48
038 Algund,72,,22,27,49
038 Algund,73,,20,18,38
038 Algund,74,,15,31,46
038 Algund,75,,15,18,33
038 Algund,76,,17,20,37
038 Algund,77,,18,26,44
038 Algund,78,,17,18,35
038 Algund,79,,16,14,30
038 Algund,80,,12,24,36
038 Algund,81,,9,17,26
038 Algund,82,,20,24,44
038 Algund,83,,13,16,29
038 Algund,84,,8,18,26
038 Algund,85,,8,18,26
038 Algund,86,,6,17,23
038 Algund,87,,5,13,18
038 Algund,88,,5,13,18
038 Algund,89,,6,9,15
038 Algund,90,,5,5,10
038 Algund,91,,4,11,15
038 Algund,92,,-,3,3
038 Algund,93,,-,3,3
038 Algund,94,,-,5,5
038 Algund,95,,-,3,3
038 Algund,96,,3,2,5
038 Algund,97,,-,4,4
038 Algund,98,,-,1,1
038 Algund,104,,-,1,1
039 Lajen,0,,15,17,32
039 Lajen,1,,13,14,27
039 Lajen,2,,13,23,36
039 Lajen,3,,20,19,39
039 Lajen,4,,16,14,30
039 Lajen,5,,16,12,28
039 Lajen,6,,16,19,35
039 Lajen,7,,19,6,25
039 Lajen,8,,16,15,31
039 Lajen,9,,18,22,40
039 Lajen,10,,12,20,32
039 Lajen,11,,19,15,34
039 Lajen,12,,16,23,39
039 Lajen,13,,20,22,42
039 Lajen,14,,20,9,29
039 Lajen,15,,21,20,41
039 Lajen,16,,27,14,41
039 Lajen,17,,18,16,34
039 Lajen,18,,18,18,36
039 Lajen,19,,14,23,37
039 Lajen,20,,17,11,28
039 Lajen,21,,10,14,24
039 Lajen,22,,15,12,27
039 Lajen,23,,10,16,26
039 Lajen,24,,14,9,23
039 Lajen,25,,20,18,38
039 Lajen,26,,9,10,19
039 Lajen,27,,16,9,25
039 Lajen,28,,10,14,24
039 Lajen,29,,15,10,25
039 Lajen,30,,18,15,33
039 Lajen,31,,18,14,32
039 Lajen,32,,15,12,27
039 Lajen,33,,9,23,32
039 Lajen,34,,12,18,30
039 Lajen,35,,10,20,30
039 Lajen,36,,17,13,30
039 Lajen,37,,24,20,44
039 Lajen,38,,21,23,44
039 Lajen,39,,19,14,33
039 Lajen,40,,26,18,44
039 Lajen,41,,20,26,46
039 Lajen,42,,29,17,46
039 Lajen,43,,24,20,44
039 Lajen,44,,20,27,47
039 Lajen,45,,20,24,44
039 Lajen,46,,17,30,47
039 Lajen,47,,32,25,57
039 Lajen,48,,22,24,46
039 Lajen,49,,22,23,45
039 Lajen,50,,22,16,38
039 Lajen,51,,28,19,47
039 Lajen,52,,22,21,43
039 Lajen,53,,17,12,29
039 Lajen,54,,30,19,49
039 Lajen,55,,9,19,28
039 Lajen,56,,15,10,25
039 Lajen,57,,17,25,42
039 Lajen,58,,20,13,33
039 Lajen,59,,12,10,22
039 Lajen,60,,12,13,25
039 Lajen,61,,12,14,26
039 Lajen,62,,8,15,23
039 Lajen,63,,10,6,16
039 Lajen,64,,8,11,19
039 Lajen,65,,9,13,22
039 Lajen,66,,11,12,23
039 Lajen,67,,4,14,18
039 Lajen,68,,7,15,22
039 Lajen,69,,15,7,22
039 Lajen,70,,13,14,27
039 Lajen,71,,9,11,20
039 Lajen,72,,14,9,23
039 Lajen,73,,11,12,23
039 Lajen,74,,12,12,24
039 Lajen,75,,14,14,28
039 Lajen,76,,14,8,22
039 Lajen,77,,8,8,16
039 Lajen,78,,6,15,21
039 Lajen,79,,7,11,18
039 Lajen,80,,4,8,12
039 Lajen,81,,4,6,10
039 Lajen,82,,3,5,8
039 Lajen,83,,5,10,15
039 Lajen,84,,4,3,7
039 Lajen,85,,-,5,5
039 Lajen,86,,6,4,10
039 Lajen,87,,1,6,7
039 Lajen,88,,3,5,8
039 Lajen,89,,5,7,12
039 Lajen,90,,1,3,4
039 Lajen,91,,1,2,3
039 Lajen,92,,-,3,3
039 Lajen,93,,-,1,1
039 Lajen,94,,2,3,5
039 Lajen,95,,-,2,2
040 Leifers,0,,88,80,168
040 Leifers,1,,96,75,171
040 Leifers,2,,78,84,162
040 Leifers,3,,86,80,166
040 Leifers,4,,114,93,207
040 Leifers,5,,112,90,202
040 Leifers,6,,100,103,203
040 Leifers,7,,97,84,181
040 Leifers,8,,99,101,200
040 Leifers,9,,98,87,185
040 Leifers,10,,92,84,176
040 Leifers,11,,97,68,165
040 Leifers,12,,86,79,165
040 Leifers,13,,98,87,185
040 Leifers,14,,91,91,182
040 Leifers,15,,95,80,175
040 Leifers,16,,91,92,183
040 Leifers,17,,94,90,184
040 Leifers,18,,81,107,188
040 Leifers,19,,106,73,179
040 Leifers,20,,109,96,205
040 Leifers,21,,102,92,194
040 Leifers,22,,105,103,208
040 Leifers,23,,94,83,177
040 Leifers,24,,99,101,200
040 Leifers,25,,103,102,205
040 Leifers,26,,104,109,213
040 Leifers,27,,94,114,208
040 Leifers,28,,99,109,208
040 Leifers,29,,98,89,187
040 Leifers,30,,115,98,213
040 Leifers,31,,104,92,196
040 Leifers,32,,120,92,212
040 Leifers,33,,143,112,255
040 Leifers,34,,114,98,212
040 Leifers,35,,103,107,210
040 Leifers,36,,105,105,210
040 Leifers,37,,107,120,227
040 Leifers,38,,113,106,219
040 Leifers,39,,106,130,236
040 Leifers,40,,128,123,251
040 Leifers,41,,142,143,285
040 Leifers,42,,154,159,313
040 Leifers,43,,155,148,303
040 Leifers,44,,155,143,298
040 Leifers,45,,133,137,270
040 Leifers,46,,167,140,307
040 Leifers,47,,172,137,309
040 Leifers,48,,146,170,316
040 Leifers,49,,144,126,270
040 Leifers,50,,141,146,287
040 Leifers,51,,148,132,280
040 Leifers,52,,154,163,317
040 Leifers,53,,146,134,280
040 Leifers,54,,138,127,265
040 Leifers,55,,139,140,279
040 Leifers,56,,130,126,256
040 Leifers,57,,114,110,224
040 Leifers,58,,96,109,205
040 Leifers,59,,100,122,222
040 Leifers,60,,142,125,267
040 Leifers,61,,102,126,228
040 Leifers,62,,81,103,184
040 Leifers,63,,93,113,206
040 Leifers,64,,104,96,200
040 Leifers,65,,89,88,177
040 Leifers,66,,92,92,184
040 Leifers,67,,78,93,171
040 Leifers,68,,99,103,202
040 Leifers,69,,86,95,181
040 Leifers,70,,98,143,241
040 Leifers,71,,70,79,149
040 Leifers,72,,80,92,172
040 Leifers,73,,78,87,165
040 Leifers,74,,75,88,163
040 Leifers,75,,76,76,152
040 Leifers,76,,82,79,161
040 Leifers,77,,71,84,155
040 Leifers,78,,66,66,132
040 Leifers,79,,42,63,105
040 Leifers,80,,33,59,92
040 Leifers,81,,37,58,95
040 Leifers,82,,41,53,94
040 Leifers,83,,29,48,77
040 Leifers,84,,40,59,99
040 Leifers,85,,27,47,74
040 Leifers,86,,23,42,65
040 Leifers,87,,23,33,56
040 Leifers,88,,18,21,39
040 Leifers,89,,11,27,38
040 Leifers,90,,3,23,26
040 Leifers,91,,7,18,25
040 Leifers,92,,3,21,24
040 Leifers,93,,3,15,18
040 Leifers,94,,5,12,17
040 Leifers,95,,3,7,10
040 Leifers,96,,2,1,3
040 Leifers,97,,-,4,4
040 Leifers,98,,-,2,2
040 Leifers,99,,-,1,1
040 Leifers,100,,-,1,1
040 Leifers,101,,-,2,2
041 Lana,0,,72,74,146
041 Lana,1,,77,71,148
041 Lana,2,,65,75,140
041 Lana,3,,58,74,132
041 Lana,4,,69,62,131
041 Lana,5,,68,65,133
041 Lana,6,,62,65,127
041 Lana,7,,63,50,113
041 Lana,8,,66,66,132
041 Lana,9,,71,57,128
041 Lana,10,,72,61,133
041 Lana,11,,69,68,137
041 Lana,12,,75,54,129
041 Lana,13,,63,63,126
041 Lana,14,,59,55,114
041 Lana,15,,73,56,129
041 Lana,16,,73,70,143
041 Lana,17,,71,64,135
041 Lana,18,,63,66,129
041 Lana,19,,62,70,132
041 Lana,20,,76,81,157
041 Lana,21,,70,69,139
041 Lana,22,,70,82,152
041 Lana,23,,64,62,126
041 Lana,24,,64,64,128
041 Lana,25,,72,72,144
041 Lana,26,,58,75,133
041 Lana,27,,54,84,138
041 Lana,28,,74,70,144
041 Lana,29,,79,71,150
041 Lana,30,,74,67,141
041 Lana,31,,57,80,137
041 Lana,32,,72,75,147
041 Lana,33,,90,86,176
041 Lana,34,,89,91,180
041 Lana,35,,63,89,152
041 Lana,36,,73,77,150
041 Lana,37,,83,98,181
041 Lana,38,,95,85,180
041 Lana,39,,73,68,141
041 Lana,40,,88,96,184
041 Lana,41,,76,92,168
041 Lana,42,,94,90,184
041 Lana,43,,83,95,178
041 Lana,44,,111,92,203
041 Lana,45,,96,109,205
041 Lana,46,,102,103,205
041 Lana,47,,126,86,212
041 Lana,48,,83,101,184
041 Lana,49,,93,94,187
041 Lana,50,,101,109,210
041 Lana,51,,98,96,194
041 Lana,52,,105,115,220
041 Lana,53,,104,79,183
041 Lana,54,,88,80,168
041 Lana,55,,89,93,182
041 Lana,56,,76,83,159
041 Lana,57,,84,79,163
041 Lana,58,,74,90,164
041 Lana,59,,72,81,153
041 Lana,60,,56,64,120
041 Lana,61,,62,75,137
041 Lana,62,,55,64,119
041 Lana,63,,57,58,115
041 Lana,64,,47,58,105
041 Lana,65,,49,67,116
041 Lana,66,,50,56,106
041 Lana,67,,51,57,108
041 Lana,68,,48,64,112
041 Lana,69,,53,48,101
041 Lana,70,,58,64,122
041 Lana,71,,40,53,93
041 Lana,72,,41,63,104
041 Lana,73,,51,55,106
041 Lana,74,,50,68,118
041 Lana,75,,48,43,91
041 Lana,76,,39,48,87
041 Lana,77,,45,52,97
041 Lana,78,,35,53,88
041 Lana,79,,31,30,61
041 Lana,80,,33,43,76
041 Lana,81,,22,30,52
041 Lana,82,,29,41,70
041 Lana,83,,19,40,59
041 Lana,84,,16,28,44
041 Lana,85,,13,28,41
041 Lana,86,,14,27,41
041 Lana,87,,11,26,37
041 Lana,88,,13,19,32
041 Lana,89,,12,19,31
041 Lana,90,,7,15,22
041 Lana,91,,9,21,30
041 Lana,92,,4,9,13
041 Lana,93,,4,12,16
041 Lana,94,,3,11,14
041 Lana,95,,4,8,12
041 Lana,96,,1,3,4
041 Lana,97,,1,1,2
041 Lana,98,,-,1,1
041 Lana,99,,1,1,2
041 Lana,101,,-,1,1
041 Lana,102,,-,1,1
041 Lana,103,,-,1,1
042 Laas,0,,25,15,40
042 Laas,1,,18,17,35
042 Laas,2,,23,22,45
042 Laas,3,,26,30,56
042 Laas,4,,21,25,46
042 Laas,5,,21,27,48
042 Laas,6,,36,26,62
042 Laas,7,,22,26,48
042 Laas,8,,23,26,49
042 Laas,9,,29,18,47
042 Laas,10,,18,30,48
042 Laas,11,,35,15,50
042 Laas,12,,25,19,44
042 Laas,13,,23,20,43
042 Laas,14,,30,16,46
042 Laas,15,,19,20,39
042 Laas,16,,26,24,50
042 Laas,17,,18,15,33
042 Laas,18,,29,32,61
042 Laas,19,,27,24,51
042 Laas,20,,31,31,62
042 Laas,21,,31,27,58
042 Laas,22,,26,27,53
042 Laas,23,,25,17,42
042 Laas,24,,16,20,36
042 Laas,25,,20,19,39
042 Laas,26,,19,22,41
042 Laas,27,,24,17,41
042 Laas,28,,18,19,37
042 Laas,29,,25,20,45
042 Laas,30,,29,22,51
042 Laas,31,,24,23,47
042 Laas,32,,20,33,53
042 Laas,33,,16,39,55
042 Laas,34,,28,28,56
042 Laas,35,,26,31,57
042 Laas,36,,21,25,46
042 Laas,37,,34,28,62
042 Laas,38,,23,36,59
042 Laas,39,,24,21,45
042 Laas,40,,27,27,54
042 Laas,41,,32,18,50
042 Laas,42,,43,30,73
042 Laas,43,,37,29,66
042 Laas,44,,27,24,51
042 Laas,45,,25,25,50
042 Laas,46,,38,27,65
042 Laas,47,,29,36,65
042 Laas,48,,37,31,68
042 Laas,49,,28,26,54
042 Laas,50,,31,26,57
042 Laas,51,,36,34,70
042 Laas,52,,28,28,56
042 Laas,53,,28,27,55
042 Laas,54,,35,29,64
042 Laas,55,,25,29,54
042 Laas,56,,39,27,66
042 Laas,57,,30,28,58
042 Laas,58,,26,23,49
042 Laas,59,,16,25,41
042 Laas,60,,21,15,36
042 Laas,61,,16,15,31
042 Laas,62,,16,23,39
042 Laas,63,,19,12,31
042 Laas,64,,28,25,53
042 Laas,65,,12,15,27
042 Laas,66,,19,23,42
042 Laas,67,,19,18,37
042 Laas,68,,16,20,36
042 Laas,69,,23,11,34
042 Laas,70,,13,14,27
042 Laas,71,,13,12,25
042 Laas,72,,10,14,24
042 Laas,73,,10,15,25
042 Laas,74,,17,17,34
042 Laas,75,,12,22,34
042 Laas,76,,17,21,38
042 Laas,77,,12,23,35
042 Laas,78,,15,11,26
042 Laas,79,,8,14,22
042 Laas,80,,16,11,27
042 Laas,81,,17,19,36
042 Laas,82,,6,15,21
042 Laas,83,,13,13,26
042 Laas,84,,9,10,19
042 Laas,85,,9,19,28
042 Laas,86,,7,9,16
042 Laas,87,,8,6,14
042 Laas,88,,7,6,13
042 Laas,89,,2,5,7
042 Laas,90,,8,4,12
042 Laas,91,,-,3,3
042 Laas,92,,-,8,8
042 Laas,93,,2,3,5
042 Laas,94,,1,5,6
042 Laas,95,,-,1,1
042 Laas,96,,2,2,4
043 Laurein,0,,1,-,1
043 Laurein,1,,2,1,3
043 Laurein,2,,2,1,3
043 Laurein,3,,2,1,3
043 Laurein,4,,-,1,1
043 Laurein,5,,3,-,3
043 Laurein,6,,2,1,3
043 Laurein,7,,2,3,5
043 Laurein,8,,2,1,3
043 Laurein,9,,1,-,1
043 Laurein,10,,8,-,8
043 Laurein,11,,3,4,7
043 Laurein,12,,3,1,4
043 Laurein,13,,3,3,6
043 Laurein,14,,2,3,5
043 Laurein,15,,7,1,8
043 Laurein,16,,3,7,10
043 Laurein,17,,2,2,4
043 Laurein,18,,4,3,7
043 Laurein,19,,3,6,9
043 Laurein,20,,1,2,3
043 Laurein,21,,2,2,4
043 Laurein,22,,2,3,5
043 Laurein,23,,1,6,7
043 Laurein,24,,1,1,2
043 Laurein,25,,1,1,2
043 Laurein,26,,4,-,4
043 Laurein,27,,3,3,6
043 Laurein,28,,1,1,2
043 Laurein,29,,1,1,2
043 Laurein,30,,4,1,5
043 Laurein,31,,1,2,3
043 Laurein,32,,1,2,3
043 Laurein,33,,-,1,1
043 Laurein,34,,1,1,2
043 Laurein,35,,3,-,3
043 Laurein,36,,2,-,2
043 Laurein,37,,2,-,2
043 Laurein,38,,3,3,6
043 Laurein,39,,1,2,3
043 Laurein,40,,5,1,6
043 Laurein,41,,-,4,4
043 Laurein,42,,-,1,1
043 Laurein,43,,5,3,8
043 Laurein,44,,1,2,3
043 Laurein,45,,4,5,9
043 Laurein,46,,4,3,7
043 Laurein,47,,5,4,9
043 Laurein,48,,-,2,2
043 Laurein,49,,4,6,10
043 Laurein,50,,6,3,9
043 Laurein,51,,4,1,5
043 Laurein,52,,4,3,7
043 Laurein,53,,-,2,2
043 Laurein,54,,2,2,4
043 Laurein,55,,5,4,9
043 Laurein,56,,1,-,1
043 Laurein,57,,4,4,8
043 Laurein,58,,2,2,4
043 Laurein,59,,6,-,6
043 Laurein,61,,2,-,2
043 Laurein,62,,3,1,4
043 Laurein,63,,2,1,3
043 Laurein,64,,2,-,2
043 Laurein,66,,1,1,2
043 Laurein,67,,2,2,4
043 Laurein,68,,2,-,2
043 Laurein,69,,2,2,4
043 Laurein,70,,-,1,1
043 Laurein,71,,-,1,1
043 Laurein,72,,-,1,1
043 Laurein,73,,1,-,1
043 Laurein,74,,1,-,1
043 Laurein,76,,2,2,4
043 Laurein,77,,1,1,2
043 Laurein,78,,1,1,2
043 Laurein,79,,2,1,3
043 Laurein,80,,1,2,3
043 Laurein,81,,-,3,3
043 Laurein,82,,1,4,5
043 Laurein,84,,-,2,2
043 Laurein,85,,-,1,1
043 Laurein,86,,-,4,4
043 Laurein,87,,1,-,1
043 Laurein,88,,2,-,2
043 Laurein,89,,2,1,3
043 Laurein,91,,-,1,1
043 Laurein,92,,-,1,1
043 Laurein,96,,1,-,1
044 Lüsen,0,,11,8,19
044 Lüsen,1,,6,6,12
044 Lüsen,2,,12,14,26
044 Lüsen,3,,1,11,12
044 Lüsen,4,,9,7,16
044 Lüsen,5,,11,6,17
044 Lüsen,6,,13,8,21
044 Lüsen,7,,11,8,19
044 Lüsen,8,,8,9,17
044 Lüsen,9,,11,10,21
044 Lüsen,10,,10,15,25
044 Lüsen,11,,9,9,18
044 Lüsen,12,,9,10,19
044 Lüsen,13,,14,8,22
044 Lüsen,14,,9,8,17
044 Lüsen,15,,10,10,20
044 Lüsen,16,,12,10,22
044 Lüsen,17,,5,9,14
044 Lüsen,18,,11,11,22
044 Lüsen,19,,16,6,22
044 Lüsen,20,,7,11,18
044 Lüsen,21,,10,14,24
044 Lüsen,22,,13,14,27
044 Lüsen,23,,8,8,16
044 Lüsen,24,,10,8,18
044 Lüsen,25,,9,8,17
044 Lüsen,26,,8,10,18
044 Lüsen,27,,14,11,25
044 Lüsen,28,,10,8,18
044 Lüsen,29,,6,6,12
044 Lüsen,30,,10,7,17
044 Lüsen,31,,7,3,10
044 Lüsen,32,,8,17,25
044 Lüsen,33,,6,9,15
044 Lüsen,34,,8,8,16
044 Lüsen,35,,11,10,21
044 Lüsen,36,,12,9,21
044 Lüsen,37,,9,7,16
044 Lüsen,38,,16,14,30
044 Lüsen,39,,7,13,20
044 Lüsen,40,,14,10,24
044 Lüsen,41,,11,12,23
044 Lüsen,42,,13,13,26
044 Lüsen,43,,8,7,15
044 Lüsen,44,,9,9,18
044 Lüsen,45,,14,9,23
044 Lüsen,46,,18,13,31
044 Lüsen,47,,10,11,21
044 Lüsen,48,,13,16,29
044 Lüsen,49,,11,18,29
044 Lüsen,50,,15,11,26
044 Lüsen,51,,14,10,24
044 Lüsen,52,,12,8,20
044 Lüsen,53,,13,11,24
044 Lüsen,54,,7,11,18
044 Lüsen,55,,12,10,22
044 Lüsen,56,,8,12,20
044 Lüsen,57,,11,6,17
044 Lüsen,58,,11,12,23
044 Lüsen,59,,10,9,19
044 Lüsen,60,,7,8,15
044 Lüsen,61,,6,7,13
044 Lüsen,62,,10,7,17
044 Lüsen,63,,7,10,17
044 Lüsen,64,,8,4,12
044 Lüsen,65,,5,5,10
044 Lüsen,66,,4,8,12
044 Lüsen,67,,7,10,17
044 Lüsen,68,,6,1,7
044 Lüsen,69,,5,5,10
044 Lüsen,70,,9,6,15
044 Lüsen,71,,3,8,11
044 Lüsen,72,,4,2,6
044 Lüsen,73,,7,7,14
044 Lüsen,74,,2,6,8
044 Lüsen,75,,5,2,7
044 Lüsen,76,,3,9,12
044 Lüsen,77,,8,7,15
044 Lüsen,78,,6,4,10
044 Lüsen,79,,5,4,9
044 Lüsen,80,,3,8,11
044 Lüsen,81,,2,4,6
044 Lüsen,82,,3,3,6
044 Lüsen,83,,6,1,7
044 Lüsen,84,,2,7,9
044 Lüsen,85,,4,2,6
044 Lüsen,86,,-,4,4
044 Lüsen,87,,1,3,4
044 Lüsen,88,,1,3,4
044 Lüsen,89,,2,2,4
044 Lüsen,90,,2,1,3
044 Lüsen,91,,1,-,1
044 Lüsen,92,,1,-,1
044 Lüsen,93,,1,3,4
044 Lüsen,94,,1,-,1
044 Lüsen,95,,-,1,1
044 Lüsen,103,,-,1,1
045 Margreid a.d. Weinstr.,0,,7,3,10
045 Margreid a.d. Weinstr.,1,,7,5,12
045 Margreid a.d. Weinstr.,2,,8,12,20
045 Margreid a.d. Weinstr.,3,,7,7,14
045 Margreid a.d. Weinstr.,4,,6,7,13
045 Margreid a.d. Weinstr.,5,,2,8,10
045 Margreid a.d. Weinstr.,6,,3,8,11
045 Margreid a.d. Weinstr.,7,,5,6,11
045 Margreid a.d. Weinstr.,8,,10,9,19
045 Margreid a.d. Weinstr.,9,,7,5,12
045 Margreid a.d. Weinstr.,10,,9,4,13
045 Margreid a.d. Weinstr.,11,,8,10,18
045 Margreid a.d. Weinstr.,12,,9,10,19
045 Margreid a.d. Weinstr.,13,,8,3,11
045 Margreid a.d. Weinstr.,14,,10,9,19
045 Margreid a.d. Weinstr.,15,,10,10,20
045 Margreid a.d. Weinstr.,16,,8,6,14
045 Margreid a.d. Weinstr.,17,,6,11,17
045 Margreid a.d. Weinstr.,18,,2,11,13
045 Margreid a.d. Weinstr.,19,,11,13,24
045 Margreid a.d. Weinstr.,20,,5,2,7
045 Margreid a.d. Weinstr.,21,,3,6,9
045 Margreid a.d. Weinstr.,22,,7,7,14
045 Margreid a.d. Weinstr.,23,,4,14,18
045 Margreid a.d. Weinstr.,24,,2,3,5
045 Margreid a.d. Weinstr.,25,,6,6,12
045 Margreid a.d. Weinstr.,26,,6,7,13
045 Margreid a.d. Weinstr.,27,,6,7,13
045 Margreid a.d. Weinstr.,28,,9,8,17
045 Margreid a.d. Weinstr.,29,,9,11,20
045 Margreid a.d. Weinstr.,30,,6,9,15
045 Margreid a.d. Weinstr.,31,,13,2,15
045 Margreid a.d. Weinstr.,32,,6,11,17
045 Margreid a.d. Weinstr.,33,,7,10,17
045 Margreid a.d. Weinstr.,34,,12,9,21
045 Margreid a.d. Weinstr.,35,,13,8,21
045 Margreid a.d. Weinstr.,36,,6,9,15
045 Margreid a.d. Weinstr.,37,,10,1,11
045 Margreid a.d. Weinstr.,38,,8,7,15
045 Margreid a.d. Weinstr.,39,,7,9,16
045 Margreid a.d. Weinstr.,40,,10,20,30
045 Margreid a.d. Weinstr.,41,,9,7,16
045 Margreid a.d. Weinstr.,42,,9,6,15
045 Margreid a.d. Weinstr.,43,,9,11,20
045 Margreid a.d. Weinstr.,44,,7,6,13
045 Margreid a.d. Weinstr.,45,,10,9,19
045 Margreid a.d. Weinstr.,46,,10,12,22
045 Margreid a.d. Weinstr.,47,,8,10,18
045 Margreid a.d. Weinstr.,48,,20,17,37
045 Margreid a.d. Weinstr.,49,,13,18,31
045 Margreid a.d. Weinstr.,50,,17,8,25
045 Margreid a.d. Weinstr.,51,,11,3,14
045 Margreid a.d. Weinstr.,52,,7,3,10
045 Margreid a.d. Weinstr.,53,,9,10,19
045 Margreid a.d. Weinstr.,54,,7,15,22
045 Margreid a.d. Weinstr.,55,,14,14,28
045 Margreid a.d. Weinstr.,56,,13,10,23
045 Margreid a.d. Weinstr.,57,,8,11,19
045 Margreid a.d. Weinstr.,58,,8,6,14
045 Margreid a.d. Weinstr.,59,,9,7,16
045 Margreid a.d. Weinstr.,60,,14,6,20
045 Margreid a.d. Weinstr.,61,,8,8,16
045 Margreid a.d. Weinstr.,62,,4,5,9
045 Margreid a.d. Weinstr.,63,,7,9,16
045 Margreid a.d. Weinstr.,64,,6,7,13
045 Margreid a.d. Weinstr.,65,,4,7,11
045 Margreid a.d. Weinstr.,66,,7,6,13
045 Margreid a.d. Weinstr.,67,,8,3,11
045 Margreid a.d. Weinstr.,68,,5,9,14
045 Margreid a.d. Weinstr.,69,,5,6,11
045 Margreid a.d. Weinstr.,70,,2,3,5
045 Margreid a.d. Weinstr.,71,,6,8,14
045 Margreid a.d. Weinstr.,72,,3,5,8
045 Margreid a.d. Weinstr.,73,,6,3,9
045 Margreid a.d. Weinstr.,74,,6,5,11
045 Margreid a.d. Weinstr.,75,,7,5,12
045 Margreid a.d. Weinstr.,76,,6,4,10
045 Margreid a.d. Weinstr.,77,,3,6,9
045 Margreid a.d. Weinstr.,78,,3,9,12
045 Margreid a.d. Weinstr.,79,,4,3,7
045 Margreid a.d. Weinstr.,80,,3,4,7
045 Margreid a.d. Weinstr.,81,,2,5,7
045 Margreid a.d. Weinstr.,82,,2,4,6
045 Margreid a.d. Weinstr.,83,,2,3,5
045 Margreid a.d. Weinstr.,84,,3,3,6
045 Margreid a.d. Weinstr.,85,,-,4,4
045 Margreid a.d. Weinstr.,86,,2,1,3
045 Margreid a.d. Weinstr.,87,,-,1,1
045 Margreid a.d. Weinstr.,88,,1,1,2
045 Margreid a.d. Weinstr.,89,,-,3,3
045 Margreid a.d. Weinstr.,90,,-,5,5
045 Margreid a.d. Weinstr.,91,,-,1,1
045 Margreid a.d. Weinstr.,92,,1,3,4
045 Margreid a.d. Weinstr.,93,,-,2,2
045 Margreid a.d. Weinstr.,95,,-,1,1
045 Margreid a.d. Weinstr.,97,,-,2,2
046 Mals,0,,42,27,69
046 Mals,1,,28,21,49
046 Mals,2,,33,28,61
046 Mals,3,,29,28,57
046 Mals,4,,28,24,52
046 Mals,5,,35,21,56
046 Mals,6,,33,27,60
046 Mals,7,,32,18,50
046 Mals,8,,26,24,50
046 Mals,9,,23,35,58
046 Mals,10,,36,33,69
046 Mals,11,,24,29,53
046 Mals,12,,29,24,53
046 Mals,13,,30,21,51
046 Mals,14,,22,27,49
046 Mals,15,,32,29,61
046 Mals,16,,30,36,66
046 Mals,17,,42,30,72
046 Mals,18,,36,32,68
046 Mals,19,,33,34,67
046 Mals,20,,39,31,70
046 Mals,21,,41,42,83
046 Mals,22,,37,35,72
046 Mals,23,,34,36,70
046 Mals,24,,33,37,70
046 Mals,25,,39,34,73
046 Mals,26,,39,35,74
046 Mals,27,,45,34,79
046 Mals,28,,41,30,71
046 Mals,29,,30,30,60
046 Mals,30,,28,35,63
046 Mals,31,,36,32,68
046 Mals,32,,38,31,69
046 Mals,33,,32,33,65
046 Mals,34,,33,32,65
046 Mals,35,,34,38,72
046 Mals,36,,39,30,69
046 Mals,37,,27,32,59
046 Mals,38,,44,32,76
046 Mals,39,,33,25,58
046 Mals,40,,24,29,53
046 Mals,41,,38,32,70
046 Mals,42,,48,27,75
046 Mals,43,,31,36,67
046 Mals,44,,28,46,74
046 Mals,45,,34,47,81
046 Mals,46,,43,45,88
046 Mals,47,,47,43,90
046 Mals,48,,56,39,95
046 Mals,49,,47,34,81
046 Mals,50,,50,52,102
046 Mals,51,,51,39,90
046 Mals,52,,44,42,86
046 Mals,53,,47,53,100
046 Mals,54,,37,30,67
046 Mals,55,,52,36,88
046 Mals,56,,34,39,73
046 Mals,57,,35,33,68
046 Mals,58,,30,23,53
046 Mals,59,,35,34,69
046 Mals,60,,32,26,58
046 Mals,61,,28,24,52
046 Mals,62,,19,20,39
046 Mals,63,,31,30,61
046 Mals,64,,26,22,48
046 Mals,65,,28,20,48
046 Mals,66,,33,23,56
046 Mals,67,,21,25,46
046 Mals,68,,24,14,38
046 Mals,69,,19,20,39
046 Mals,70,,17,27,44
046 Mals,71,,9,18,27
046 Mals,72,,27,14,41
046 Mals,73,,23,19,42
046 Mals,74,,16,22,38
046 Mals,75,,13,13,26
046 Mals,76,,15,25,40
046 Mals,77,,21,25,46
046 Mals,78,,13,19,32
046 Mals,79,,10,24,34
046 Mals,80,,14,14,28
046 Mals,81,,9,16,25
046 Mals,82,,7,11,18
046 Mals,83,,9,16,25
046 Mals,84,,13,8,21
046 Mals,85,,6,11,17
046 Mals,86,,14,12,26
046 Mals,87,,6,8,14
046 Mals,88,,4,9,13
046 Mals,89,,4,4,8
046 Mals,90,,2,9,11
046 Mals,91,,2,7,9
046 Mals,92,,1,7,8
046 Mals,93,,-,3,3
046 Mals,94,,3,4,7
046 Mals,95,,-,3,3
046 Mals,96,,-,1,1
046 Mals,97,,-,1,1
046 Mals,98,,1,-,1
046 Mals,99,,1,1,2
047 Enneberg,0,,23,21,44
047 Enneberg,1,,22,23,45
047 Enneberg,2,,17,23,40
047 Enneberg,3,,14,18,32
047 Enneberg,4,,19,16,35
047 Enneberg,5,,23,18,41
047 Enneberg,6,,19,11,30
047 Enneberg,7,,14,13,27
047 Enneberg,8,,16,20,36
047 Enneberg,9,,15,15,30
047 Enneberg,10,,23,20,43
047 Enneberg,11,,19,16,35
047 Enneberg,12,,13,18,31
047 Enneberg,13,,21,27,48
047 Enneberg,14,,17,14,31
047 Enneberg,15,,29,16,45
047 Enneberg,16,,20,21,41
047 Enneberg,17,,25,18,43
047 Enneberg,18,,17,10,27
047 Enneberg,19,,23,14,37
047 Enneberg,20,,16,15,31
047 Enneberg,21,,21,9,30
047 Enneberg,22,,21,16,37
047 Enneberg,23,,21,22,43
047 Enneberg,24,,13,15,28
047 Enneberg,25,,16,21,37
047 Enneberg,26,,16,21,37
047 Enneberg,27,,21,13,34
047 Enneberg,28,,18,12,30
047 Enneberg,29,,16,17,33
047 Enneberg,30,,16,11,27
047 Enneberg,31,,22,19,41
047 Enneberg,32,,18,14,32
047 Enneberg,33,,17,15,32
047 Enneberg,34,,22,21,43
047 Enneberg,35,,19,24,43
047 Enneberg,36,,20,20,40
047 Enneberg,37,,12,21,33
047 Enneberg,38,,18,24,42
047 Enneberg,39,,22,19,41
047 Enneberg,40,,15,18,33
047 Enneberg,41,,16,27,43
047 Enneberg,42,,25,31,56
047 Enneberg,43,,27,23,50
047 Enneberg,44,,24,28,52
047 Enneberg,45,,28,39,67
047 Enneberg,46,,26,18,44
047 Enneberg,47,,33,18,51
047 Enneberg,48,,24,24,48
047 Enneberg,49,,25,22,47
047 Enneberg,50,,21,20,41
047 Enneberg,51,,25,24,49
047 Enneberg,52,,22,21,43
047 Enneberg,53,,22,20,42
047 Enneberg,54,,18,15,33
047 Enneberg,55,,18,16,34
047 Enneberg,56,,15,16,31
047 Enneberg,57,,23,15,38
047 Enneberg,58,,21,13,34
047 Enneberg,59,,14,17,31
047 Enneberg,60,,14,18,32
047 Enneberg,61,,14,15,29
047 Enneberg,62,,14,13,27
047 Enneberg,63,,17,22,39
047 Enneberg,64,,15,17,32
047 Enneberg,65,,18,10,28
047 Enneberg,66,,10,15,25
047 Enneberg,67,,17,8,25
047 Enneberg,68,,15,14,29
047 Enneberg,69,,8,11,19
047 Enneberg,70,,11,17,28
047 Enneberg,71,,3,12,15
047 Enneberg,72,,18,18,36
047 Enneberg,73,,15,9,24
047 Enneberg,74,,10,18,28
047 Enneberg,75,,13,12,25
047 Enneberg,76,,9,6,15
047 Enneberg,77,,14,8,22
047 Enneberg,78,,10,12,22
047 Enneberg,79,,12,10,22
047 Enneberg,80,,8,11,19
047 Enneberg,81,,11,13,24
047 Enneberg,82,,6,9,15
047 Enneberg,83,,7,7,14
047 Enneberg,84,,4,17,21
047 Enneberg,85,,7,7,14
047 Enneberg,86,,7,11,18
047 Enneberg,87,,3,6,9
047 Enneberg,88,,3,7,10
047 Enneberg,89,,2,4,6
047 Enneberg,90,,3,1,4
047 Enneberg,91,,3,4,7
047 Enneberg,92,,-,3,3
047 Enneberg,93,,-,6,6
047 Enneberg,94,,1,4,5
047 Enneberg,95,,1,2,3
047 Enneberg,96,,-,1,1
047 Enneberg,97,,-,2,2
047 Enneberg,98,,-,2,2
047 Enneberg,101,,-,1,1
047 Enneberg,102,,-,1,1
048 Marling,0,,11,18,29
048 Marling,1,,16,11,27
048 Marling,2,,12,14,26
048 Marling,3,,12,8,20
048 Marling,4,,13,12,25
048 Marling,5,,18,6,24
048 Marling,6,,20,7,27
048 Marling,7,,21,7,28
048 Marling,8,,12,12,24
048 Marling,9,,20,11,31
048 Marling,10,,9,18,27
048 Marling,11,,25,14,39
048 Marling,12,,14,13,27
048 Marling,13,,11,13,24
048 Marling,14,,13,20,33
048 Marling,15,,13,15,28
048 Marling,16,,16,17,33
048 Marling,17,,15,9,24
048 Marling,18,,11,13,24
048 Marling,19,,19,9,28
048 Marling,20,,12,14,26
048 Marling,21,,20,13,33
048 Marling,22,,14,7,21
048 Marling,23,,16,14,30
048 Marling,24,,19,15,34
048 Marling,25,,16,19,35
048 Marling,26,,16,23,39
048 Marling,27,,15,24,39
048 Marling,28,,14,15,29
048 Marling,29,,15,19,34
048 Marling,30,,9,19,28
048 Marling,31,,11,26,37
048 Marling,32,,21,10,31
048 Marling,33,,17,20,37
048 Marling,34,,21,11,32
048 Marling,35,,21,11,32
048 Marling,36,,15,15,30
048 Marling,37,,14,25,39
048 Marling,38,,20,22,42
048 Marling,39,,20,16,36
048 Marling,40,,20,24,44
048 Marling,41,,26,18,44
048 Marling,42,,18,12,30
048 Marling,43,,19,17,36
048 Marling,44,,17,21,38
048 Marling,45,,25,18,43
048 Marling,46,,20,23,43
048 Marling,47,,21,18,39
048 Marling,48,,25,21,46
048 Marling,49,,20,20,40
048 Marling,50,,26,31,57
048 Marling,51,,25,19,44
048 Marling,52,,27,22,49
048 Marling,53,,30,30,60
048 Marling,54,,17,20,37
048 Marling,55,,27,14,41
048 Marling,56,,14,22,36
048 Marling,57,,19,15,34
048 Marling,58,,16,13,29
048 Marling,59,,13,11,24
048 Marling,60,,10,12,22
048 Marling,61,,13,6,19
048 Marling,62,,17,12,29
048 Marling,63,,10,15,25
048 Marling,64,,11,15,26
048 Marling,65,,7,17,24
048 Marling,66,,10,15,25
048 Marling,67,,17,17,34
048 Marling,68,,5,14,19
048 Marling,69,,15,13,28
048 Marling,70,,12,14,26
048 Marling,71,,16,11,27
048 Marling,72,,16,15,31
048 Marling,73,,9,17,26
048 Marling,74,,8,12,20
048 Marling,75,,17,15,32
048 Marling,76,,10,11,21
048 Marling,77,,13,14,27
048 Marling,78,,8,11,19
048 Marling,79,,9,14,23
048 Marling,80,,13,7,20
048 Marling,81,,3,16,19
048 Marling,82,,7,7,14
048 Marling,83,,6,12,18
048 Marling,84,,7,8,15
048 Marling,85,,7,7,14
048 Marling,86,,2,7,9
048 Marling,87,,5,5,10
048 Marling,88,,4,1,5
048 Marling,89,,5,4,9
048 Marling,90,,-,6,6
048 Marling,91,,1,5,6
048 Marling,92,,-,5,5
048 Marling,93,,1,3,4
048 Marling,94,,-,1,1
048 Marling,95,,1,1,2
049 Martell,0,,3,4,7
049 Martell,1,,3,3,6
049 Martell,2,,3,4,7
049 Martell,3,,7,3,10
049 Martell,4,,3,4,7
049 Martell,5,,9,5,14
049 Martell,6,,8,4,12
049 Martell,7,,3,1,4
049 Martell,8,,7,1,8
049 Martell,9,,7,1,8
049 Martell,10,,4,5,9
049 Martell,11,,8,3,11
049 Martell,12,,6,1,7
049 Martell,13,,5,5,10
049 Martell,14,,3,6,9
049 Martell,15,,4,7,11
049 Martell,16,,7,2,9
049 Martell,17,,1,6,7
049 Martell,18,,6,6,12
049 Martell,19,,6,7,13
049 Martell,20,,4,7,11
049 Martell,21,,6,7,13
049 Martell,22,,6,8,14
049 Martell,23,,7,5,12
049 Martell,24,,3,4,7
049 Martell,25,,9,4,13
049 Martell,26,,6,6,12
049 Martell,27,,8,6,14
049 Martell,28,,4,-,4
049 Martell,29,,8,6,14
049 Martell,30,,-,2,2
049 Martell,31,,3,4,7
049 Martell,32,,3,-,3
049 Martell,33,,7,5,12
049 Martell,34,,6,9,15
049 Martell,35,,5,6,11
049 Martell,36,,8,4,12
049 Martell,37,,7,1,8
049 Martell,38,,4,5,9
049 Martell,39,,7,3,10
049 Martell,40,,5,6,11
049 Martell,41,,2,6,8
049 Martell,42,,7,11,18
049 Martell,43,,9,4,13
049 Martell,44,,6,8,14
049 Martell,45,,9,4,13
049 Martell,46,,7,4,11
049 Martell,47,,6,11,17
049 Martell,48,,8,6,14
049 Martell,49,,6,7,13
049 Martell,50,,15,5,20
049 Martell,51,,16,11,27
049 Martell,52,,7,9,16
049 Martell,53,,14,1,15
049 Martell,54,,10,6,16
049 Martell,55,,7,5,12
049 Martell,56,,9,3,12
049 Martell,57,,6,6,12
049 Martell,58,,7,6,13
049 Martell,59,,7,3,10
049 Martell,60,,5,4,9
049 Martell,61,,7,3,10
049 Martell,62,,5,6,11
049 Martell,63,,3,4,7
049 Martell,64,,3,3,6
049 Martell,65,,4,8,12
049 Martell,66,,2,5,7
049 Martell,67,,3,1,4
049 Martell,68,,4,4,8
049 Martell,69,,3,3,6
049 Martell,70,,3,-,3
049 Martell,71,,4,1,5
049 Martell,72,,1,3,4
049 Martell,73,,3,3,6
049 Martell,74,,5,4,9
049 Martell,75,,3,4,7
049 Martell,76,,6,2,8
049 Martell,77,,1,4,5
049 Martell,78,,2,5,7
049 Martell,79,,1,4,5
049 Martell,80,,1,4,5
049 Martell,81,,3,7,10
049 Martell,82,,6,1,7
049 Martell,83,,4,5,9
049 Martell,84,,2,1,3
049 Martell,85,,2,-,2
049 Martell,86,,2,1,3
049 Martell,87,,1,1,2
049 Martell,88,,-,1,1
049 Martell,89,,1,2,3
049 Martell,90,,-,2,2
049 Martell,91,,1,1,2
049 Martell,92,,1,2,3
049 Martell,93,,-,1,1
049 Martell,94,,-,1,1
050 Mölten,0,,7,10,17
050 Mölten,1,,12,8,20
050 Mölten,2,,10,7,17
050 Mölten,3,,15,13,28
050 Mölten,4,,9,7,16
050 Mölten,5,,13,9,22
050 Mölten,6,,5,14,19
050 Mölten,7,,14,12,26
050 Mölten,8,,10,15,25
050 Mölten,9,,14,8,22
050 Mölten,10,,8,8,16
050 Mölten,11,,10,13,23
050 Mölten,12,,12,10,22
050 Mölten,13,,11,9,20
050 Mölten,14,,16,11,27
050 Mölten,15,,16,17,33
050 Mölten,16,,13,13,26
050 Mölten,17,,12,16,28
050 Mölten,18,,8,15,23
050 Mölten,19,,10,7,17
050 Mölten,20,,15,12,27
050 Mölten,21,,12,9,21
050 Mölten,22,,13,5,18
050 Mölten,23,,12,10,22
050 Mölten,24,,6,12,18
050 Mölten,25,,9,8,17
050 Mölten,26,,9,4,13
050 Mölten,27,,12,4,16
050 Mölten,28,,9,9,18
050 Mölten,29,,9,6,15
050 Mölten,30,,10,6,16
050 Mölten,31,,8,8,16
050 Mölten,32,,7,7,14
050 Mölten,33,,8,7,15
050 Mölten,34,,12,11,23
050 Mölten,35,,13,12,25
050 Mölten,36,,15,6,21
050 Mölten,37,,12,15,27
050 Mölten,38,,11,7,18
050 Mölten,39,,6,16,22
050 Mölten,40,,11,20,31
050 Mölten,41,,24,12,36
050 Mölten,42,,11,13,24
050 Mölten,43,,18,18,36
050 Mölten,44,,9,11,20
050 Mölten,45,,13,16,29
050 Mölten,46,,16,11,27
050 Mölten,47,,14,13,27
050 Mölten,48,,17,17,34
050 Mölten,49,,18,13,31
050 Mölten,50,,17,13,30
050 Mölten,51,,15,13,28
050 Mölten,52,,21,17,38
050 Mölten,53,,19,7,26
050 Mölten,54,,16,10,26
050 Mölten,55,,15,11,26
050 Mölten,56,,10,9,19
050 Mölten,57,,14,5,19
050 Mölten,58,,3,8,11
050 Mölten,59,,8,3,11
050 Mölten,60,,6,8,14
050 Mölten,61,,12,8,20
050 Mölten,62,,7,7,14
050 Mölten,63,,5,7,12
050 Mölten,64,,7,6,13
050 Mölten,65,,5,4,9
050 Mölten,66,,9,9,18
050 Mölten,67,,8,4,12
050 Mölten,68,,8,4,12
050 Mölten,69,,3,8,11
050 Mölten,70,,8,2,10
050 Mölten,71,,5,4,9
050 Mölten,72,,1,7,8
050 Mölten,73,,10,9,19
050 Mölten,74,,4,9,13
050 Mölten,75,,8,5,13
050 Mölten,76,,3,7,10
050 Mölten,77,,4,5,9
050 Mölten,78,,3,2,5
050 Mölten,79,,3,6,9
050 Mölten,80,,2,3,5
050 Mölten,81,,6,5,11
050 Mölten,82,,7,4,11
050 Mölten,83,,5,7,12
050 Mölten,84,,3,4,7
050 Mölten,85,,5,1,6
050 Mölten,86,,3,2,5
050 Mölten,87,,1,3,4
050 Mölten,88,,1,2,3
050 Mölten,89,,-,1,1
050 Mölten,90,,-,3,3
050 Mölten,91,,-,3,3
050 Mölten,93,,-,2,2
050 Mölten,94,,1,1,2
050 Mölten,95,,-,1,1
050 Mölten,96,,-,1,1
050 Mölten,97,,-,1,1
051 Meran,0,,195,181,376
051 Meran,1,,195,188,383
051 Meran,2,,212,190,402
051 Meran,3,,193,181,374
051 Meran,4,,193,173,366
051 Meran,5,,195,219,414
051 Meran,6,,211,202,413
051 Meran,7,,212,190,402
051 Meran,8,,211,179,390
051 Meran,9,,232,208,440
051 Meran,10,,203,220,423
051 Meran,11,,199,194,393
051 Meran,12,,240,183,423
051 Meran,13,,199,171,370
051 Meran,14,,195,176,371
051 Meran,15,,217,190,407
051 Meran,16,,215,176,391
051 Meran,17,,190,196,386
051 Meran,18,,183,179,362
051 Meran,19,,218,181,399
051 Meran,20,,222,182,404
051 Meran,21,,212,178,390
051 Meran,22,,206,212,418
051 Meran,23,,177,189,366
051 Meran,24,,209,181,390
051 Meran,25,,201,220,421
051 Meran,26,,197,202,399
051 Meran,27,,248,222,470
051 Meran,28,,234,201,435
051 Meran,29,,213,223,436
051 Meran,30,,219,212,431
051 Meran,31,,206,253,459
051 Meran,32,,225,224,449
051 Meran,33,,230,237,467
051 Meran,34,,237,251,488
051 Meran,35,,246,257,503
051 Meran,36,,259,239,498
051 Meran,37,,234,253,487
051 Meran,38,,259,245,504
051 Meran,39,,249,276,525
051 Meran,40,,239,294,533
051 Meran,41,,269,288,557
051 Meran,42,,282,335,617
051 Meran,43,,282,317,599
051 Meran,44,,290,311,601
051 Meran,45,,334,291,625
051 Meran,46,,321,344,665
051 Meran,47,,337,342,679
051 Meran,48,,349,354,703
051 Meran,49,,362,347,709
051 Meran,50,,323,313,636
051 Meran,51,,323,345,668
051 Meran,52,,346,325,671
051 Meran,53,,340,307,647
051 Meran,54,,275,297,572
051 Meran,55,,285,309,594
051 Meran,56,,292,278,570
051 Meran,57,,263,257,520
051 Meran,58,,257,261,518
051 Meran,59,,216,257,473
051 Meran,60,,216,231,447
051 Meran,61,,197,223,420
051 Meran,62,,179,237,416
051 Meran,63,,174,237,411
051 Meran,64,,205,224,429
051 Meran,65,,183,223,406
051 Meran,66,,189,231,420
051 Meran,67,,223,249,472
051 Meran,68,,197,262,459
051 Meran,69,,215,273,488
051 Meran,70,,218,287,505
051 Meran,71,,175,203,378
051 Meran,72,,177,219,396
051 Meran,73,,242,238,480
051 Meran,74,,209,277,486
051 Meran,75,,189,273,462
051 Meran,76,,154,218,372
051 Meran,77,,160,230,390
051 Meran,78,,142,212,354
051 Meran,79,,150,200,350
051 Meran,80,,125,182,307
051 Meran,81,,112,174,286
051 Meran,82,,109,153,262
051 Meran,83,,112,134,246
051 Meran,84,,87,143,230
051 Meran,85,,64,132,196
051 Meran,86,,74,129,203
051 Meran,87,,56,96,152
051 Meran,88,,49,111,160
051 Meran,89,,47,75,122
051 Meran,90,,28,86,114
051 Meran,91,,23,67,90
051 Meran,92,,29,71,100
051 Meran,93,,11,51,62
051 Meran,94,,16,41,57
051 Meran,95,,6,38,44
051 Meran,96,,6,31,37
051 Meran,97,,5,11,16
051 Meran,98,,-,4,4
051 Meran,99,,2,8,10
051 Meran,100,,1,3,4
051 Meran,101,,2,4,6
051 Meran,102,,-,3,3
051 Meran,103,,-,1,1
052 Welsberg-Taisten,0,,12,6,18
052 Welsberg-Taisten,1,,13,18,31
052 Welsberg-Taisten,2,,21,12,33
052 Welsberg-Taisten,3,,17,11,28
052 Welsberg-Taisten,4,,10,13,23
052 Welsberg-Taisten,5,,15,19,34
052 Welsberg-Taisten,6,,8,18,26
052 Welsberg-Taisten,7,,13,15,28
052 Welsberg-Taisten,8,,24,20,44
052 Welsberg-Taisten,9,,21,22,43
052 Welsberg-Taisten,10,,11,28,39
052 Welsberg-Taisten,11,,19,28,47
052 Welsberg-Taisten,12,,15,18,33
052 Welsberg-Taisten,13,,20,18,38
052 Welsberg-Taisten,14,,23,24,47
052 Welsberg-Taisten,15,,31,20,51
052 Welsberg-Taisten,16,,19,14,33
052 Welsberg-Taisten,17,,20,23,43
052 Welsberg-Taisten,18,,25,12,37
052 Welsberg-Taisten,19,,20,21,41
052 Welsberg-Taisten,20,,16,18,34
052 Welsberg-Taisten,21,,19,17,36
052 Welsberg-Taisten,22,,14,16,30
052 Welsberg-Taisten,23,,19,22,41
052 Welsberg-Taisten,24,,11,14,25
052 Welsberg-Taisten,25,,23,18,41
052 Welsberg-Taisten,26,,9,15,24
052 Welsberg-Taisten,27,,6,20,26
052 Welsberg-Taisten,28,,14,18,32
052 Welsberg-Taisten,29,,10,9,19
052 Welsberg-Taisten,30,,18,11,29
052 Welsberg-Taisten,31,,7,26,33
052 Welsberg-Taisten,32,,27,16,43
052 Welsberg-Taisten,33,,22,17,39
052 Welsberg-Taisten,34,,16,19,35
052 Welsberg-Taisten,35,,12,16,28
052 Welsberg-Taisten,36,,20,13,33
052 Welsberg-Taisten,37,,22,21,43
052 Welsberg-Taisten,38,,17,17,34
052 Welsberg-Taisten,39,,13,29,42
052 Welsberg-Taisten,40,,14,11,25
052 Welsberg-Taisten,41,,15,24,39
052 Welsberg-Taisten,42,,26,24,50
052 Welsberg-Taisten,43,,24,13,37
052 Welsberg-Taisten,44,,18,28,46
052 Welsberg-Taisten,45,,31,22,53
052 Welsberg-Taisten,46,,29,26,55
052 Welsberg-Taisten,47,,19,23,42
052 Welsberg-Taisten,48,,26,23,49
052 Welsberg-Taisten,49,,34,24,58
052 Welsberg-Taisten,50,,31,21,52
052 Welsberg-Taisten,51,,22,16,38
052 Welsberg-Taisten,52,,31,20,51
052 Welsberg-Taisten,53,,27,23,50
052 Welsberg-Taisten,54,,21,22,43
052 Welsberg-Taisten,55,,18,13,31
052 Welsberg-Taisten,56,,10,17,27
052 Welsberg-Taisten,57,,20,21,41
052 Welsberg-Taisten,58,,24,16,40
052 Welsberg-Taisten,59,,14,19,33
052 Welsberg-Taisten,60,,17,19,36
052 Welsberg-Taisten,61,,15,7,22
052 Welsberg-Taisten,62,,15,14,29
052 Welsberg-Taisten,63,,17,13,30
052 Welsberg-Taisten,64,,16,12,28
052 Welsberg-Taisten,65,,15,8,23
052 Welsberg-Taisten,66,,15,13,28
052 Welsberg-Taisten,67,,14,10,24
052 Welsberg-Taisten,68,,17,16,33
052 Welsberg-Taisten,69,,9,12,21
052 Welsberg-Taisten,70,,12,12,24
052 Welsberg-Taisten,71,,9,11,20
052 Welsberg-Taisten,72,,13,11,24
052 Welsberg-Taisten,73,,8,13,21
052 Welsberg-Taisten,74,,10,13,23
052 Welsberg-Taisten,75,,13,17,30
052 Welsberg-Taisten,76,,6,11,17
052 Welsberg-Taisten,77,,12,7,19
052 Welsberg-Taisten,78,,6,10,16
052 Welsberg-Taisten,79,,8,8,16
052 Welsberg-Taisten,80,,5,8,13
052 Welsberg-Taisten,81,,3,13,16
052 Welsberg-Taisten,82,,13,12,25
052 Welsberg-Taisten,83,,7,10,17
052 Welsberg-Taisten,84,,6,8,14
052 Welsberg-Taisten,85,,4,9,13
052 Welsberg-Taisten,86,,4,6,10
052 Welsberg-Taisten,87,,4,7,11
052 Welsberg-Taisten,88,,4,11,15
052 Welsberg-Taisten,89,,1,4,5
052 Welsberg-Taisten,90,,2,5,7
052 Welsberg-Taisten,91,,-,2,2
052 Welsberg-Taisten,92,,-,4,4
052 Welsberg-Taisten,93,,3,2,5
052 Welsberg-Taisten,94,,1,2,3
052 Welsberg-Taisten,95,,1,3,4
052 Welsberg-Taisten,96,,-,1,1
053 Montan,0,,7,13,20
053 Montan,1,,4,11,15
053 Montan,2,,13,5,18
053 Montan,3,,8,4,12
053 Montan,4,,10,7,17
053 Montan,5,,10,2,12
053 Montan,6,,14,8,22
053 Montan,7,,8,6,14
053 Montan,8,,12,8,20
053 Montan,9,,8,5,13
053 Montan,10,,8,7,15
053 Montan,11,,8,10,18
053 Montan,12,,7,10,17
053 Montan,13,,8,12,20
053 Montan,14,,6,4,10
053 Montan,15,,13,4,17
053 Montan,16,,10,6,16
053 Montan,17,,8,11,19
053 Montan,18,,9,15,24
053 Montan,19,,7,11,18
053 Montan,20,,14,12,26
053 Montan,21,,16,15,31
053 Montan,22,,12,4,16
053 Montan,23,,6,8,14
053 Montan,24,,5,7,12
053 Montan,25,,12,13,25
053 Montan,26,,10,9,19
053 Montan,27,,10,11,21
053 Montan,28,,8,19,27
053 Montan,29,,15,17,32
053 Montan,30,,15,9,24
053 Montan,31,,8,8,16
053 Montan,32,,7,7,14
053 Montan,33,,14,13,27
053 Montan,34,,10,7,17
053 Montan,35,,14,13,27
053 Montan,36,,8,6,14
053 Montan,37,,11,9,20
053 Montan,38,,14,5,19
053 Montan,39,,8,6,14
053 Montan,40,,7,6,13
053 Montan,41,,11,17,28
053 Montan,42,,10,17,27
053 Montan,43,,11,7,18
053 Montan,44,,10,9,19
053 Montan,45,,12,10,22
053 Montan,46,,14,12,26
053 Montan,47,,13,19,32
053 Montan,48,,12,19,31
053 Montan,49,,12,12,24
053 Montan,50,,13,16,29
053 Montan,51,,27,16,43
053 Montan,52,,14,10,24
053 Montan,53,,11,22,33
053 Montan,54,,15,17,32
053 Montan,55,,19,11,30
053 Montan,56,,14,10,24
053 Montan,57,,15,11,26
053 Montan,58,,10,11,21
053 Montan,59,,11,12,23
053 Montan,60,,9,15,24
053 Montan,61,,6,14,20
053 Montan,62,,10,12,22
053 Montan,63,,11,6,17
053 Montan,64,,11,4,15
053 Montan,65,,6,7,13
053 Montan,66,,4,4,8
053 Montan,67,,8,4,12
053 Montan,68,,5,5,10
053 Montan,69,,7,11,18
053 Montan,70,,5,3,8
053 Montan,71,,5,3,8
053 Montan,72,,3,6,9
053 Montan,73,,5,7,12
053 Montan,74,,5,7,12
053 Montan,75,,5,5,10
053 Montan,76,,8,7,15
053 Montan,77,,3,8,11
053 Montan,78,,5,10,15
053 Montan,79,,1,6,7
053 Montan,80,,5,9,14
053 Montan,81,,1,7,8
053 Montan,82,,2,6,8
053 Montan,83,,12,4,16
053 Montan,84,,5,6,11
053 Montan,85,,4,8,12
053 Montan,86,,6,11,17
053 Montan,87,,3,7,10
053 Montan,88,,2,2,4
053 Montan,89,,1,3,4
053 Montan,90,,2,6,8
053 Montan,91,,-,4,4
053 Montan,92,,-,3,3
053 Montan,93,,-,3,3
053 Montan,94,,-,1,1
053 Montan,97,,-,1,1
054 Moos in Passeier,0,,14,15,29
054 Moos in Passeier,1,,13,8,21
054 Moos in Passeier,2,,17,17,34
054 Moos in Passeier,3,,14,11,25
054 Moos in Passeier,4,,12,14,26
054 Moos in Passeier,5,,21,10,31
054 Moos in Passeier,6,,8,10,18
054 Moos in Passeier,7,,9,14,23
054 Moos in Passeier,8,,17,11,28
054 Moos in Passeier,9,,17,7,24
054 Moos in Passeier,10,,17,10,27
054 Moos in Passeier,11,,17,14,31
054 Moos in Passeier,12,,17,21,38
054 Moos in Passeier,13,,16,10,26
054 Moos in Passeier,14,,20,18,38
054 Moos in Passeier,15,,12,12,24
054 Moos in Passeier,16,,11,17,28
054 Moos in Passeier,17,,24,9,33
054 Moos in Passeier,18,,16,13,29
054 Moos in Passeier,19,,11,17,28
054 Moos in Passeier,20,,18,14,32
054 Moos in Passeier,21,,8,10,18
054 Moos in Passeier,22,,17,17,34
054 Moos in Passeier,23,,14,12,26
054 Moos in Passeier,24,,17,11,28
054 Moos in Passeier,25,,12,13,25
054 Moos in Passeier,26,,10,14,24
054 Moos in Passeier,27,,13,13,26
054 Moos in Passeier,28,,16,13,29
054 Moos in Passeier,29,,14,11,25
054 Moos in Passeier,30,,13,10,23
054 Moos in Passeier,31,,22,12,34
054 Moos in Passeier,32,,16,15,31
054 Moos in Passeier,33,,9,13,22
054 Moos in Passeier,34,,13,15,28
054 Moos in Passeier,35,,10,14,24
054 Moos in Passeier,36,,10,14,24
054 Moos in Passeier,37,,16,9,25
054 Moos in Passeier,38,,17,13,30
054 Moos in Passeier,39,,17,13,30
054 Moos in Passeier,40,,15,7,22
054 Moos in Passeier,41,,13,12,25
054 Moos in Passeier,42,,23,14,37
054 Moos in Passeier,43,,5,19,24
054 Moos in Passeier,44,,17,14,31
054 Moos in Passeier,45,,17,15,32
054 Moos in Passeier,46,,19,9,28
054 Moos in Passeier,47,,15,17,32
054 Moos in Passeier,48,,16,17,33
054 Moos in Passeier,49,,21,15,36
054 Moos in Passeier,50,,21,16,37
054 Moos in Passeier,51,,18,8,26
054 Moos in Passeier,52,,20,10,30
054 Moos in Passeier,53,,14,18,32
054 Moos in Passeier,54,,10,16,26
054 Moos in Passeier,55,,10,7,17
054 Moos in Passeier,56,,13,14,27
054 Moos in Passeier,57,,14,11,25
054 Moos in Passeier,58,,13,12,25
054 Moos in Passeier,59,,19,5,24
054 Moos in Passeier,60,,8,8,16
054 Moos in Passeier,61,,8,7,15
054 Moos in Passeier,62,,13,9,22
054 Moos in Passeier,63,,7,8,15
054 Moos in Passeier,64,,8,3,11
054 Moos in Passeier,65,,9,10,19
054 Moos in Passeier,66,,5,9,14
054 Moos in Passeier,67,,12,9,21
054 Moos in Passeier,68,,5,6,11
054 Moos in Passeier,69,,15,10,25
054 Moos in Passeier,70,,8,8,16
054 Moos in Passeier,71,,9,5,14
054 Moos in Passeier,72,,8,7,15
054 Moos in Passeier,73,,12,11,23
054 Moos in Passeier,74,,4,11,15
054 Moos in Passeier,75,,8,13,21
054 Moos in Passeier,76,,7,6,13
054 Moos in Passeier,77,,5,4,9
054 Moos in Passeier,78,,9,5,14
054 Moos in Passeier,79,,4,6,10
054 Moos in Passeier,80,,7,6,13
054 Moos in Passeier,81,,7,5,12
054 Moos in Passeier,82,,9,12,21
054 Moos in Passeier,83,,5,8,13
054 Moos in Passeier,84,,7,1,8
054 Moos in Passeier,85,,2,4,6
054 Moos in Passeier,86,,4,3,7
054 Moos in Passeier,87,,4,8,12
054 Moos in Passeier,88,,2,6,8
054 Moos in Passeier,89,,1,2,3
054 Moos in Passeier,90,,3,2,5
054 Moos in Passeier,91,,-,4,4
054 Moos in Passeier,92,,1,2,3
054 Moos in Passeier,93,,2,1,3
054 Moos in Passeier,96,,-,1,1
054 Moos in Passeier,97,,-,1,1
055 Nals,0,,5,10,15
055 Nals,1,,19,14,33
055 Nals,2,,13,9,22
055 Nals,3,,19,12,31
055 Nals,4,,10,7,17
055 Nals,5,,13,14,27
055 Nals,6,,8,15,23
055 Nals,7,,9,12,21
055 Nals,8,,12,5,17
055 Nals,9,,10,10,20
055 Nals,10,,11,3,14
055 Nals,11,,8,12,20
055 Nals,12,,9,9,18
055 Nals,13,,11,5,16
055 Nals,14,,14,14,28
055 Nals,15,,9,9,18
055 Nals,16,,9,15,24
055 Nals,17,,13,10,23
055 Nals,18,,15,9,24
055 Nals,19,,10,9,19
055 Nals,20,,13,12,25
055 Nals,21,,7,6,13
055 Nals,22,,9,10,19
055 Nals,23,,7,13,20
055 Nals,24,,10,9,19
055 Nals,25,,12,10,22
055 Nals,26,,9,13,22
055 Nals,27,,14,16,30
055 Nals,28,,15,14,29
055 Nals,29,,9,9,18
055 Nals,30,,8,7,15
055 Nals,31,,15,17,32
055 Nals,32,,9,11,20
055 Nals,33,,9,10,19
055 Nals,34,,8,13,21
055 Nals,35,,11,14,25
055 Nals,36,,16,11,27
055 Nals,37,,14,14,28
055 Nals,38,,14,15,29
055 Nals,39,,12,17,29
055 Nals,40,,15,16,31
055 Nals,41,,9,13,22
055 Nals,42,,23,19,42
055 Nals,43,,20,11,31
055 Nals,44,,12,19,31
055 Nals,45,,18,18,36
055 Nals,46,,21,12,33
055 Nals,47,,24,18,42
055 Nals,48,,27,17,44
055 Nals,49,,19,16,35
055 Nals,50,,15,16,31
055 Nals,51,,18,19,37
055 Nals,52,,19,24,43
055 Nals,53,,13,21,34
055 Nals,54,,13,13,26
055 Nals,55,,17,14,31
055 Nals,56,,16,13,29
055 Nals,57,,14,18,32
055 Nals,58,,15,13,28
055 Nals,59,,9,5,14
055 Nals,60,,7,9,16
055 Nals,61,,21,13,34
055 Nals,62,,7,6,13
055 Nals,63,,8,8,16
055 Nals,64,,4,6,10
055 Nals,65,,5,8,13
055 Nals,66,,8,10,18
055 Nals,67,,10,8,18
055 Nals,68,,9,12,21
055 Nals,69,,12,6,18
055 Nals,70,,7,13,20
055 Nals,71,,7,11,18
055 Nals,72,,6,11,17
055 Nals,73,,7,6,13
055 Nals,74,,5,9,14
055 Nals,75,,10,5,15
055 Nals,76,,6,11,17
055 Nals,77,,7,11,18
055 Nals,78,,4,8,12
055 Nals,79,,3,12,15
055 Nals,80,,5,4,9
055 Nals,81,,5,5,10
055 Nals,82,,1,6,7
055 Nals,83,,6,9,15
055 Nals,84,,5,4,9
055 Nals,85,,2,5,7
055 Nals,86,,1,4,5
055 Nals,87,,5,5,10
055 Nals,88,,3,6,9
055 Nals,89,,1,4,5
055 Nals,90,,4,1,5
055 Nals,92,,1,-,1
055 Nals,93,,-,2,2
055 Nals,94,,-,1,1
055 Nals,95,,-,1,1
055 Nals,97,,-,1,1
056 Naturns,0,,24,40,64
056 Naturns,1,,27,32,59
056 Naturns,2,,32,18,50
056 Naturns,3,,33,33,66
056 Naturns,4,,38,34,72
056 Naturns,5,,36,30,66
056 Naturns,6,,31,22,53
056 Naturns,7,,22,27,49
056 Naturns,8,,36,22,58
056 Naturns,9,,34,34,68
056 Naturns,10,,38,31,69
056 Naturns,11,,31,25,56
056 Naturns,12,,37,30,67
056 Naturns,13,,37,23,60
056 Naturns,14,,30,29,59
056 Naturns,15,,32,28,60
056 Naturns,16,,33,26,59
056 Naturns,17,,28,31,59
056 Naturns,18,,30,36,66
056 Naturns,19,,23,17,40
056 Naturns,20,,32,37,69
056 Naturns,21,,45,36,81
056 Naturns,22,,36,38,74
056 Naturns,23,,37,42,79
056 Naturns,24,,28,46,74
056 Naturns,25,,47,40,87
056 Naturns,26,,40,28,68
056 Naturns,27,,39,30,69
056 Naturns,28,,42,33,75
056 Naturns,29,,30,25,55
056 Naturns,30,,27,33,60
056 Naturns,31,,42,28,70
056 Naturns,32,,42,26,68
056 Naturns,33,,35,39,74
056 Naturns,34,,44,40,84
056 Naturns,35,,39,46,85
056 Naturns,36,,39,45,84
056 Naturns,37,,43,38,81
056 Naturns,38,,41,44,85
056 Naturns,39,,38,46,84
056 Naturns,40,,45,33,78
056 Naturns,41,,47,42,89
056 Naturns,42,,43,46,89
056 Naturns,43,,46,48,94
056 Naturns,44,,50,52,102
056 Naturns,45,,45,49,94
056 Naturns,46,,54,43,97
056 Naturns,47,,48,48,96
056 Naturns,48,,49,39,88
056 Naturns,49,,48,47,95
056 Naturns,50,,53,46,99
056 Naturns,51,,39,57,96
056 Naturns,52,,50,36,86
056 Naturns,53,,41,46,87
056 Naturns,54,,41,44,85
056 Naturns,55,,41,51,92
056 Naturns,56,,56,39,95
056 Naturns,57,,41,40,81
056 Naturns,58,,32,34,66
056 Naturns,59,,38,35,73
056 Naturns,60,,44,44,88
056 Naturns,61,,29,31,60
056 Naturns,62,,39,32,71
056 Naturns,63,,31,23,54
056 Naturns,64,,28,36,64
056 Naturns,65,,32,31,63
056 Naturns,66,,27,31,58
056 Naturns,67,,24,19,43
056 Naturns,68,,25,22,47
056 Naturns,69,,8,24,32
056 Naturns,70,,22,28,50
056 Naturns,71,,24,18,42
056 Naturns,72,,14,19,33
056 Naturns,73,,25,31,56
056 Naturns,74,,29,32,61
056 Naturns,75,,31,28,59
056 Naturns,76,,22,20,42
056 Naturns,77,,16,22,38
056 Naturns,78,,18,17,35
056 Naturns,79,,19,16,35
056 Naturns,80,,15,21,36
056 Naturns,81,,12,9,21
056 Naturns,82,,13,18,31
056 Naturns,83,,13,13,26
056 Naturns,84,,8,11,19
056 Naturns,85,,7,13,20
056 Naturns,86,,10,17,27
056 Naturns,87,,7,13,20
056 Naturns,88,,7,4,11
056 Naturns,89,,1,8,9
056 Naturns,90,,5,5,10
056 Naturns,91,,6,5,11
056 Naturns,92,,4,4,8
056 Naturns,93,,-,5,5
056 Naturns,94,,-,1,1
056 Naturns,95,,-,2,2
056 Naturns,97,,-,2,2
057 Natz-Schabs,0,,25,26,51
057 Natz-Schabs,1,,19,29,48
057 Natz-Schabs,2,,30,19,49
057 Natz-Schabs,3,,20,25,45
057 Natz-Schabs,4,,13,26,39
057 Natz-Schabs,5,,30,16,46
057 Natz-Schabs,6,,15,12,27
057 Natz-Schabs,7,,11,23,34
057 Natz-Schabs,8,,17,23,40
057 Natz-Schabs,9,,13,14,27
057 Natz-Schabs,10,,15,18,33
057 Natz-Schabs,11,,15,15,30
057 Natz-Schabs,12,,15,17,32
057 Natz-Schabs,13,,16,18,34
057 Natz-Schabs,14,,22,19,41
057 Natz-Schabs,15,,17,14,31
057 Natz-Schabs,16,,24,18,42
057 Natz-Schabs,17,,15,19,34
057 Natz-Schabs,18,,23,19,42
057 Natz-Schabs,19,,21,18,39
057 Natz-Schabs,20,,22,19,41
057 Natz-Schabs,21,,13,15,28
057 Natz-Schabs,22,,21,16,37
057 Natz-Schabs,23,,19,18,37
057 Natz-Schabs,24,,15,19,34
057 Natz-Schabs,25,,25,22,47
057 Natz-Schabs,26,,17,20,37
057 Natz-Schabs,27,,17,30,47
057 Natz-Schabs,28,,27,15,42
057 Natz-Schabs,29,,24,25,49
057 Natz-Schabs,30,,21,23,44
057 Natz-Schabs,31,,15,22,37
057 Natz-Schabs,32,,25,18,43
057 Natz-Schabs,33,,19,35,54
057 Natz-Schabs,34,,17,31,48
057 Natz-Schabs,35,,23,21,44
057 Natz-Schabs,36,,28,21,49
057 Natz-Schabs,37,,19,19,38
057 Natz-Schabs,38,,19,32,51
057 Natz-Schabs,39,,23,19,42
057 Natz-Schabs,40,,17,21,38
057 Natz-Schabs,41,,23,27,50
057 Natz-Schabs,42,,30,30,60
057 Natz-Schabs,43,,31,18,49
057 Natz-Schabs,44,,25,29,54
057 Natz-Schabs,45,,24,23,47
057 Natz-Schabs,46,,34,26,60
057 Natz-Schabs,47,,30,24,54
057 Natz-Schabs,48,,27,23,50
057 Natz-Schabs,49,,29,23,52
057 Natz-Schabs,50,,32,21,53
057 Natz-Schabs,51,,37,36,73
057 Natz-Schabs,52,,32,27,59
057 Natz-Schabs,53,,25,29,54
057 Natz-Schabs,54,,17,24,41
057 Natz-Schabs,55,,17,20,37
057 Natz-Schabs,56,,29,23,52
057 Natz-Schabs,57,,22,20,42
057 Natz-Schabs,58,,24,18,42
057 Natz-Schabs,59,,21,22,43
057 Natz-Schabs,60,,17,22,39
057 Natz-Schabs,61,,21,18,39
057 Natz-Schabs,62,,11,15,26
057 Natz-Schabs,63,,22,14,36
057 Natz-Schabs,64,,12,10,22
057 Natz-Schabs,65,,15,13,28
057 Natz-Schabs,66,,14,13,27
057 Natz-Schabs,67,,18,15,33
057 Natz-Schabs,68,,15,12,27
057 Natz-Schabs,69,,11,16,27
057 Natz-Schabs,70,,13,13,26
057 Natz-Schabs,71,,9,7,16
057 Natz-Schabs,72,,13,10,23
057 Natz-Schabs,73,,14,6,20
057 Natz-Schabs,74,,12,8,20
057 Natz-Schabs,75,,12,8,20
057 Natz-Schabs,76,,3,6,9
057 Natz-Schabs,77,,1,5,6
057 Natz-Schabs,78,,3,5,8
057 Natz-Schabs,79,,6,6,12
057 Natz-Schabs,80,,6,4,10
057 Natz-Schabs,81,,4,5,9
057 Natz-Schabs,82,,2,3,5
057 Natz-Schabs,83,,6,7,13
057 Natz-Schabs,84,,2,5,7
057 Natz-Schabs,85,,3,4,7
057 Natz-Schabs,86,,3,7,10
057 Natz-Schabs,87,,5,2,7
057 Natz-Schabs,88,,1,2,3
057 Natz-Schabs,89,,-,2,2
057 Natz-Schabs,90,,1,1,2
057 Natz-Schabs,91,,1,1,2
057 Natz-Schabs,92,,-,2,2
057 Natz-Schabs,93,,-,1,1
057 Natz-Schabs,94,,2,1,3
057 Natz-Schabs,95,,-,1,1
058 Welschnofen,0,,7,16,23
058 Welschnofen,1,,6,11,17
058 Welschnofen,2,,12,8,20
058 Welschnofen,3,,6,4,10
058 Welschnofen,4,,10,11,21
058 Welschnofen,5,,13,5,18
058 Welschnofen,6,,3,8,11
058 Welschnofen,7,,9,3,12
058 Welschnofen,8,,9,8,17
058 Welschnofen,9,,9,7,16
058 Welschnofen,10,,7,8,15
058 Welschnofen,11,,7,10,17
058 Welschnofen,12,,15,8,23
058 Welschnofen,13,,10,7,17
058 Welschnofen,14,,16,8,24
058 Welschnofen,15,,6,9,15
058 Welschnofen,16,,8,8,16
058 Welschnofen,17,,8,13,21
058 Welschnofen,18,,12,9,21
058 Welschnofen,19,,12,12,24
058 Welschnofen,20,,9,9,18
058 Welschnofen,21,,14,14,28
058 Welschnofen,22,,12,10,22
058 Welschnofen,23,,13,10,23
058 Welschnofen,24,,19,13,32
058 Welschnofen,25,,15,13,28
058 Welschnofen,26,,11,13,24
058 Welschnofen,27,,15,9,24
058 Welschnofen,28,,12,14,26
058 Welschnofen,29,,10,17,27
058 Welschnofen,30,,6,9,15
058 Welschnofen,31,,14,14,28
058 Welschnofen,32,,7,7,14
058 Welschnofen,33,,12,14,26
058 Welschnofen,34,,14,12,26
058 Welschnofen,35,,13,15,28
058 Welschnofen,36,,14,12,26
058 Welschnofen,37,,9,9,18
058 Welschnofen,38,,11,18,29
058 Welschnofen,39,,12,14,26
058 Welschnofen,40,,17,8,25
058 Welschnofen,41,,19,13,32
058 Welschnofen,42,,13,16,29
058 Welschnofen,43,,16,17,33
058 Welschnofen,44,,11,10,21
058 Welschnofen,45,,17,21,38
058 Welschnofen,46,,19,17,36
058 Welschnofen,47,,12,15,27
058 Welschnofen,48,,22,17,39
058 Welschnofen,49,,14,15,29
058 Welschnofen,50,,14,13,27
058 Welschnofen,51,,25,14,39
058 Welschnofen,52,,17,11,28
058 Welschnofen,53,,18,15,33
058 Welschnofen,54,,15,13,28
058 Welschnofen,55,,14,15,29
058 Welschnofen,56,,18,11,29
058 Welschnofen,57,,14,13,27
058 Welschnofen,58,,17,10,27
058 Welschnofen,59,,9,13,22
058 Welschnofen,60,,12,11,23
058 Welschnofen,61,,14,15,29
058 Welschnofen,62,,13,11,24
058 Welschnofen,63,,11,12,23
058 Welschnofen,64,,11,11,22
058 Welschnofen,65,,12,7,19
058 Welschnofen,66,,8,8,16
058 Welschnofen,67,,10,13,23
058 Welschnofen,68,,9,10,19
058 Welschnofen,69,,8,7,15
058 Welschnofen,70,,12,10,22
058 Welschnofen,71,,12,4,16
058 Welschnofen,72,,6,9,15
058 Welschnofen,73,,13,9,22
058 Welschnofen,74,,10,12,22
058 Welschnofen,75,,8,6,14
058 Welschnofen,76,,4,7,11
058 Welschnofen,77,,9,6,15
058 Welschnofen,78,,6,8,14
058 Welschnofen,79,,7,3,10
058 Welschnofen,80,,3,10,13
058 Welschnofen,81,,5,6,11
058 Welschnofen,82,,8,9,17
058 Welschnofen,83,,5,10,15
058 Welschnofen,84,,6,6,12
058 Welschnofen,85,,2,6,8
058 Welschnofen,86,,2,7,9
058 Welschnofen,87,,1,7,8
058 Welschnofen,88,,5,1,6
058 Welschnofen,89,,-,3,3
058 Welschnofen,90,,1,4,5
058 Welschnofen,91,,2,1,3
058 Welschnofen,92,,-,4,4
058 Welschnofen,93,,1,2,3
058 Welschnofen,94,,3,2,5
058 Welschnofen,95,,-,4,4
058 Welschnofen,96,,-,2,2
058 Welschnofen,97,,1,-,1
059 Deutschnofen,0,,30,21,51
059 Deutschnofen,1,,19,17,36
059 Deutschnofen,2,,20,10,30
059 Deutschnofen,3,,29,12,41
059 Deutschnofen,4,,21,20,41
059 Deutschnofen,5,,15,17,32
059 Deutschnofen,6,,24,18,42
059 Deutschnofen,7,,28,18,46
059 Deutschnofen,8,,20,19,39
059 Deutschnofen,9,,18,16,34
059 Deutschnofen,10,,22,28,50
059 Deutschnofen,11,,28,33,61
059 Deutschnofen,12,,18,30,48
059 Deutschnofen,13,,17,33,50
059 Deutschnofen,14,,32,14,46
059 Deutschnofen,15,,24,31,55
059 Deutschnofen,16,,23,27,50
059 Deutschnofen,17,,28,25,53
059 Deutschnofen,18,,34,13,47
059 Deutschnofen,19,,23,30,53
059 Deutschnofen,20,,20,29,49
059 Deutschnofen,21,,26,24,50
059 Deutschnofen,22,,26,16,42
059 Deutschnofen,23,,24,27,51
059 Deutschnofen,24,,33,31,64
059 Deutschnofen,25,,28,20,48
059 Deutschnofen,26,,30,28,58
059 Deutschnofen,27,,25,21,46
059 Deutschnofen,28,,21,32,53
059 Deutschnofen,29,,18,26,44
059 Deutschnofen,30,,29,23,52
059 Deutschnofen,31,,27,25,52
059 Deutschnofen,32,,32,28,60
059 Deutschnofen,33,,23,24,47
059 Deutschnofen,34,,20,29,49
059 Deutschnofen,35,,23,16,39
059 Deutschnofen,36,,26,30,56
059 Deutschnofen,37,,22,23,45
059 Deutschnofen,38,,23,16,39
059 Deutschnofen,39,,29,21,50
059 Deutschnofen,40,,23,28,51
059 Deutschnofen,41,,20,20,40
059 Deutschnofen,42,,27,30,57
059 Deutschnofen,43,,25,29,54
059 Deutschnofen,44,,30,34,64
059 Deutschnofen,45,,31,24,55
059 Deutschnofen,46,,32,33,65
059 Deutschnofen,47,,38,29,67
059 Deutschnofen,48,,27,32,59
059 Deutschnofen,49,,25,29,54
059 Deutschnofen,50,,36,38,74
059 Deutschnofen,51,,34,21,55
059 Deutschnofen,52,,29,31,60
059 Deutschnofen,53,,37,26,63
059 Deutschnofen,54,,25,30,55
059 Deutschnofen,55,,33,25,58
059 Deutschnofen,56,,41,29,70
059 Deutschnofen,57,,28,18,46
059 Deutschnofen,58,,21,27,48
059 Deutschnofen,59,,19,25,44
059 Deutschnofen,60,,29,27,56
059 Deutschnofen,61,,33,22,55
059 Deutschnofen,62,,27,22,49
059 Deutschnofen,63,,23,16,39
059 Deutschnofen,64,,22,21,43
059 Deutschnofen,65,,20,15,35
059 Deutschnofen,66,,17,18,35
059 Deutschnofen,67,,16,17,33
059 Deutschnofen,68,,22,15,37
059 Deutschnofen,69,,10,12,22
059 Deutschnofen,70,,16,21,37
059 Deutschnofen,71,,13,14,27
059 Deutschnofen,72,,16,15,31
059 Deutschnofen,73,,17,22,39
059 Deutschnofen,74,,16,17,33
059 Deutschnofen,75,,16,20,36
059 Deutschnofen,76,,13,16,29
059 Deutschnofen,77,,17,13,30
059 Deutschnofen,78,,14,18,32
059 Deutschnofen,79,,8,4,12
059 Deutschnofen,80,,10,8,18
059 Deutschnofen,81,,4,8,12
059 Deutschnofen,82,,10,7,17
059 Deutschnofen,83,,5,12,17
059 Deutschnofen,84,,10,11,21
059 Deutschnofen,85,,4,6,10
059 Deutschnofen,86,,4,8,12
059 Deutschnofen,87,,3,1,4
059 Deutschnofen,88,,4,11,15
059 Deutschnofen,89,,4,9,13
059 Deutschnofen,90,,4,4,8
059 Deutschnofen,91,,1,9,10
059 Deutschnofen,92,,-,4,4
059 Deutschnofen,93,,1,4,5
059 Deutschnofen,94,,1,4,5
059 Deutschnofen,95,,-,2,2
059 Deutschnofen,96,,-,3,3
060 Auer,0,,18,13,31
060 Auer,1,,21,16,37
060 Auer,2,,21,29,50
060 Auer,3,,23,14,37
060 Auer,4,,21,12,33
060 Auer,5,,22,25,47
060 Auer,6,,27,14,41
060 Auer,7,,15,28,43
060 Auer,8,,10,22,32
060 Auer,9,,22,15,37
060 Auer,10,,17,16,33
060 Auer,11,,25,23,48
060 Auer,12,,20,23,43
060 Auer,13,,21,13,34
060 Auer,14,,32,18,50
060 Auer,15,,14,27,41
060 Auer,16,,22,19,41
060 Auer,17,,18,25,43
060 Auer,18,,22,24,46
060 Auer,19,,22,20,42
060 Auer,20,,21,21,42
060 Auer,21,,19,19,38
060 Auer,22,,24,25,49
060 Auer,23,,11,24,35
060 Auer,24,,23,24,47
060 Auer,25,,29,21,50
060 Auer,26,,17,19,36
060 Auer,27,,18,21,39
060 Auer,28,,21,30,51
060 Auer,29,,26,19,45
060 Auer,30,,21,19,40
060 Auer,31,,25,35,60
060 Auer,32,,25,19,44
060 Auer,33,,17,19,36
060 Auer,34,,30,26,56
060 Auer,35,,25,18,43
060 Auer,36,,22,18,40
060 Auer,37,,28,26,54
060 Auer,38,,21,23,44
060 Auer,39,,20,33,53
060 Auer,40,,22,31,53
060 Auer,41,,19,17,36
060 Auer,42,,31,30,61
060 Auer,43,,25,27,52
060 Auer,44,,15,27,42
060 Auer,45,,43,28,71
060 Auer,46,,29,25,54
060 Auer,47,,21,30,51
060 Auer,48,,34,41,75
060 Auer,49,,27,25,52
060 Auer,50,,36,41,77
060 Auer,51,,35,29,64
060 Auer,52,,28,25,53
060 Auer,53,,29,42,71
060 Auer,54,,27,24,51
060 Auer,55,,34,31,65
060 Auer,56,,28,32,60
060 Auer,57,,34,31,65
060 Auer,58,,36,26,62
060 Auer,59,,20,24,44
060 Auer,60,,28,30,58
060 Auer,61,,16,21,37
060 Auer,62,,19,15,34
060 Auer,63,,16,23,39
060 Auer,64,,17,23,40
060 Auer,65,,14,19,33
060 Auer,66,,14,19,33
060 Auer,67,,14,13,27
060 Auer,68,,27,14,41
060 Auer,69,,16,17,33
060 Auer,70,,14,23,37
060 Auer,71,,10,14,24
060 Auer,72,,22,14,36
060 Auer,73,,10,18,28
060 Auer,74,,14,18,32
060 Auer,75,,17,14,31
060 Auer,76,,10,8,18
060 Auer,77,,9,20,29
060 Auer,78,,13,16,29
060 Auer,79,,7,10,17
060 Auer,80,,7,7,14
060 Auer,81,,7,15,22
060 Auer,82,,12,12,24
060 Auer,83,,2,8,10
060 Auer,84,,1,9,10
060 Auer,85,,3,7,10
060 Auer,86,,3,6,9
060 Auer,87,,4,9,13
060 Auer,88,,3,4,7
060 Auer,89,,1,7,8
060 Auer,90,,-,13,13
060 Auer,91,,8,3,11
060 Auer,92,,3,5,8
060 Auer,93,,2,6,8
060 Auer,94,,1,4,5
060 Auer,95,,-,1,1
060 Auer,96,,2,1,3
060 Auer,98,,-,2,2
060 Auer,103,,1,-,1
061 St.Ulrich,0,,27,23,50
061 St.Ulrich,1,,26,16,42
061 St.Ulrich,2,,30,27,57
061 St.Ulrich,3,,18,20,38
061 St.Ulrich,4,,19,14,33
061 St.Ulrich,5,,33,30,63
061 St.Ulrich,6,,22,22,44
061 St.Ulrich,7,,23,25,48
061 St.Ulrich,8,,36,24,60
061 St.Ulrich,9,,30,35,65
061 St.Ulrich,10,,34,27,61
061 St.Ulrich,11,,33,24,57
061 St.Ulrich,12,,21,31,52
061 St.Ulrich,13,,23,27,50
061 St.Ulrich,14,,25,40,65
061 St.Ulrich,15,,20,23,43
061 St.Ulrich,16,,30,35,65
061 St.Ulrich,17,,43,31,74
061 St.Ulrich,18,,51,34,85
061 St.Ulrich,19,,40,28,68
061 St.Ulrich,20,,30,25,55
061 St.Ulrich,21,,30,30,60
061 St.Ulrich,22,,33,32,65
061 St.Ulrich,23,,26,34,60
061 St.Ulrich,24,,36,30,66
061 St.Ulrich,25,,33,35,68
061 St.Ulrich,26,,32,28,60
061 St.Ulrich,27,,21,21,42
061 St.Ulrich,28,,22,31,53
061 St.Ulrich,29,,27,21,48
061 St.Ulrich,30,,26,24,50
061 St.Ulrich,31,,23,17,40
061 St.Ulrich,32,,20,18,38
061 St.Ulrich,33,,21,23,44
061 St.Ulrich,34,,31,31,62
061 St.Ulrich,35,,26,34,60
061 St.Ulrich,36,,23,33,56
061 St.Ulrich,37,,26,37,63
061 St.Ulrich,38,,22,32,54
061 St.Ulrich,39,,25,22,47
061 St.Ulrich,40,,34,34,68
061 St.Ulrich,41,,35,25,60
061 St.Ulrich,42,,37,34,71
061 St.Ulrich,43,,38,32,70
061 St.Ulrich,44,,44,36,80
061 St.Ulrich,45,,39,40,79
061 St.Ulrich,46,,40,35,75
061 St.Ulrich,47,,38,45,83
061 St.Ulrich,48,,40,43,83
061 St.Ulrich,49,,40,39,79
061 St.Ulrich,50,,31,39,70
061 St.Ulrich,51,,35,30,65
061 St.Ulrich,52,,35,42,77
061 St.Ulrich,53,,37,35,72
061 St.Ulrich,54,,32,34,66
061 St.Ulrich,55,,25,28,53
061 St.Ulrich,56,,31,26,57
061 St.Ulrich,57,,38,23,61
061 St.Ulrich,58,,22,18,40
061 St.Ulrich,59,,23,31,54
061 St.Ulrich,60,,17,29,46
061 St.Ulrich,61,,23,36,59
061 St.Ulrich,62,,28,34,62
061 St.Ulrich,63,,26,19,45
061 St.Ulrich,64,,13,29,42
061 St.Ulrich,65,,26,26,52
061 St.Ulrich,66,,18,24,42
061 St.Ulrich,67,,16,28,44
061 St.Ulrich,68,,29,28,57
061 St.Ulrich,69,,19,23,42
061 St.Ulrich,70,,30,23,53
061 St.Ulrich,71,,15,16,31
061 St.Ulrich,72,,20,32,52
061 St.Ulrich,73,,36,35,71
061 St.Ulrich,74,,23,33,56
061 St.Ulrich,75,,30,40,70
061 St.Ulrich,76,,25,26,51
061 St.Ulrich,77,,15,17,32
061 St.Ulrich,78,,21,22,43
061 St.Ulrich,79,,20,22,42
061 St.Ulrich,80,,18,14,32
061 St.Ulrich,81,,10,20,30
061 St.Ulrich,82,,11,8,19
061 St.Ulrich,83,,10,10,20
061 St.Ulrich,84,,11,20,31
061 St.Ulrich,85,,12,13,25
061 St.Ulrich,86,,10,6,16
061 St.Ulrich,87,,9,3,12
061 St.Ulrich,88,,7,9,16
061 St.Ulrich,89,,6,6,12
061 St.Ulrich,90,,3,8,11
061 St.Ulrich,91,,2,5,7
061 St.Ulrich,92,,1,4,5
061 St.Ulrich,93,,-,6,6
061 St.Ulrich,94,,1,4,5
061 St.Ulrich,95,,2,2,4
061 St.Ulrich,96,,1,3,4
061 St.Ulrich,97,,-,1,1
061 St.Ulrich,98,,-,1,1
061 St.Ulrich,101,,-,1,1
061 St.Ulrich,103,,-,1,1
062 Partschins,0,,13,30,43
062 Partschins,1,,23,16,39
062 Partschins,2,,24,15,39
062 Partschins,3,,17,21,38
062 Partschins,4,,29,16,45
062 Partschins,5,,19,16,35
062 Partschins,6,,25,20,45
062 Partschins,7,,18,17,35
062 Partschins,8,,23,12,35
062 Partschins,9,,16,19,35
062 Partschins,10,,19,19,38
062 Partschins,11,,18,25,43
062 Partschins,12,,17,24,41
062 Partschins,13,,25,16,41
062 Partschins,14,,24,18,42
062 Partschins,15,,15,14,29
062 Partschins,16,,22,17,39
062 Partschins,17,,18,19,37
062 Partschins,18,,21,10,31
062 Partschins,19,,24,24,48
062 Partschins,20,,15,20,35
062 Partschins,21,,25,14,39
062 Partschins,22,,21,21,42
062 Partschins,23,,24,20,44
062 Partschins,24,,26,19,45
062 Partschins,25,,24,35,59
062 Partschins,26,,22,23,45
062 Partschins,27,,11,31,42
062 Partschins,28,,22,29,51
062 Partschins,29,,15,17,32
062 Partschins,30,,25,19,44
062 Partschins,31,,12,17,29
062 Partschins,32,,22,24,46
062 Partschins,33,,15,24,39
062 Partschins,34,,13,23,36
062 Partschins,35,,22,34,56
062 Partschins,36,,30,29,59
062 Partschins,37,,23,25,48
062 Partschins,38,,21,14,35
062 Partschins,39,,26,23,49
062 Partschins,40,,23,18,41
062 Partschins,41,,29,18,47
062 Partschins,42,,25,25,50
062 Partschins,43,,35,27,62
062 Partschins,44,,29,26,55
062 Partschins,45,,28,36,64
062 Partschins,46,,29,36,65
062 Partschins,47,,39,24,63
062 Partschins,48,,27,33,60
062 Partschins,49,,35,24,59
062 Partschins,50,,35,39,74
062 Partschins,51,,32,27,59
062 Partschins,52,,30,41,71
062 Partschins,53,,31,25,56
062 Partschins,54,,35,24,59
062 Partschins,55,,20,24,44
062 Partschins,56,,27,43,70
062 Partschins,57,,29,24,53
062 Partschins,58,,20,19,39
062 Partschins,59,,23,25,48
062 Partschins,60,,22,17,39
062 Partschins,61,,26,23,49
062 Partschins,62,,12,30,42
062 Partschins,63,,19,17,36
062 Partschins,64,,16,15,31
062 Partschins,65,,19,18,37
062 Partschins,66,,18,20,38
062 Partschins,67,,11,10,21
062 Partschins,68,,18,17,35
062 Partschins,69,,13,18,31
062 Partschins,70,,25,27,52
062 Partschins,71,,13,15,28
062 Partschins,72,,15,14,29
062 Partschins,73,,19,23,42
062 Partschins,74,,14,16,30
062 Partschins,75,,18,28,46
062 Partschins,76,,12,14,26
062 Partschins,77,,10,13,23
062 Partschins,78,,14,10,24
062 Partschins,79,,12,13,25
062 Partschins,80,,12,16,28
062 Partschins,81,,7,7,14
062 Partschins,82,,8,15,23
062 Partschins,83,,5,13,18
062 Partschins,84,,11,10,21
062 Partschins,85,,7,13,20
062 Partschins,86,,4,5,9
062 Partschins,87,,6,6,12
062 Partschins,88,,6,5,11
062 Partschins,89,,6,8,14
062 Partschins,90,,3,6,9
062 Partschins,91,,2,6,8
062 Partschins,92,,1,6,7
062 Partschins,93,,2,3,5
062 Partschins,94,,2,2,4
062 Partschins,95,,2,2,4
062 Partschins,97,,1,1,2
063 Percha,0,,12,7,19
063 Percha,1,,11,6,17
063 Percha,2,,12,10,22
063 Percha,3,,13,15,28
063 Percha,4,,7,6,13
063 Percha,5,,6,7,13
063 Percha,6,,5,10,15
063 Percha,7,,11,8,19
063 Percha,8,,9,5,14
063 Percha,9,,9,5,14
063 Percha,10,,4,5,9
063 Percha,11,,5,10,15
063 Percha,12,,9,18,27
063 Percha,13,,9,7,16
063 Percha,14,,10,7,17
063 Percha,15,,4,5,9
063 Percha,16,,12,10,22
063 Percha,17,,6,7,13
063 Percha,18,,8,10,18
063 Percha,19,,12,14,26
063 Percha,20,,9,5,14
063 Percha,21,,8,9,17
063 Percha,22,,11,12,23
063 Percha,23,,8,8,16
063 Percha,24,,12,6,18
063 Percha,25,,11,10,21
063 Percha,26,,6,12,18
063 Percha,27,,7,9,16
063 Percha,28,,6,4,10
063 Percha,29,,12,17,29
063 Percha,30,,5,7,12
063 Percha,31,,7,10,17
063 Percha,32,,12,7,19
063 Percha,33,,16,13,29
063 Percha,34,,7,15,22
063 Percha,35,,13,10,23
063 Percha,36,,10,4,14
063 Percha,37,,5,12,17
063 Percha,38,,13,14,27
063 Percha,39,,10,4,14
063 Percha,40,,13,19,32
063 Percha,41,,7,12,19
063 Percha,42,,9,12,21
063 Percha,43,,15,12,27
063 Percha,44,,12,9,21
063 Percha,45,,20,17,37
063 Percha,46,,7,9,16
063 Percha,47,,22,14,36
063 Percha,48,,19,15,34
063 Percha,49,,9,9,18
063 Percha,50,,20,6,26
063 Percha,51,,14,19,33
063 Percha,52,,16,7,23
063 Percha,53,,11,15,26
063 Percha,54,,18,10,28
063 Percha,55,,8,12,20
063 Percha,56,,12,7,19
063 Percha,57,,7,10,17
063 Percha,58,,9,8,17
063 Percha,59,,8,5,13
063 Percha,60,,6,15,21
063 Percha,61,,9,10,19
063 Percha,62,,5,6,11
063 Percha,63,,7,7,14
063 Percha,64,,5,10,15
063 Percha,65,,7,7,14
063 Percha,66,,7,7,14
063 Percha,67,,9,5,14
063 Percha,68,,5,5,10
063 Percha,69,,6,5,11
063 Percha,70,,7,8,15
063 Percha,71,,5,5,10
063 Percha,72,,11,5,16
063 Percha,73,,6,8,14
063 Percha,74,,8,6,14
063 Percha,75,,6,7,13
063 Percha,76,,4,6,10
063 Percha,77,,6,4,10
063 Percha,78,,5,8,13
063 Percha,79,,2,4,6
063 Percha,80,,2,1,3
063 Percha,81,,3,4,7
063 Percha,82,,5,3,8
063 Percha,83,,-,5,5
063 Percha,84,,2,3,5
063 Percha,85,,3,-,3
063 Percha,86,,4,2,6
063 Percha,87,,-,3,3
063 Percha,88,,-,1,1
063 Percha,89,,1,1,2
063 Percha,90,,1,4,5
063 Percha,91,,1,1,2
063 Percha,93,,1,2,3
064 Plaus,0,,4,5,9
064 Plaus,1,,3,3,6
064 Plaus,2,,1,3,4
064 Plaus,3,,5,3,8
064 Plaus,4,,2,5,7
064 Plaus,5,,4,1,5
064 Plaus,6,,6,5,11
064 Plaus,7,,4,2,6
064 Plaus,8,,4,4,8
064 Plaus,9,,5,3,8
064 Plaus,10,,4,1,5
064 Plaus,11,,4,1,5
064 Plaus,12,,6,3,9
064 Plaus,13,,3,4,7
064 Plaus,14,,4,6,10
064 Plaus,15,,9,4,13
064 Plaus,16,,11,5,16
064 Plaus,17,,13,6,19
064 Plaus,18,,6,8,14
064 Plaus,19,,9,4,13
064 Plaus,20,,3,3,6
064 Plaus,21,,2,2,4
064 Plaus,22,,6,2,8
064 Plaus,23,,10,2,12
064 Plaus,24,,8,8,16
064 Plaus,25,,3,8,11
064 Plaus,26,,6,-,6
064 Plaus,27,,6,5,11
064 Plaus,28,,3,4,7
064 Plaus,29,,6,3,9
064 Plaus,30,,-,5,5
064 Plaus,31,,4,5,9
064 Plaus,32,,4,4,8
064 Plaus,33,,2,2,4
064 Plaus,34,,1,4,5
064 Plaus,35,,3,5,8
064 Plaus,36,,5,4,9
064 Plaus,37,,5,8,13
064 Plaus,38,,4,4,8
064 Plaus,39,,3,8,11
064 Plaus,40,,5,5,10
064 Plaus,41,,12,4,16
064 Plaus,42,,7,12,19
064 Plaus,43,,12,7,19
064 Plaus,44,,8,5,13
064 Plaus,45,,7,8,15
064 Plaus,46,,7,4,11
064 Plaus,47,,5,10,15
064 Plaus,48,,4,8,12
064 Plaus,49,,7,10,17
064 Plaus,50,,5,5,10
064 Plaus,51,,12,4,16
064 Plaus,52,,8,9,17
064 Plaus,53,,2,4,6
064 Plaus,54,,8,5,13
064 Plaus,55,,6,6,12
064 Plaus,56,,3,7,10
064 Plaus,57,,6,1,7
064 Plaus,58,,3,3,6
064 Plaus,59,,4,2,6
064 Plaus,60,,2,2,4
064 Plaus,61,,1,5,6
064 Plaus,62,,1,3,4
064 Plaus,63,,2,5,7
064 Plaus,64,,4,2,6
064 Plaus,65,,4,3,7
064 Plaus,66,,1,1,2
064 Plaus,67,,4,3,7
064 Plaus,68,,-,3,3
064 Plaus,69,,2,3,5
064 Plaus,70,,5,1,6
064 Plaus,71,,3,1,4
064 Plaus,72,,2,2,4
064 Plaus,73,,5,1,6
064 Plaus,74,,-,5,5
064 Plaus,75,,3,2,5
064 Plaus,76,,3,1,4
064 Plaus,77,,3,2,5
064 Plaus,79,,1,3,4
064 Plaus,81,,1,3,4
064 Plaus,82,,4,1,5
064 Plaus,83,,2,2,4
064 Plaus,84,,3,3,6
064 Plaus,87,,1,-,1
064 Plaus,88,,-,1,1
064 Plaus,89,,1,1,2
064 Plaus,90,,-,1,1
064 Plaus,97,,-,1,1
065 Waidbruck,0,,1,-,1
065 Waidbruck,1,,1,1,2
065 Waidbruck,2,,1,-,1
065 Waidbruck,3,,1,-,1
065 Waidbruck,4,,1,1,2
065 Waidbruck,5,,1,1,2
065 Waidbruck,6,,-,1,1
065 Waidbruck,7,,2,2,4
065 Waidbruck,8,,2,-,2
065 Waidbruck,9,,2,-,2
065 Waidbruck,10,,3,-,3
065 Waidbruck,12,,1,1,2
065 Waidbruck,13,,-,2,2
065 Waidbruck,14,,1,1,2
065 Waidbruck,15,,1,2,3
065 Waidbruck,16,,1,1,2
065 Waidbruck,17,,2,1,3
065 Waidbruck,18,,1,-,1
065 Waidbruck,19,,4,4,8
065 Waidbruck,20,,3,2,5
065 Waidbruck,21,,2,1,3
065 Waidbruck,22,,3,1,4
065 Waidbruck,23,,-,3,3
065 Waidbruck,24,,-,4,4
065 Waidbruck,25,,1,1,2
065 Waidbruck,26,,1,1,2
065 Waidbruck,27,,2,1,3
065 Waidbruck,28,,1,1,2
065 Waidbruck,29,,1,-,1
065 Waidbruck,30,,1,2,3
065 Waidbruck,31,,3,-,3
065 Waidbruck,32,,2,-,2
065 Waidbruck,35,,3,1,4
065 Waidbruck,36,,2,1,3
065 Waidbruck,37,,1,-,1
065 Waidbruck,38,,5,-,5
065 Waidbruck,39,,-,1,1
065 Waidbruck,40,,-,1,1
065 Waidbruck,41,,2,2,4
065 Waidbruck,42,,3,3,6
065 Waidbruck,43,,1,1,2
065 Waidbruck,44,,1,2,3
065 Waidbruck,45,,2,-,2
065 Waidbruck,46,,2,1,3
065 Waidbruck,47,,4,2,6
065 Waidbruck,48,,2,2,4
065 Waidbruck,49,,2,4,6
065 Waidbruck,50,,4,2,6
065 Waidbruck,51,,2,2,4
065 Waidbruck,52,,2,-,2
065 Waidbruck,53,,-,1,1
065 Waidbruck,54,,2,-,2
065 Waidbruck,55,,1,2,3
065 Waidbruck,56,,3,-,3
065 Waidbruck,57,,2,1,3
065 Waidbruck,58,,-,1,1
065 Waidbruck,59,,1,1,2
065 Waidbruck,60,,2,-,2
065 Waidbruck,61,,3,-,3
065 Waidbruck,64,,1,-,1
065 Waidbruck,65,,-,1,1
065 Waidbruck,68,,1,-,1
065 Waidbruck,70,,-,3,3
065 Waidbruck,71,,1,1,2
065 Waidbruck,72,,2,1,3
065 Waidbruck,73,,-,1,1
065 Waidbruck,74,,1,1,2
065 Waidbruck,75,,-,1,1
065 Waidbruck,76,,-,2,2
065 Waidbruck,77,,1,-,1
065 Waidbruck,78,,-,2,2
065 Waidbruck,79,,1,-,1
065 Waidbruck,80,,1,1,2
065 Waidbruck,81,,-,2,2
065 Waidbruck,82,,-,1,1
065 Waidbruck,84,,-,2,2
065 Waidbruck,85,,1,-,1
065 Waidbruck,87,,-,1,1
065 Waidbruck,88,,1,-,1
065 Waidbruck,89,,1,1,2
065 Waidbruck,90,,-,1,1
065 Waidbruck,91,,1,-,1
066 Burgstall,0,,13,6,19
066 Burgstall,1,,9,13,22
066 Burgstall,2,,8,8,16
066 Burgstall,3,,13,16,29
066 Burgstall,4,,7,8,15
066 Burgstall,5,,10,15,25
066 Burgstall,6,,10,13,23
066 Burgstall,7,,14,7,21
066 Burgstall,8,,11,14,25
066 Burgstall,9,,9,8,17
066 Burgstall,10,,8,9,17
066 Burgstall,11,,7,7,14
066 Burgstall,12,,14,9,23
066 Burgstall,13,,10,10,20
066 Burgstall,14,,6,12,18
066 Burgstall,15,,9,9,18
066 Burgstall,16,,10,11,21
066 Burgstall,17,,11,10,21
066 Burgstall,18,,9,9,18
066 Burgstall,19,,14,6,20
066 Burgstall,20,,9,6,15
066 Burgstall,21,,10,7,17
066 Burgstall,22,,7,6,13
066 Burgstall,23,,6,11,17
066 Burgstall,24,,7,6,13
066 Burgstall,25,,11,12,23
066 Burgstall,26,,13,9,22
066 Burgstall,27,,10,9,19
066 Burgstall,28,,10,12,22
066 Burgstall,29,,11,11,22
066 Burgstall,30,,10,9,19
066 Burgstall,31,,10,17,27
066 Burgstall,32,,7,16,23
066 Burgstall,33,,11,15,26
066 Burgstall,34,,9,14,23
066 Burgstall,35,,12,6,18
066 Burgstall,36,,14,10,24
066 Burgstall,37,,15,10,25
066 Burgstall,38,,9,14,23
066 Burgstall,39,,9,19,28
066 Burgstall,40,,7,11,18
066 Burgstall,41,,21,12,33
066 Burgstall,42,,7,18,25
066 Burgstall,43,,10,20,30
066 Burgstall,44,,14,22,36
066 Burgstall,45,,14,12,26
066 Burgstall,46,,19,16,35
066 Burgstall,47,,18,12,30
066 Burgstall,48,,20,21,41
066 Burgstall,49,,14,15,29
066 Burgstall,50,,15,19,34
066 Burgstall,51,,19,18,37
066 Burgstall,52,,16,13,29
066 Burgstall,53,,18,16,34
066 Burgstall,54,,19,12,31
066 Burgstall,55,,16,21,37
066 Burgstall,56,,16,12,28
066 Burgstall,57,,11,7,18
066 Burgstall,58,,16,11,27
066 Burgstall,59,,11,11,22
066 Burgstall,60,,14,11,25
066 Burgstall,61,,10,13,23
066 Burgstall,62,,10,16,26
066 Burgstall,63,,10,11,21
066 Burgstall,64,,15,11,26
066 Burgstall,65,,13,6,19
066 Burgstall,66,,10,11,21
066 Burgstall,67,,10,8,18
066 Burgstall,68,,7,11,18
066 Burgstall,69,,7,9,16
066 Burgstall,70,,9,9,18
066 Burgstall,71,,7,7,14
066 Burgstall,72,,8,10,18
066 Burgstall,73,,11,8,19
066 Burgstall,74,,5,5,10
066 Burgstall,75,,5,6,11
066 Burgstall,76,,4,12,16
066 Burgstall,77,,5,8,13
066 Burgstall,78,,9,12,21
066 Burgstall,79,,4,7,11
066 Burgstall,80,,4,6,10
066 Burgstall,81,,6,3,9
066 Burgstall,82,,2,7,9
066 Burgstall,83,,5,3,8
066 Burgstall,84,,2,4,6
066 Burgstall,85,,3,2,5
066 Burgstall,86,,3,4,7
066 Burgstall,87,,-,3,3
066 Burgstall,88,,3,4,7
066 Burgstall,89,,1,6,7
066 Burgstall,90,,3,6,9
066 Burgstall,91,,1,1,2
066 Burgstall,92,,-,2,2
066 Burgstall,94,,-,3,3
066 Burgstall,96,,1,-,1
066 Burgstall,98,,-,1,1
067 Prad am Stilfser Joch,0,,29,18,47
067 Prad am Stilfser Joch,1,,27,25,52
067 Prad am Stilfser Joch,2,,25,32,57
067 Prad am Stilfser Joch,3,,10,15,25
067 Prad am Stilfser Joch,4,,15,17,32
067 Prad am Stilfser Joch,5,,17,14,31
067 Prad am Stilfser Joch,6,,21,12,33
067 Prad am Stilfser Joch,7,,17,12,29
067 Prad am Stilfser Joch,8,,14,19,33
067 Prad am Stilfser Joch,9,,16,10,26
067 Prad am Stilfser Joch,10,,17,19,36
067 Prad am Stilfser Joch,11,,23,14,37
067 Prad am Stilfser Joch,12,,19,22,41
067 Prad am Stilfser Joch,13,,19,13,32
067 Prad am Stilfser Joch,14,,14,17,31
067 Prad am Stilfser Joch,15,,25,20,45
067 Prad am Stilfser Joch,16,,18,19,37
067 Prad am Stilfser Joch,17,,20,21,41
067 Prad am Stilfser Joch,18,,20,23,43
067 Prad am Stilfser Joch,19,,28,19,47
067 Prad am Stilfser Joch,20,,23,21,44
067 Prad am Stilfser Joch,21,,22,15,37
067 Prad am Stilfser Joch,22,,21,27,48
067 Prad am Stilfser Joch,23,,24,32,56
067 Prad am Stilfser Joch,24,,19,24,43
067 Prad am Stilfser Joch,25,,20,14,34
067 Prad am Stilfser Joch,26,,21,24,45
067 Prad am Stilfser Joch,27,,18,23,41
067 Prad am Stilfser Joch,28,,27,16,43
067 Prad am Stilfser Joch,29,,17,25,42
067 Prad am Stilfser Joch,30,,24,35,59
067 Prad am Stilfser Joch,31,,28,20,48
067 Prad am Stilfser Joch,32,,29,32,61
067 Prad am Stilfser Joch,33,,27,23,50
067 Prad am Stilfser Joch,34,,29,18,47
067 Prad am Stilfser Joch,35,,24,23,47
067 Prad am Stilfser Joch,36,,25,20,45
067 Prad am Stilfser Joch,37,,20,23,43
067 Prad am Stilfser Joch,38,,21,22,43
067 Prad am Stilfser Joch,39,,25,27,52
067 Prad am Stilfser Joch,40,,29,21,50
067 Prad am Stilfser Joch,41,,21,23,44
067 Prad am Stilfser Joch,42,,27,18,45
067 Prad am Stilfser Joch,43,,24,42,66
067 Prad am Stilfser Joch,44,,23,25,48
067 Prad am Stilfser Joch,45,,23,27,50
067 Prad am Stilfser Joch,46,,24,25,49
067 Prad am Stilfser Joch,47,,30,34,64
067 Prad am Stilfser Joch,48,,35,36,71
067 Prad am Stilfser Joch,49,,29,25,54
067 Prad am Stilfser Joch,50,,33,27,60
067 Prad am Stilfser Joch,51,,34,27,61
067 Prad am Stilfser Joch,52,,24,28,52
067 Prad am Stilfser Joch,53,,28,12,40
067 Prad am Stilfser Joch,54,,29,33,62
067 Prad am Stilfser Joch,55,,22,25,47
067 Prad am Stilfser Joch,56,,19,26,45
067 Prad am Stilfser Joch,57,,35,18,53
067 Prad am Stilfser Joch,58,,20,28,48
067 Prad am Stilfser Joch,59,,24,25,49
067 Prad am Stilfser Joch,60,,25,24,49
067 Prad am Stilfser Joch,61,,23,19,42
067 Prad am Stilfser Joch,62,,26,17,43
067 Prad am Stilfser Joch,63,,28,18,46
067 Prad am Stilfser Joch,64,,13,19,32
067 Prad am Stilfser Joch,65,,17,23,40
067 Prad am Stilfser Joch,66,,18,17,35
067 Prad am Stilfser Joch,67,,20,21,41
067 Prad am Stilfser Joch,68,,18,12,30
067 Prad am Stilfser Joch,69,,14,12,26
067 Prad am Stilfser Joch,70,,13,14,27
067 Prad am Stilfser Joch,71,,13,9,22
067 Prad am Stilfser Joch,72,,10,15,25
067 Prad am Stilfser Joch,73,,21,19,40
067 Prad am Stilfser Joch,74,,12,16,28
067 Prad am Stilfser Joch,75,,24,7,31
067 Prad am Stilfser Joch,76,,7,16,23
067 Prad am Stilfser Joch,77,,11,15,26
067 Prad am Stilfser Joch,78,,14,11,25
067 Prad am Stilfser Joch,79,,5,8,13
067 Prad am Stilfser Joch,80,,8,7,15
067 Prad am Stilfser Joch,81,,13,11,24
067 Prad am Stilfser Joch,82,,6,20,26
067 Prad am Stilfser Joch,83,,9,9,18
067 Prad am Stilfser Joch,84,,4,15,19
067 Prad am Stilfser Joch,85,,5,8,13
067 Prad am Stilfser Joch,86,,5,7,12
067 Prad am Stilfser Joch,87,,2,10,12
067 Prad am Stilfser Joch,88,,2,5,7
067 Prad am Stilfser Joch,89,,4,7,11
067 Prad am Stilfser Joch,90,,1,1,2
067 Prad am Stilfser Joch,91,,4,-,4
067 Prad am Stilfser Joch,92,,1,3,4
067 Prad am Stilfser Joch,93,,1,5,6
067 Prad am Stilfser Joch,94,,-,3,3
067 Prad am Stilfser Joch,96,,-,1,1
067 Prad am Stilfser Joch,97,,1,1,2
067 Prad am Stilfser Joch,100,,-,1,1
068 Prettau,0,,2,-,2
068 Prettau,1,,-,1,1
068 Prettau,2,,1,1,2
068 Prettau,3,,1,2,3
068 Prettau,4,,1,-,1
068 Prettau,5,,4,3,7
068 Prettau,6,,1,1,2
068 Prettau,7,,1,1,2
068 Prettau,8,,7,3,10
068 Prettau,9,,5,2,7
068 Prettau,10,,5,7,12
068 Prettau,11,,2,1,3
068 Prettau,12,,4,5,9
068 Prettau,13,,2,4,6
068 Prettau,14,,1,2,3
068 Prettau,15,,3,5,8
068 Prettau,16,,1,3,4
068 Prettau,17,,5,6,11
068 Prettau,18,,5,3,8
068 Prettau,19,,1,6,7
068 Prettau,20,,1,2,3
068 Prettau,21,,4,4,8
068 Prettau,22,,3,7,10
068 Prettau,23,,2,5,7
068 Prettau,24,,2,3,5
068 Prettau,25,,1,3,4
068 Prettau,26,,1,5,6
068 Prettau,27,,-,1,1
068 Prettau,28,,4,2,6
068 Prettau,29,,5,-,5
068 Prettau,30,,1,2,3
068 Prettau,31,,-,1,1
068 Prettau,32,,3,5,8
068 Prettau,33,,3,1,4
068 Prettau,34,,2,3,5
068 Prettau,35,,3,-,3
068 Prettau,36,,2,5,7
068 Prettau,37,,5,3,8
068 Prettau,38,,1,3,4
068 Prettau,39,,3,2,5
068 Prettau,40,,3,2,5
068 Prettau,41,,3,1,4
068 Prettau,42,,4,1,5
068 Prettau,43,,5,6,11
068 Prettau,44,,9,3,12
068 Prettau,45,,4,6,10
068 Prettau,46,,3,6,9
068 Prettau,47,,5,5,10
068 Prettau,48,,3,1,4
068 Prettau,49,,10,2,12
068 Prettau,50,,6,-,6
068 Prettau,51,,3,7,10
068 Prettau,52,,5,6,11
068 Prettau,53,,4,5,9
068 Prettau,54,,2,5,7
068 Prettau,55,,5,6,11
068 Prettau,56,,6,4,10
068 Prettau,57,,5,2,7
068 Prettau,58,,7,-,7
068 Prettau,59,,2,1,3
068 Prettau,60,,5,5,10
068 Prettau,61,,6,4,10
068 Prettau,62,,5,2,7
068 Prettau,63,,3,3,6
068 Prettau,64,,4,3,7
068 Prettau,65,,3,2,5
068 Prettau,66,,2,2,4
068 Prettau,67,,2,3,5
068 Prettau,68,,2,1,3
068 Prettau,69,,4,5,9
068 Prettau,70,,6,3,9
068 Prettau,71,,1,2,3
068 Prettau,72,,6,5,11
068 Prettau,73,,4,3,7
068 Prettau,74,,3,2,5
068 Prettau,75,,3,2,5
068 Prettau,76,,4,3,7
068 Prettau,77,,4,3,7
068 Prettau,78,,5,5,10
068 Prettau,79,,2,5,7
068 Prettau,80,,3,3,6
068 Prettau,81,,2,-,2
068 Prettau,82,,-,3,3
068 Prettau,83,,2,3,5
068 Prettau,84,,1,-,1
068 Prettau,85,,1,1,2
068 Prettau,86,,3,2,5
068 Prettau,87,,2,5,7
068 Prettau,88,,-,1,1
068 Prettau,89,,2,1,3
068 Prettau,90,,-,1,1
068 Prettau,91,,-,1,1
068 Prettau,93,,-,1,1
068 Prettau,98,,-,1,1
068 Prettau,103,,-,1,1
069 Proveis,0,,2,1,3
069 Proveis,1,,1,-,1
069 Proveis,2,,2,2,4
069 Proveis,3,,2,1,3
069 Proveis,4,,1,2,3
069 Proveis,5,,-,2,2
069 Proveis,6,,2,1,3
069 Proveis,7,,3,1,4
069 Proveis,8,,-,1,1
069 Proveis,9,,1,1,2
069 Proveis,10,,1,-,1
069 Proveis,11,,-,4,4
069 Proveis,12,,3,2,5
069 Proveis,13,,2,1,3
069 Proveis,14,,4,-,4
069 Proveis,15,,1,1,2
069 Proveis,16,,-,1,1
069 Proveis,17,,4,-,4
069 Proveis,18,,2,2,4
069 Proveis,19,,2,2,4
069 Proveis,20,,1,1,2
069 Proveis,21,,-,4,4
069 Proveis,22,,3,1,4
069 Proveis,23,,2,1,3
069 Proveis,24,,4,2,6
069 Proveis,25,,5,2,7
069 Proveis,26,,1,1,2
069 Proveis,27,,1,1,2
069 Proveis,28,,2,1,3
069 Proveis,29,,1,4,5
069 Proveis,30,,3,-,3
069 Proveis,31,,5,-,5
069 Proveis,32,,3,2,5
069 Proveis,33,,3,-,3
069 Proveis,34,,2,-,2
069 Proveis,35,,2,3,5
069 Proveis,37,,2,-,2
069 Proveis,38,,1,3,4
069 Proveis,39,,2,1,3
069 Proveis,40,,1,1,2
069 Proveis,41,,2,-,2
069 Proveis,42,,3,2,5
069 Proveis,43,,2,-,2
069 Proveis,44,,-,1,1
069 Proveis,45,,-,1,1
069 Proveis,46,,3,3,6
069 Proveis,47,,3,3,6
069 Proveis,48,,4,1,5
069 Proveis,49,,3,1,4
069 Proveis,50,,1,2,3
069 Proveis,51,,1,2,3
069 Proveis,52,,3,1,4
069 Proveis,53,,4,2,6
069 Proveis,54,,2,2,4
069 Proveis,55,,3,1,4
069 Proveis,56,,1,4,5
069 Proveis,57,,4,-,4
069 Proveis,58,,1,3,4
069 Proveis,59,,2,2,4
069 Proveis,60,,4,2,6
069 Proveis,61,,4,4,8
069 Proveis,62,,2,2,4
069 Proveis,63,,1,1,2
069 Proveis,64,,1,3,4
069 Proveis,65,,2,-,2
069 Proveis,66,,1,1,2
069 Proveis,67,,1,-,1
069 Proveis,68,,2,-,2
069 Proveis,69,,1,2,3
069 Proveis,70,,2,-,2
069 Proveis,71,,1,-,1
069 Proveis,72,,1,-,1
069 Proveis,73,,1,1,2
069 Proveis,74,,1,1,2
069 Proveis,75,,1,1,2
069 Proveis,76,,2,-,2
069 Proveis,77,,-,3,3
069 Proveis,78,,-,2,2
069 Proveis,79,,1,1,2
069 Proveis,80,,1,1,2
069 Proveis,85,,1,-,1
069 Proveis,87,,-,1,1
069 Proveis,88,,2,-,2
069 Proveis,89,,-,1,1
070 Ratschings,0,,21,36,57
070 Ratschings,1,,22,22,44
070 Ratschings,2,,28,24,52
070 Ratschings,3,,22,28,50
070 Ratschings,4,,27,26,53
070 Ratschings,5,,16,23,39
070 Ratschings,6,,26,27,53
070 Ratschings,7,,24,21,45
070 Ratschings,8,,21,16,37
070 Ratschings,9,,27,24,51
070 Ratschings,10,,25,23,48
070 Ratschings,11,,22,26,48
070 Ratschings,12,,35,27,62
070 Ratschings,13,,34,22,56
070 Ratschings,14,,17,28,45
070 Ratschings,15,,26,33,59
070 Ratschings,16,,35,26,61
070 Ratschings,17,,30,22,52
070 Ratschings,18,,34,22,56
070 Ratschings,19,,34,35,69
070 Ratschings,20,,30,30,60
070 Ratschings,21,,30,26,56
070 Ratschings,22,,23,26,49
070 Ratschings,23,,24,20,44
070 Ratschings,24,,35,39,74
070 Ratschings,25,,23,22,45
070 Ratschings,26,,30,27,57
070 Ratschings,27,,27,21,48
070 Ratschings,28,,35,24,59
070 Ratschings,29,,25,20,45
070 Ratschings,30,,30,27,57
070 Ratschings,31,,29,40,69
070 Ratschings,32,,31,19,50
070 Ratschings,33,,35,20,55
070 Ratschings,34,,36,29,65
070 Ratschings,35,,31,28,59
070 Ratschings,36,,25,31,56
070 Ratschings,37,,32,29,61
070 Ratschings,38,,31,23,54
070 Ratschings,39,,32,29,61
070 Ratschings,40,,21,22,43
070 Ratschings,41,,40,35,75
070 Ratschings,42,,35,25,60
070 Ratschings,43,,34,34,68
070 Ratschings,44,,38,36,74
070 Ratschings,45,,40,37,77
070 Ratschings,46,,33,42,75
070 Ratschings,47,,36,45,81
070 Ratschings,48,,51,46,97
070 Ratschings,49,,32,36,68
070 Ratschings,50,,45,48,93
070 Ratschings,51,,34,43,77
070 Ratschings,52,,47,42,89
070 Ratschings,53,,45,27,72
070 Ratschings,54,,33,40,73
070 Ratschings,55,,35,27,62
070 Ratschings,56,,39,25,64
070 Ratschings,57,,43,24,67
070 Ratschings,58,,26,27,53
070 Ratschings,59,,28,19,47
070 Ratschings,60,,40,19,59
070 Ratschings,61,,14,32,46
070 Ratschings,62,,23,15,38
070 Ratschings,63,,23,24,47
070 Ratschings,64,,17,20,37
070 Ratschings,65,,19,15,34
070 Ratschings,66,,23,20,43
070 Ratschings,67,,19,23,42
070 Ratschings,68,,28,18,46
070 Ratschings,69,,15,16,31
070 Ratschings,70,,21,5,26
070 Ratschings,71,,18,18,36
070 Ratschings,72,,13,11,24
070 Ratschings,73,,15,13,28
070 Ratschings,74,,16,14,30
070 Ratschings,75,,17,14,31
070 Ratschings,76,,15,15,30
070 Ratschings,77,,9,16,25
070 Ratschings,78,,12,17,29
070 Ratschings,79,,11,8,19
070 Ratschings,80,,6,10,16
070 Ratschings,81,,7,12,19
070 Ratschings,82,,8,6,14
070 Ratschings,83,,9,16,25
070 Ratschings,84,,7,8,15
070 Ratschings,85,,5,8,13
070 Ratschings,86,,3,9,12
070 Ratschings,87,,5,11,16
070 Ratschings,88,,3,7,10
070 Ratschings,89,,2,6,8
070 Ratschings,90,,3,4,7
070 Ratschings,91,,2,2,4
070 Ratschings,92,,1,4,5
070 Ratschings,93,,-,1,1
070 Ratschings,94,,1,2,3
070 Ratschings,95,,-,2,2
071 Rasen-Antholz,0,,14,13,27
071 Rasen-Antholz,1,,16,18,34
071 Rasen-Antholz,2,,10,17,27
071 Rasen-Antholz,3,,13,10,23
071 Rasen-Antholz,4,,10,21,31
071 Rasen-Antholz,5,,18,17,35
071 Rasen-Antholz,6,,11,9,20
071 Rasen-Antholz,7,,14,16,30
071 Rasen-Antholz,8,,21,7,28
071 Rasen-Antholz,9,,19,17,36
071 Rasen-Antholz,10,,15,21,36
071 Rasen-Antholz,11,,25,17,42
071 Rasen-Antholz,12,,15,21,36
071 Rasen-Antholz,13,,11,23,34
071 Rasen-Antholz,14,,14,19,33
071 Rasen-Antholz,15,,20,22,42
071 Rasen-Antholz,16,,24,22,46
071 Rasen-Antholz,17,,13,18,31
071 Rasen-Antholz,18,,20,17,37
071 Rasen-Antholz,19,,25,24,49
071 Rasen-Antholz,20,,27,19,46
071 Rasen-Antholz,21,,8,14,22
071 Rasen-Antholz,22,,22,10,32
071 Rasen-Antholz,23,,16,15,31
071 Rasen-Antholz,24,,24,20,44
071 Rasen-Antholz,25,,15,17,32
071 Rasen-Antholz,26,,15,19,34
071 Rasen-Antholz,27,,17,16,33
071 Rasen-Antholz,28,,17,14,31
071 Rasen-Antholz,29,,27,12,39
071 Rasen-Antholz,30,,15,23,38
071 Rasen-Antholz,31,,21,10,31
071 Rasen-Antholz,32,,20,23,43
071 Rasen-Antholz,33,,11,23,34
071 Rasen-Antholz,34,,17,20,37
071 Rasen-Antholz,35,,20,12,32
071 Rasen-Antholz,36,,14,11,25
071 Rasen-Antholz,37,,17,23,40
071 Rasen-Antholz,38,,17,22,39
071 Rasen-Antholz,39,,11,13,24
071 Rasen-Antholz,40,,24,13,37
071 Rasen-Antholz,41,,17,21,38
071 Rasen-Antholz,42,,22,20,42
071 Rasen-Antholz,43,,27,22,49
071 Rasen-Antholz,44,,18,21,39
071 Rasen-Antholz,45,,27,23,50
071 Rasen-Antholz,46,,23,26,49
071 Rasen-Antholz,47,,23,25,48
071 Rasen-Antholz,48,,26,27,53
071 Rasen-Antholz,49,,25,29,54
071 Rasen-Antholz,50,,27,20,47
071 Rasen-Antholz,51,,29,24,53
071 Rasen-Antholz,52,,28,23,51
071 Rasen-Antholz,53,,17,22,39
071 Rasen-Antholz,54,,27,20,47
071 Rasen-Antholz,55,,18,24,42
071 Rasen-Antholz,56,,23,24,47
071 Rasen-Antholz,57,,27,17,44
071 Rasen-Antholz,58,,24,16,40
071 Rasen-Antholz,59,,20,10,30
071 Rasen-Antholz,60,,20,14,34
071 Rasen-Antholz,61,,18,14,32
071 Rasen-Antholz,62,,14,15,29
071 Rasen-Antholz,63,,13,9,22
071 Rasen-Antholz,64,,10,15,25
071 Rasen-Antholz,65,,11,11,22
071 Rasen-Antholz,66,,10,9,19
071 Rasen-Antholz,67,,14,10,24
071 Rasen-Antholz,68,,14,11,25
071 Rasen-Antholz,69,,11,14,25
071 Rasen-Antholz,70,,9,14,23
071 Rasen-Antholz,71,,10,8,18
071 Rasen-Antholz,72,,9,8,17
071 Rasen-Antholz,73,,13,11,24
071 Rasen-Antholz,74,,8,12,20
071 Rasen-Antholz,75,,14,11,25
071 Rasen-Antholz,76,,8,16,24
071 Rasen-Antholz,77,,14,12,26
071 Rasen-Antholz,78,,9,7,16
071 Rasen-Antholz,79,,6,9,15
071 Rasen-Antholz,80,,9,10,19
071 Rasen-Antholz,81,,6,8,14
071 Rasen-Antholz,82,,7,7,14
071 Rasen-Antholz,83,,5,11,16
071 Rasen-Antholz,84,,6,8,14
071 Rasen-Antholz,85,,6,13,19
071 Rasen-Antholz,86,,4,6,10
071 Rasen-Antholz,87,,5,3,8
071 Rasen-Antholz,88,,-,4,4
071 Rasen-Antholz,89,,3,1,4
071 Rasen-Antholz,90,,1,4,5
071 Rasen-Antholz,91,,3,3,6
071 Rasen-Antholz,92,,2,1,3
071 Rasen-Antholz,93,,-,4,4
071 Rasen-Antholz,94,,1,-,1
071 Rasen-Antholz,97,,-,1,1
072 Ritten,0,,40,46,86
072 Ritten,1,,41,48,89
072 Ritten,2,,41,34,75
072 Ritten,3,,35,41,76
072 Ritten,4,,42,45,87
072 Ritten,5,,43,38,81
072 Ritten,6,,47,44,91
072 Ritten,7,,44,45,89
072 Ritten,8,,37,53,90
072 Ritten,9,,47,54,101
072 Ritten,10,,55,48,103
072 Ritten,11,,45,50,95
072 Ritten,12,,51,55,106
072 Ritten,13,,44,40,84
072 Ritten,14,,36,48,84
072 Ritten,15,,50,46,96
072 Ritten,16,,45,45,90
072 Ritten,17,,50,54,104
072 Ritten,18,,46,48,94
072 Ritten,19,,57,53,110
072 Ritten,20,,44,53,97
072 Ritten,21,,55,40,95
072 Ritten,22,,59,44,103
072 Ritten,23,,53,46,99
072 Ritten,24,,45,68,113
072 Ritten,25,,60,48,108
072 Ritten,26,,63,47,110
072 Ritten,27,,54,38,92
072 Ritten,28,,57,61,118
072 Ritten,29,,58,47,105
072 Ritten,30,,50,43,93
072 Ritten,31,,45,50,95
072 Ritten,32,,46,33,79
072 Ritten,33,,51,63,114
072 Ritten,34,,38,48,86
072 Ritten,35,,48,50,98
072 Ritten,36,,53,48,101
072 Ritten,37,,57,54,111
072 Ritten,38,,50,48,98
072 Ritten,39,,64,33,97
072 Ritten,40,,46,57,103
072 Ritten,41,,52,52,104
072 Ritten,42,,63,56,119
072 Ritten,43,,57,47,104
072 Ritten,44,,51,66,117
072 Ritten,45,,59,62,121
072 Ritten,46,,55,68,123
072 Ritten,47,,52,75,127
072 Ritten,48,,67,68,135
072 Ritten,49,,75,48,123
072 Ritten,50,,60,47,107
072 Ritten,51,,74,43,117
072 Ritten,52,,67,58,125
072 Ritten,53,,65,52,117
072 Ritten,54,,53,60,113
072 Ritten,55,,47,58,105
072 Ritten,56,,59,60,119
072 Ritten,57,,72,50,122
072 Ritten,58,,38,48,86
072 Ritten,59,,38,42,80
072 Ritten,60,,44,46,90
072 Ritten,61,,47,41,88
072 Ritten,62,,36,34,70
072 Ritten,63,,50,30,80
072 Ritten,64,,42,43,85
072 Ritten,65,,45,38,83
072 Ritten,66,,30,38,68
072 Ritten,67,,32,46,78
072 Ritten,68,,51,39,90
072 Ritten,69,,30,29,59
072 Ritten,70,,22,38,60
072 Ritten,71,,19,27,46
072 Ritten,72,,35,39,74
072 Ritten,73,,33,38,71
072 Ritten,74,,39,33,72
072 Ritten,75,,31,34,65
072 Ritten,76,,30,22,52
072 Ritten,77,,31,29,60
072 Ritten,78,,25,31,56
072 Ritten,79,,21,21,42
072 Ritten,80,,14,24,38
072 Ritten,81,,16,25,41
072 Ritten,82,,15,25,40
072 Ritten,83,,10,22,32
072 Ritten,84,,10,19,29
072 Ritten,85,,8,26,34
072 Ritten,86,,6,15,21
072 Ritten,87,,10,12,22
072 Ritten,88,,7,9,16
072 Ritten,89,,7,8,15
072 Ritten,90,,5,9,14
072 Ritten,91,,-,14,14
072 Ritten,92,,4,10,14
072 Ritten,93,,5,10,15
072 Ritten,94,,-,4,4
072 Ritten,95,,-,6,6
072 Ritten,96,,1,2,3
072 Ritten,97,,-,1,1
073 Riffian,0,,9,8,17
073 Riffian,1,,6,4,10
073 Riffian,2,,6,3,9
073 Riffian,3,,8,5,13
073 Riffian,4,,1,7,8
073 Riffian,5,,12,11,23
073 Riffian,6,,7,6,13
073 Riffian,7,,8,7,15
073 Riffian,8,,12,5,17
073 Riffian,9,,11,8,19
073 Riffian,10,,5,11,16
073 Riffian,11,,9,9,18
073 Riffian,12,,9,3,12
073 Riffian,13,,8,7,15
073 Riffian,14,,9,7,16
073 Riffian,15,,11,8,19
073 Riffian,16,,10,9,19
073 Riffian,17,,9,9,18
073 Riffian,18,,11,7,18
073 Riffian,19,,9,8,17
073 Riffian,20,,6,10,16
073 Riffian,21,,6,9,15
073 Riffian,22,,7,9,16
073 Riffian,23,,7,6,13
073 Riffian,24,,12,8,20
073 Riffian,25,,10,11,21
073 Riffian,26,,9,7,16
073 Riffian,27,,12,4,16
073 Riffian,28,,8,8,16
073 Riffian,29,,7,9,16
073 Riffian,30,,13,8,21
073 Riffian,31,,11,4,15
073 Riffian,32,,8,7,15
073 Riffian,33,,7,6,13
073 Riffian,34,,9,9,18
073 Riffian,35,,9,7,16
073 Riffian,36,,1,5,6
073 Riffian,37,,9,8,17
073 Riffian,38,,11,6,17
073 Riffian,39,,10,13,23
073 Riffian,40,,8,4,12
073 Riffian,41,,9,13,22
073 Riffian,42,,10,13,23
073 Riffian,43,,9,9,18
073 Riffian,44,,11,22,33
073 Riffian,45,,10,15,25
073 Riffian,46,,6,9,15
073 Riffian,47,,14,12,26
073 Riffian,48,,9,12,21
073 Riffian,49,,11,15,26
073 Riffian,50,,12,6,18
073 Riffian,51,,11,6,17
073 Riffian,52,,10,8,18
073 Riffian,53,,15,10,25
073 Riffian,54,,9,12,21
073 Riffian,55,,6,8,14
073 Riffian,56,,14,4,18
073 Riffian,57,,6,13,19
073 Riffian,58,,8,6,14
073 Riffian,59,,6,11,17
073 Riffian,60,,9,6,15
073 Riffian,61,,3,7,10
073 Riffian,62,,10,6,16
073 Riffian,63,,7,5,12
073 Riffian,64,,6,3,9
073 Riffian,65,,5,9,14
073 Riffian,66,,3,3,6
073 Riffian,67,,8,6,14
073 Riffian,68,,3,2,5
073 Riffian,69,,3,4,7
073 Riffian,70,,3,8,11
073 Riffian,71,,6,3,9
073 Riffian,72,,6,8,14
073 Riffian,73,,6,7,13
073 Riffian,74,,13,7,20
073 Riffian,75,,5,3,8
073 Riffian,76,,3,3,6
073 Riffian,77,,4,9,13
073 Riffian,78,,6,4,10
073 Riffian,79,,4,5,9
073 Riffian,80,,2,3,5
073 Riffian,81,,-,3,3
073 Riffian,82,,-,3,3
073 Riffian,83,,3,5,8
073 Riffian,84,,1,5,6
073 Riffian,85,,3,5,8
073 Riffian,86,,4,3,7
073 Riffian,87,,-,5,5
073 Riffian,88,,2,3,5
073 Riffian,89,,2,2,4
073 Riffian,90,,3,1,4
073 Riffian,91,,-,2,2
073 Riffian,92,,2,1,3
073 Riffian,93,,1,2,3
073 Riffian,96,,-,1,1
074 Mühlbach,0,,23,19,42
074 Mühlbach,1,,30,17,47
074 Mühlbach,2,,20,12,32
074 Mühlbach,3,,24,11,35
074 Mühlbach,4,,19,23,42
074 Mühlbach,5,,21,15,36
074 Mühlbach,6,,18,24,42
074 Mühlbach,7,,21,15,36
074 Mühlbach,8,,22,17,39
074 Mühlbach,9,,22,25,47
074 Mühlbach,10,,15,9,24
074 Mühlbach,11,,17,11,28
074 Mühlbach,12,,14,20,34
074 Mühlbach,13,,23,12,35
074 Mühlbach,14,,19,19,38
074 Mühlbach,15,,14,21,35
074 Mühlbach,16,,16,16,32
074 Mühlbach,17,,19,16,35
074 Mühlbach,18,,19,18,37
074 Mühlbach,19,,21,17,38
074 Mühlbach,20,,21,15,36
074 Mühlbach,21,,14,19,33
074 Mühlbach,22,,24,13,37
074 Mühlbach,23,,18,25,43
074 Mühlbach,24,,16,21,37
074 Mühlbach,25,,17,20,37
074 Mühlbach,26,,14,22,36
074 Mühlbach,27,,12,19,31
074 Mühlbach,28,,16,20,36
074 Mühlbach,29,,22,21,43
074 Mühlbach,30,,15,10,25
074 Mühlbach,31,,17,22,39
074 Mühlbach,32,,24,26,50
074 Mühlbach,33,,19,19,38
074 Mühlbach,34,,28,30,58
074 Mühlbach,35,,25,16,41
074 Mühlbach,36,,22,19,41
074 Mühlbach,37,,23,17,40
074 Mühlbach,38,,29,27,56
074 Mühlbach,39,,26,16,42
074 Mühlbach,40,,22,16,38
074 Mühlbach,41,,21,22,43
074 Mühlbach,42,,23,17,40
074 Mühlbach,43,,23,20,43
074 Mühlbach,44,,24,23,47
074 Mühlbach,45,,29,28,57
074 Mühlbach,46,,28,17,45
074 Mühlbach,47,,26,34,60
074 Mühlbach,48,,31,19,50
074 Mühlbach,49,,21,24,45
074 Mühlbach,50,,27,20,47
074 Mühlbach,51,,25,21,46
074 Mühlbach,52,,15,21,36
074 Mühlbach,53,,20,20,40
074 Mühlbach,54,,23,17,40
074 Mühlbach,55,,24,24,48
074 Mühlbach,56,,21,14,35
074 Mühlbach,57,,21,17,38
074 Mühlbach,58,,18,13,31
074 Mühlbach,59,,15,23,38
074 Mühlbach,60,,18,25,43
074 Mühlbach,61,,19,19,38
074 Mühlbach,62,,13,20,33
074 Mühlbach,63,,18,17,35
074 Mühlbach,64,,15,21,36
074 Mühlbach,65,,13,18,31
074 Mühlbach,66,,20,18,38
074 Mühlbach,67,,14,13,27
074 Mühlbach,68,,18,12,30
074 Mühlbach,69,,10,18,28
074 Mühlbach,70,,17,10,27
074 Mühlbach,71,,8,6,14
074 Mühlbach,72,,14,11,25
074 Mühlbach,73,,8,9,17
074 Mühlbach,74,,12,13,25
074 Mühlbach,75,,14,16,30
074 Mühlbach,76,,11,10,21
074 Mühlbach,77,,7,15,22
074 Mühlbach,78,,10,6,16
074 Mühlbach,79,,5,10,15
074 Mühlbach,80,,5,7,12
074 Mühlbach,81,,5,5,10
074 Mühlbach,82,,8,8,16
074 Mühlbach,83,,8,10,18
074 Mühlbach,84,,1,5,6
074 Mühlbach,85,,4,6,10
074 Mühlbach,86,,3,5,8
074 Mühlbach,87,,4,2,6
074 Mühlbach,88,,1,9,10
074 Mühlbach,89,,-,6,6
074 Mühlbach,90,,2,4,6
074 Mühlbach,91,,1,4,5
074 Mühlbach,92,,3,3,6
074 Mühlbach,93,,-,2,2
074 Mühlbach,94,,-,4,4
074 Mühlbach,95,,-,3,3
074 Mühlbach,96,,-,1,1
075 Rodeneck,0,,5,7,12
075 Rodeneck,1,,8,5,13
075 Rodeneck,2,,6,7,13
075 Rodeneck,3,,7,5,12
075 Rodeneck,4,,6,5,11
075 Rodeneck,5,,2,7,9
075 Rodeneck,6,,7,4,11
075 Rodeneck,7,,3,6,9
075 Rodeneck,8,,7,9,16
075 Rodeneck,9,,7,6,13
075 Rodeneck,10,,5,5,10
075 Rodeneck,11,,9,8,17
075 Rodeneck,12,,7,5,12
075 Rodeneck,13,,8,7,15
075 Rodeneck,14,,9,3,12
075 Rodeneck,15,,9,4,13
075 Rodeneck,16,,6,14,20
075 Rodeneck,17,,8,11,19
075 Rodeneck,18,,12,7,19
075 Rodeneck,19,,10,7,17
075 Rodeneck,20,,13,9,22
075 Rodeneck,21,,5,6,11
075 Rodeneck,22,,7,12,19
075 Rodeneck,23,,6,7,13
075 Rodeneck,24,,9,10,19
075 Rodeneck,25,,7,8,15
075 Rodeneck,26,,11,8,19
075 Rodeneck,27,,6,4,10
075 Rodeneck,28,,13,10,23
075 Rodeneck,29,,6,6,12
075 Rodeneck,30,,5,11,16
075 Rodeneck,31,,10,7,17
075 Rodeneck,32,,10,7,17
075 Rodeneck,33,,9,10,19
075 Rodeneck,34,,7,5,12
075 Rodeneck,35,,9,5,14
075 Rodeneck,36,,7,12,19
075 Rodeneck,37,,6,4,10
075 Rodeneck,38,,5,7,12
075 Rodeneck,39,,6,5,11
075 Rodeneck,40,,9,7,16
075 Rodeneck,41,,6,6,12
075 Rodeneck,42,,6,6,12
075 Rodeneck,43,,15,11,26
075 Rodeneck,44,,8,8,16
075 Rodeneck,45,,15,5,20
075 Rodeneck,46,,7,12,19
075 Rodeneck,47,,14,10,24
075 Rodeneck,48,,11,11,22
075 Rodeneck,49,,11,9,20
075 Rodeneck,50,,16,10,26
075 Rodeneck,51,,7,7,14
075 Rodeneck,52,,14,13,27
075 Rodeneck,53,,10,10,20
075 Rodeneck,54,,10,12,22
075 Rodeneck,55,,9,10,19
075 Rodeneck,56,,5,10,15
075 Rodeneck,57,,10,7,17
075 Rodeneck,58,,9,4,13
075 Rodeneck,59,,5,8,13
075 Rodeneck,60,,8,4,12
075 Rodeneck,61,,5,6,11
075 Rodeneck,62,,10,3,13
075 Rodeneck,63,,4,1,5
075 Rodeneck,64,,8,4,12
075 Rodeneck,65,,2,2,4
075 Rodeneck,66,,2,8,10
075 Rodeneck,67,,3,4,7
075 Rodeneck,68,,4,7,11
075 Rodeneck,69,,4,5,9
075 Rodeneck,70,,9,6,15
075 Rodeneck,71,,2,5,7
075 Rodeneck,72,,3,4,7
075 Rodeneck,73,,2,2,4
075 Rodeneck,74,,1,6,7
075 Rodeneck,75,,10,3,13
075 Rodeneck,76,,5,4,9
075 Rodeneck,77,,1,9,10
075 Rodeneck,78,,2,3,5
075 Rodeneck,79,,-,4,4
075 Rodeneck,80,,1,2,3
075 Rodeneck,81,,3,2,5
075 Rodeneck,82,,1,9,10
075 Rodeneck,83,,2,-,2
075 Rodeneck,84,,4,5,9
075 Rodeneck,85,,4,2,6
075 Rodeneck,86,,4,3,7
075 Rodeneck,87,,2,1,3
075 Rodeneck,88,,3,4,7
075 Rodeneck,89,,1,2,3
075 Rodeneck,90,,1,3,4
075 Rodeneck,91,,-,2,2
075 Rodeneck,92,,2,2,4
075 Rodeneck,93,,2,-,2
076 Salurn,0,,27,19,46
076 Salurn,1,,23,24,47
076 Salurn,2,,25,21,46
076 Salurn,3,,20,23,43
076 Salurn,4,,22,24,46
076 Salurn,5,,30,23,53
076 Salurn,6,,31,18,49
076 Salurn,7,,25,29,54
076 Salurn,8,,26,22,48
076 Salurn,9,,29,22,51
076 Salurn,10,,20,20,40
076 Salurn,11,,17,23,40
076 Salurn,12,,24,17,41
076 Salurn,13,,27,18,45
076 Salurn,14,,22,18,40
076 Salurn,15,,18,18,36
076 Salurn,16,,20,21,41
076 Salurn,17,,22,17,39
076 Salurn,18,,16,27,43
076 Salurn,19,,14,13,27
076 Salurn,20,,27,22,49
076 Salurn,21,,22,15,37
076 Salurn,22,,20,21,41
076 Salurn,23,,18,28,46
076 Salurn,24,,25,26,51
076 Salurn,25,,14,27,41
076 Salurn,26,,12,25,37
076 Salurn,27,,14,23,37
076 Salurn,28,,25,25,50
076 Salurn,29,,23,21,44
076 Salurn,30,,23,27,50
076 Salurn,31,,18,29,47
076 Salurn,32,,15,24,39
076 Salurn,33,,15,23,38
076 Salurn,34,,22,22,44
076 Salurn,35,,23,30,53
076 Salurn,36,,30,25,55
076 Salurn,37,,26,31,57
076 Salurn,38,,22,26,48
076 Salurn,39,,32,28,60
076 Salurn,40,,30,24,54
076 Salurn,41,,27,27,54
076 Salurn,42,,26,22,48
076 Salurn,43,,31,34,65
076 Salurn,44,,30,27,57
076 Salurn,45,,40,28,68
076 Salurn,46,,31,31,62
076 Salurn,47,,30,31,61
076 Salurn,48,,35,27,62
076 Salurn,49,,29,24,53
076 Salurn,50,,27,28,55
076 Salurn,51,,27,33,60
076 Salurn,52,,34,30,64
076 Salurn,53,,38,27,65
076 Salurn,54,,32,29,61
076 Salurn,55,,26,32,58
076 Salurn,56,,21,22,43
076 Salurn,57,,26,28,54
076 Salurn,58,,31,17,48
076 Salurn,59,,19,23,42
076 Salurn,60,,19,17,36
076 Salurn,61,,19,22,41
076 Salurn,62,,20,19,39
076 Salurn,63,,17,17,34
076 Salurn,64,,27,21,48
076 Salurn,65,,24,20,44
076 Salurn,66,,24,15,39
076 Salurn,67,,27,10,37
076 Salurn,68,,15,20,35
076 Salurn,69,,15,19,34
076 Salurn,70,,20,17,37
076 Salurn,71,,11,10,21
076 Salurn,72,,16,17,33
076 Salurn,73,,17,17,34
076 Salurn,74,,19,18,37
076 Salurn,75,,16,15,31
076 Salurn,76,,11,10,21
076 Salurn,77,,11,7,18
076 Salurn,78,,5,9,14
076 Salurn,79,,10,11,21
076 Salurn,80,,12,19,31
076 Salurn,81,,10,15,25
076 Salurn,82,,9,6,15
076 Salurn,83,,3,5,8
076 Salurn,84,,4,13,17
076 Salurn,85,,5,7,12
076 Salurn,86,,8,9,17
076 Salurn,87,,7,9,16
076 Salurn,88,,3,15,18
076 Salurn,89,,1,9,10
076 Salurn,90,,1,7,8
076 Salurn,91,,3,4,7
076 Salurn,92,,1,8,9
076 Salurn,93,,2,2,4
076 Salurn,94,,-,4,4
076 Salurn,95,,1,2,3
076 Salurn,96,,1,4,5
076 Salurn,98,,-,2,2
076 Salurn,99,,-,2,2
076 Salurn,105,,-,1,1
077 Innichen,0,,21,17,38
077 Innichen,1,,10,16,26
077 Innichen,2,,18,13,31
077 Innichen,3,,17,21,38
077 Innichen,4,,10,21,31
077 Innichen,5,,25,21,46
077 Innichen,6,,20,13,33
077 Innichen,7,,10,17,27
077 Innichen,8,,20,13,33
077 Innichen,9,,15,18,33
077 Innichen,10,,8,16,24
077 Innichen,11,,13,16,29
077 Innichen,12,,13,15,28
077 Innichen,13,,18,17,35
077 Innichen,14,,15,17,32
077 Innichen,15,,23,16,39
077 Innichen,16,,14,16,30
077 Innichen,17,,11,16,27
077 Innichen,18,,21,12,33
077 Innichen,19,,22,15,37
077 Innichen,20,,18,18,36
077 Innichen,21,,19,13,32
077 Innichen,22,,20,18,38
077 Innichen,23,,25,20,45
077 Innichen,24,,23,15,38
077 Innichen,25,,17,25,42
077 Innichen,26,,20,18,38
077 Innichen,27,,29,27,56
077 Innichen,28,,28,17,45
077 Innichen,29,,23,13,36
077 Innichen,30,,25,15,40
077 Innichen,31,,27,25,52
077 Innichen,32,,15,20,35
077 Innichen,33,,26,21,47
077 Innichen,34,,26,24,50
077 Innichen,35,,14,18,32
077 Innichen,36,,25,23,48
077 Innichen,37,,28,26,54
077 Innichen,38,,14,18,32
077 Innichen,39,,17,24,41
077 Innichen,40,,18,24,42
077 Innichen,41,,19,18,37
077 Innichen,42,,21,18,39
077 Innichen,43,,23,22,45
077 Innichen,44,,22,23,45
077 Innichen,45,,24,17,41
077 Innichen,46,,25,29,54
077 Innichen,47,,18,28,46
077 Innichen,48,,24,23,47
077 Innichen,49,,26,27,53
077 Innichen,50,,30,31,61
077 Innichen,51,,40,27,67
077 Innichen,52,,30,32,62
077 Innichen,53,,29,26,55
077 Innichen,54,,29,24,53
077 Innichen,55,,20,25,45
077 Innichen,56,,28,22,50
077 Innichen,57,,25,22,47
077 Innichen,58,,21,26,47
077 Innichen,59,,18,26,44
077 Innichen,60,,24,15,39
077 Innichen,61,,25,22,47
077 Innichen,62,,25,11,36
077 Innichen,63,,24,21,45
077 Innichen,64,,12,26,38
077 Innichen,65,,12,17,29
077 Innichen,66,,15,19,34
077 Innichen,67,,17,16,33
077 Innichen,68,,15,15,30
077 Innichen,69,,12,13,25
077 Innichen,70,,13,15,28
077 Innichen,71,,10,10,20
077 Innichen,72,,9,16,25
077 Innichen,73,,18,9,27
077 Innichen,74,,16,18,34
077 Innichen,75,,13,16,29
077 Innichen,76,,8,24,32
077 Innichen,77,,11,12,23
077 Innichen,78,,7,12,19
077 Innichen,79,,8,9,17
077 Innichen,80,,8,20,28
077 Innichen,81,,4,16,20
077 Innichen,82,,7,14,21
077 Innichen,83,,8,6,14
077 Innichen,84,,8,14,22
077 Innichen,85,,9,13,22
077 Innichen,86,,8,11,19
077 Innichen,87,,6,12,18
077 Innichen,88,,8,13,21
077 Innichen,89,,3,10,13
077 Innichen,90,,4,7,11
077 Innichen,91,,3,8,11
077 Innichen,92,,2,2,4
077 Innichen,93,,2,3,5
077 Innichen,94,,1,5,6
077 Innichen,95,,-,3,3
077 Innichen,96,,1,2,3
077 Innichen,97,,-,1,1
079 Jenesien,0,,22,13,35
079 Jenesien,1,,14,13,27
079 Jenesien,2,,23,19,42
079 Jenesien,3,,18,17,35
079 Jenesien,4,,16,11,27
079 Jenesien,5,,13,12,25
079 Jenesien,6,,18,16,34
079 Jenesien,7,,18,16,34
079 Jenesien,8,,20,19,39
079 Jenesien,9,,23,17,40
079 Jenesien,10,,20,24,44
079 Jenesien,11,,15,16,31
079 Jenesien,12,,18,20,38
079 Jenesien,13,,17,22,39
079 Jenesien,14,,13,17,30
079 Jenesien,15,,20,22,42
079 Jenesien,16,,17,18,35
079 Jenesien,17,,27,21,48
079 Jenesien,18,,15,27,42
079 Jenesien,19,,22,18,40
079 Jenesien,20,,25,13,38
079 Jenesien,21,,23,18,41
079 Jenesien,22,,20,20,40
079 Jenesien,23,,14,18,32
079 Jenesien,24,,26,21,47
079 Jenesien,25,,20,24,44
079 Jenesien,26,,17,11,28
079 Jenesien,27,,17,14,31
079 Jenesien,28,,19,13,32
079 Jenesien,29,,18,16,34
079 Jenesien,30,,17,15,32
079 Jenesien,31,,20,13,33
079 Jenesien,32,,17,16,33
079 Jenesien,33,,15,18,33
079 Jenesien,34,,18,21,39
079 Jenesien,35,,17,18,35
079 Jenesien,36,,18,15,33
079 Jenesien,37,,22,17,39
079 Jenesien,38,,15,21,36
079 Jenesien,39,,20,14,34
079 Jenesien,40,,12,23,35
079 Jenesien,41,,12,21,33
079 Jenesien,42,,23,25,48
079 Jenesien,43,,24,28,52
079 Jenesien,44,,26,27,53
079 Jenesien,45,,30,26,56
079 Jenesien,46,,32,32,64
079 Jenesien,47,,31,21,52
079 Jenesien,48,,18,26,44
079 Jenesien,49,,19,25,44
079 Jenesien,50,,38,29,67
079 Jenesien,51,,33,28,61
079 Jenesien,52,,34,35,69
079 Jenesien,53,,28,27,55
079 Jenesien,54,,25,21,46
079 Jenesien,55,,29,21,50
079 Jenesien,56,,22,12,34
079 Jenesien,57,,21,16,37
079 Jenesien,58,,23,10,33
079 Jenesien,59,,12,17,29
079 Jenesien,60,,16,14,30
079 Jenesien,61,,10,12,22
079 Jenesien,62,,18,12,30
079 Jenesien,63,,13,9,22
079 Jenesien,64,,13,18,31
079 Jenesien,65,,11,9,20
079 Jenesien,66,,12,21,33
079 Jenesien,67,,15,13,28
079 Jenesien,68,,14,9,23
079 Jenesien,69,,13,11,24
079 Jenesien,70,,11,9,20
079 Jenesien,71,,7,14,21
079 Jenesien,72,,11,11,22
079 Jenesien,73,,15,9,24
079 Jenesien,74,,14,9,23
079 Jenesien,75,,12,18,30
079 Jenesien,76,,14,11,25
079 Jenesien,77,,11,17,28
079 Jenesien,78,,12,10,22
079 Jenesien,79,,7,15,22
079 Jenesien,80,,4,18,22
079 Jenesien,81,,5,7,12
079 Jenesien,82,,8,6,14
079 Jenesien,83,,12,8,20
079 Jenesien,84,,3,7,10
079 Jenesien,85,,6,4,10
079 Jenesien,86,,3,10,13
079 Jenesien,87,,2,8,10
079 Jenesien,88,,4,5,9
079 Jenesien,89,,1,5,6
079 Jenesien,90,,2,3,5
079 Jenesien,91,,-,2,2
079 Jenesien,92,,2,-,2
079 Jenesien,93,,1,1,2
079 Jenesien,94,,1,3,4
079 Jenesien,95,,-,1,1
080 St.Leonhard in Pass.,0,,22,16,38
080 St.Leonhard in Pass.,1,,21,28,49
080 St.Leonhard in Pass.,2,,27,20,47
080 St.Leonhard in Pass.,3,,18,21,39
080 St.Leonhard in Pass.,4,,10,19,29
080 St.Leonhard in Pass.,5,,16,20,36
080 St.Leonhard in Pass.,6,,21,21,42
080 St.Leonhard in Pass.,7,,21,20,41
080 St.Leonhard in Pass.,8,,18,19,37
080 St.Leonhard in Pass.,9,,22,20,42
080 St.Leonhard in Pass.,10,,16,26,42
080 St.Leonhard in Pass.,11,,20,21,41
080 St.Leonhard in Pass.,12,,17,22,39
080 St.Leonhard in Pass.,13,,24,14,38
080 St.Leonhard in Pass.,14,,25,20,45
080 St.Leonhard in Pass.,15,,28,13,41
080 St.Leonhard in Pass.,16,,23,18,41
080 St.Leonhard in Pass.,17,,20,21,41
080 St.Leonhard in Pass.,18,,20,21,41
080 St.Leonhard in Pass.,19,,25,20,45
080 St.Leonhard in Pass.,20,,25,20,45
080 St.Leonhard in Pass.,21,,22,13,35
080 St.Leonhard in Pass.,22,,18,21,39
080 St.Leonhard in Pass.,23,,26,20,46
080 St.Leonhard in Pass.,24,,20,21,41
080 St.Leonhard in Pass.,25,,20,27,47
080 St.Leonhard in Pass.,26,,26,15,41
080 St.Leonhard in Pass.,27,,33,25,58
080 St.Leonhard in Pass.,28,,20,20,40
080 St.Leonhard in Pass.,29,,28,21,49
080 St.Leonhard in Pass.,30,,26,28,54
080 St.Leonhard in Pass.,31,,21,20,41
080 St.Leonhard in Pass.,32,,30,22,52
080 St.Leonhard in Pass.,33,,29,20,49
080 St.Leonhard in Pass.,34,,22,26,48
080 St.Leonhard in Pass.,35,,19,28,47
080 St.Leonhard in Pass.,36,,21,23,44
080 St.Leonhard in Pass.,37,,30,21,51
080 St.Leonhard in Pass.,38,,24,27,51
080 St.Leonhard in Pass.,39,,28,23,51
080 St.Leonhard in Pass.,40,,14,30,44
080 St.Leonhard in Pass.,41,,27,12,39
080 St.Leonhard in Pass.,42,,31,20,51
080 St.Leonhard in Pass.,43,,27,30,57
080 St.Leonhard in Pass.,44,,27,24,51
080 St.Leonhard in Pass.,45,,30,20,50
080 St.Leonhard in Pass.,46,,19,23,42
080 St.Leonhard in Pass.,47,,24,27,51
080 St.Leonhard in Pass.,48,,33,22,55
080 St.Leonhard in Pass.,49,,20,25,45
080 St.Leonhard in Pass.,50,,34,28,62
080 St.Leonhard in Pass.,51,,29,30,59
080 St.Leonhard in Pass.,52,,24,26,50
080 St.Leonhard in Pass.,53,,23,24,47
080 St.Leonhard in Pass.,54,,23,32,55
080 St.Leonhard in Pass.,55,,27,22,49
080 St.Leonhard in Pass.,56,,31,19,50
080 St.Leonhard in Pass.,57,,29,25,54
080 St.Leonhard in Pass.,58,,21,20,41
080 St.Leonhard in Pass.,59,,20,28,48
080 St.Leonhard in Pass.,60,,26,18,44
080 St.Leonhard in Pass.,61,,24,17,41
080 St.Leonhard in Pass.,62,,17,13,30
080 St.Leonhard in Pass.,63,,28,25,53
080 St.Leonhard in Pass.,64,,19,21,40
080 St.Leonhard in Pass.,65,,24,16,40
080 St.Leonhard in Pass.,66,,14,16,30
080 St.Leonhard in Pass.,67,,20,10,30
080 St.Leonhard in Pass.,68,,23,10,33
080 St.Leonhard in Pass.,69,,18,14,32
080 St.Leonhard in Pass.,70,,13,16,29
080 St.Leonhard in Pass.,71,,10,10,20
080 St.Leonhard in Pass.,72,,11,12,23
080 St.Leonhard in Pass.,73,,6,23,29
080 St.Leonhard in Pass.,74,,7,12,19
080 St.Leonhard in Pass.,75,,12,13,25
080 St.Leonhard in Pass.,76,,17,12,29
080 St.Leonhard in Pass.,77,,17,18,35
080 St.Leonhard in Pass.,78,,10,13,23
080 St.Leonhard in Pass.,79,,16,7,23
080 St.Leonhard in Pass.,80,,14,12,26
080 St.Leonhard in Pass.,81,,8,11,19
080 St.Leonhard in Pass.,82,,6,10,16
080 St.Leonhard in Pass.,83,,8,13,21
080 St.Leonhard in Pass.,84,,4,12,16
080 St.Leonhard in Pass.,85,,2,13,15
080 St.Leonhard in Pass.,86,,4,6,10
080 St.Leonhard in Pass.,87,,3,4,7
080 St.Leonhard in Pass.,88,,4,6,10
080 St.Leonhard in Pass.,89,,3,6,9
080 St.Leonhard in Pass.,90,,4,6,10
080 St.Leonhard in Pass.,91,,3,5,8
080 St.Leonhard in Pass.,92,,1,1,2
080 St.Leonhard in Pass.,93,,3,3,6
080 St.Leonhard in Pass.,94,,-,2,2
080 St.Leonhard in Pass.,95,,-,1,1
080 St.Leonhard in Pass.,97,,-,1,1
081 St.Lorenzen,0,,21,19,40
081 St.Lorenzen,1,,13,25,38
081 St.Lorenzen,2,,21,26,47
081 St.Lorenzen,3,,25,25,50
081 St.Lorenzen,4,,18,9,27
081 St.Lorenzen,5,,22,21,43
081 St.Lorenzen,6,,26,19,45
081 St.Lorenzen,7,,20,23,43
081 St.Lorenzen,8,,24,22,46
081 St.Lorenzen,9,,27,22,49
081 St.Lorenzen,10,,19,20,39
081 St.Lorenzen,11,,26,22,48
081 St.Lorenzen,12,,27,21,48
081 St.Lorenzen,13,,29,17,46
081 St.Lorenzen,14,,22,20,42
081 St.Lorenzen,15,,29,20,49
081 St.Lorenzen,16,,21,28,49
081 St.Lorenzen,17,,26,26,52
081 St.Lorenzen,18,,35,23,58
081 St.Lorenzen,19,,19,32,51
081 St.Lorenzen,20,,27,31,58
081 St.Lorenzen,21,,26,15,41
081 St.Lorenzen,22,,31,20,51
081 St.Lorenzen,23,,25,32,57
081 St.Lorenzen,24,,26,21,47
081 St.Lorenzen,25,,23,19,42
081 St.Lorenzen,26,,22,19,41
081 St.Lorenzen,27,,21,19,40
081 St.Lorenzen,28,,17,29,46
081 St.Lorenzen,29,,23,23,46
081 St.Lorenzen,30,,18,26,44
081 St.Lorenzen,31,,27,28,55
081 St.Lorenzen,32,,26,23,49
081 St.Lorenzen,33,,28,17,45
081 St.Lorenzen,34,,38,22,60
081 St.Lorenzen,35,,22,24,46
081 St.Lorenzen,36,,17,29,46
081 St.Lorenzen,37,,26,32,58
081 St.Lorenzen,38,,24,19,43
081 St.Lorenzen,39,,30,16,46
081 St.Lorenzen,40,,25,17,42
081 St.Lorenzen,41,,23,31,54
081 St.Lorenzen,42,,26,32,58
081 St.Lorenzen,43,,34,36,70
081 St.Lorenzen,44,,40,34,74
081 St.Lorenzen,45,,37,29,66
081 St.Lorenzen,46,,31,27,58
081 St.Lorenzen,47,,21,33,54
081 St.Lorenzen,48,,44,33,77
081 St.Lorenzen,49,,30,41,71
081 St.Lorenzen,50,,35,32,67
081 St.Lorenzen,51,,32,26,58
081 St.Lorenzen,52,,38,24,62
081 St.Lorenzen,53,,31,32,63
081 St.Lorenzen,54,,30,36,66
081 St.Lorenzen,55,,24,37,61
081 St.Lorenzen,56,,32,20,52
081 St.Lorenzen,57,,32,25,57
081 St.Lorenzen,58,,29,33,62
081 St.Lorenzen,59,,23,28,51
081 St.Lorenzen,60,,24,28,52
081 St.Lorenzen,61,,16,17,33
081 St.Lorenzen,62,,13,20,33
081 St.Lorenzen,63,,24,17,41
081 St.Lorenzen,64,,17,11,28
081 St.Lorenzen,65,,15,15,30
081 St.Lorenzen,66,,16,18,34
081 St.Lorenzen,67,,10,22,32
081 St.Lorenzen,68,,15,11,26
081 St.Lorenzen,69,,19,9,28
081 St.Lorenzen,70,,17,9,26
081 St.Lorenzen,71,,10,19,29
081 St.Lorenzen,72,,17,14,31
081 St.Lorenzen,73,,11,15,26
081 St.Lorenzen,74,,17,19,36
081 St.Lorenzen,75,,15,16,31
081 St.Lorenzen,76,,12,11,23
081 St.Lorenzen,77,,10,17,27
081 St.Lorenzen,78,,12,10,22
081 St.Lorenzen,79,,17,16,33
081 St.Lorenzen,80,,9,12,21
081 St.Lorenzen,81,,8,11,19
081 St.Lorenzen,82,,13,7,20
081 St.Lorenzen,83,,9,7,16
081 St.Lorenzen,84,,5,9,14
081 St.Lorenzen,85,,5,13,18
081 St.Lorenzen,86,,2,5,7
081 St.Lorenzen,87,,8,9,17
081 St.Lorenzen,88,,3,10,13
081 St.Lorenzen,89,,3,2,5
081 St.Lorenzen,90,,5,3,8
081 St.Lorenzen,91,,1,7,8
081 St.Lorenzen,92,,-,5,5
081 St.Lorenzen,93,,-,5,5
081 St.Lorenzen,94,,-,1,1
081 St.Lorenzen,95,,-,1,1
081 St.Lorenzen,96,,-,2,2
081 St.Lorenzen,98,,-,1,1
082 St.Martin in Thurn,0,,7,9,16
082 St.Martin in Thurn,1,,12,7,19
082 St.Martin in Thurn,2,,12,15,27
082 St.Martin in Thurn,3,,12,7,19
082 St.Martin in Thurn,4,,7,6,13
082 St.Martin in Thurn,5,,12,5,17
082 St.Martin in Thurn,6,,5,8,13
082 St.Martin in Thurn,7,,5,5,10
082 St.Martin in Thurn,8,,7,4,11
082 St.Martin in Thurn,9,,2,10,12
082 St.Martin in Thurn,10,,9,14,23
082 St.Martin in Thurn,11,,10,9,19
082 St.Martin in Thurn,12,,17,13,30
082 St.Martin in Thurn,13,,4,7,11
082 St.Martin in Thurn,14,,15,8,23
082 St.Martin in Thurn,15,,8,15,23
082 St.Martin in Thurn,16,,7,9,16
082 St.Martin in Thurn,17,,9,19,28
082 St.Martin in Thurn,18,,11,10,21
082 St.Martin in Thurn,19,,16,10,26
082 St.Martin in Thurn,20,,23,15,38
082 St.Martin in Thurn,21,,15,11,26
082 St.Martin in Thurn,22,,15,8,23
082 St.Martin in Thurn,23,,9,9,18
082 St.Martin in Thurn,24,,18,14,32
082 St.Martin in Thurn,25,,13,10,23
082 St.Martin in Thurn,26,,5,15,20
082 St.Martin in Thurn,27,,19,11,30
082 St.Martin in Thurn,28,,7,5,12
082 St.Martin in Thurn,29,,13,8,21
082 St.Martin in Thurn,30,,11,10,21
082 St.Martin in Thurn,31,,8,11,19
082 St.Martin in Thurn,32,,8,8,16
082 St.Martin in Thurn,33,,12,11,23
082 St.Martin in Thurn,34,,13,14,27
082 St.Martin in Thurn,35,,14,5,19
082 St.Martin in Thurn,36,,12,7,19
082 St.Martin in Thurn,37,,7,11,18
082 St.Martin in Thurn,38,,17,8,25
082 St.Martin in Thurn,39,,13,11,24
082 St.Martin in Thurn,40,,12,10,22
082 St.Martin in Thurn,41,,7,10,17
082 St.Martin in Thurn,42,,7,11,18
082 St.Martin in Thurn,43,,11,10,21
082 St.Martin in Thurn,44,,12,8,20
082 St.Martin in Thurn,45,,15,14,29
082 St.Martin in Thurn,46,,13,15,28
082 St.Martin in Thurn,47,,15,16,31
082 St.Martin in Thurn,48,,16,14,30
082 St.Martin in Thurn,49,,11,9,20
082 St.Martin in Thurn,50,,15,25,40
082 St.Martin in Thurn,51,,16,22,38
082 St.Martin in Thurn,52,,11,15,26
082 St.Martin in Thurn,53,,14,14,28
082 St.Martin in Thurn,54,,14,16,30
082 St.Martin in Thurn,55,,15,19,34
082 St.Martin in Thurn,56,,14,7,21
082 St.Martin in Thurn,57,,12,9,21
082 St.Martin in Thurn,58,,12,8,20
082 St.Martin in Thurn,59,,12,10,22
082 St.Martin in Thurn,60,,8,5,13
082 St.Martin in Thurn,61,,13,9,22
082 St.Martin in Thurn,62,,8,7,15
082 St.Martin in Thurn,63,,5,9,14
082 St.Martin in Thurn,64,,3,4,7
082 St.Martin in Thurn,65,,8,7,15
082 St.Martin in Thurn,66,,9,6,15
082 St.Martin in Thurn,67,,3,6,9
082 St.Martin in Thurn,68,,7,6,13
082 St.Martin in Thurn,69,,9,7,16
082 St.Martin in Thurn,70,,6,7,13
082 St.Martin in Thurn,71,,7,4,11
082 St.Martin in Thurn,72,,11,9,20
082 St.Martin in Thurn,73,,3,8,11
082 St.Martin in Thurn,74,,7,6,13
082 St.Martin in Thurn,75,,5,5,10
082 St.Martin in Thurn,76,,3,4,7
082 St.Martin in Thurn,77,,6,8,14
082 St.Martin in Thurn,78,,8,6,14
082 St.Martin in Thurn,79,,5,11,16
082 St.Martin in Thurn,80,,4,6,10
082 St.Martin in Thurn,81,,5,3,8
082 St.Martin in Thurn,82,,4,2,6
082 St.Martin in Thurn,83,,3,6,9
082 St.Martin in Thurn,84,,8,5,13
082 St.Martin in Thurn,85,,5,6,11
082 St.Martin in Thurn,86,,3,5,8
082 St.Martin in Thurn,87,,5,5,10
082 St.Martin in Thurn,88,,2,2,4
082 St.Martin in Thurn,89,,1,2,3
082 St.Martin in Thurn,90,,2,2,4
082 St.Martin in Thurn,91,,1,4,5
082 St.Martin in Thurn,92,,3,2,5
082 St.Martin in Thurn,93,,-,2,2
082 St.Martin in Thurn,94,,1,1,2
082 St.Martin in Thurn,96,,-,1,1
082 St.Martin in Thurn,97,,-,2,2
082 St.Martin in Thurn,98,,-,1,1
083 St.Martin in Passeier,0,,16,20,36
083 St.Martin in Passeier,1,,16,23,39
083 St.Martin in Passeier,2,,20,13,33
083 St.Martin in Passeier,3,,21,14,35
083 St.Martin in Passeier,4,,22,26,48
083 St.Martin in Passeier,5,,12,21,33
083 St.Martin in Passeier,6,,25,18,43
083 St.Martin in Passeier,7,,13,21,34
083 St.Martin in Passeier,8,,20,28,48
083 St.Martin in Passeier,9,,16,21,37
083 St.Martin in Passeier,10,,24,17,41
083 St.Martin in Passeier,11,,22,18,40
083 St.Martin in Passeier,12,,19,18,37
083 St.Martin in Passeier,13,,18,17,35
083 St.Martin in Passeier,14,,16,12,28
083 St.Martin in Passeier,15,,18,18,36
083 St.Martin in Passeier,16,,13,23,36
083 St.Martin in Passeier,17,,9,21,30
083 St.Martin in Passeier,18,,22,20,42
083 St.Martin in Passeier,19,,25,27,52
083 St.Martin in Passeier,20,,20,22,42
083 St.Martin in Passeier,21,,21,19,40
083 St.Martin in Passeier,22,,22,25,47
083 St.Martin in Passeier,23,,19,23,42
083 St.Martin in Passeier,24,,23,19,42
083 St.Martin in Passeier,25,,25,21,46
083 St.Martin in Passeier,26,,21,21,42
083 St.Martin in Passeier,27,,14,19,33
083 St.Martin in Passeier,28,,14,17,31
083 St.Martin in Passeier,29,,20,25,45
083 St.Martin in Passeier,30,,30,21,51
083 St.Martin in Passeier,31,,22,28,50
083 St.Martin in Passeier,32,,25,27,52
083 St.Martin in Passeier,33,,18,11,29
083 St.Martin in Passeier,34,,27,17,44
083 St.Martin in Passeier,35,,27,23,50
083 St.Martin in Passeier,36,,20,26,46
083 St.Martin in Passeier,37,,13,19,32
083 St.Martin in Passeier,38,,33,17,50
083 St.Martin in Passeier,39,,29,22,51
083 St.Martin in Passeier,40,,19,19,38
083 St.Martin in Passeier,41,,22,21,43
083 St.Martin in Passeier,42,,23,24,47
083 St.Martin in Passeier,43,,27,23,50
083 St.Martin in Passeier,44,,23,22,45
083 St.Martin in Passeier,45,,26,24,50
083 St.Martin in Passeier,46,,31,22,53
083 St.Martin in Passeier,47,,29,26,55
083 St.Martin in Passeier,48,,27,23,50
083 St.Martin in Passeier,49,,22,26,48
083 St.Martin in Passeier,50,,27,29,56
083 St.Martin in Passeier,51,,35,25,60
083 St.Martin in Passeier,52,,18,19,37
083 St.Martin in Passeier,53,,31,19,50
083 St.Martin in Passeier,54,,23,30,53
083 St.Martin in Passeier,55,,33,22,55
083 St.Martin in Passeier,56,,25,21,46
083 St.Martin in Passeier,57,,21,24,45
083 St.Martin in Passeier,58,,24,19,43
083 St.Martin in Passeier,59,,26,11,37
083 St.Martin in Passeier,60,,18,17,35
083 St.Martin in Passeier,61,,25,16,41
083 St.Martin in Passeier,62,,11,13,24
083 St.Martin in Passeier,63,,21,15,36
083 St.Martin in Passeier,64,,6,21,27
083 St.Martin in Passeier,65,,22,11,33
083 St.Martin in Passeier,66,,12,15,27
083 St.Martin in Passeier,67,,14,11,25
083 St.Martin in Passeier,68,,8,9,17
083 St.Martin in Passeier,69,,14,14,28
083 St.Martin in Passeier,70,,11,9,20
083 St.Martin in Passeier,71,,10,10,20
083 St.Martin in Passeier,72,,16,12,28
083 St.Martin in Passeier,73,,11,11,22
083 St.Martin in Passeier,74,,12,14,26
083 St.Martin in Passeier,75,,8,14,22
083 St.Martin in Passeier,76,,4,11,15
083 St.Martin in Passeier,77,,6,12,18
083 St.Martin in Passeier,78,,9,5,14
083 St.Martin in Passeier,79,,10,19,29
083 St.Martin in Passeier,80,,10,11,21
083 St.Martin in Passeier,81,,6,11,17
083 St.Martin in Passeier,82,,13,7,20
083 St.Martin in Passeier,83,,5,9,14
083 St.Martin in Passeier,84,,3,8,11
083 St.Martin in Passeier,85,,3,7,10
083 St.Martin in Passeier,86,,2,8,10
083 St.Martin in Passeier,87,,2,7,9
083 St.Martin in Passeier,88,,1,4,5
083 St.Martin in Passeier,89,,4,2,6
083 St.Martin in Passeier,90,,-,8,8
083 St.Martin in Passeier,91,,1,3,4
083 St.Martin in Passeier,92,,1,4,5
083 St.Martin in Passeier,93,,1,1,2
083 St.Martin in Passeier,95,,-,3,3
083 St.Martin in Passeier,97,,-,1,1
084 St.Pankraz,0,,9,7,16
084 St.Pankraz,1,,6,4,10
084 St.Pankraz,2,,2,8,10
084 St.Pankraz,3,,7,3,10
084 St.Pankraz,4,,4,3,7
084 St.Pankraz,5,,7,5,12
084 St.Pankraz,6,,8,5,13
084 St.Pankraz,7,,11,12,23
084 St.Pankraz,8,,9,9,18
084 St.Pankraz,9,,10,11,21
084 St.Pankraz,10,,8,12,20
084 St.Pankraz,11,,12,11,23
084 St.Pankraz,12,,13,9,22
084 St.Pankraz,13,,14,8,22
084 St.Pankraz,14,,8,4,12
084 St.Pankraz,15,,14,15,29
084 St.Pankraz,16,,12,14,26
084 St.Pankraz,17,,8,4,12
084 St.Pankraz,18,,13,6,19
084 St.Pankraz,19,,9,11,20
084 St.Pankraz,20,,9,10,19
084 St.Pankraz,21,,10,7,17
084 St.Pankraz,22,,8,6,14
084 St.Pankraz,23,,5,9,14
084 St.Pankraz,24,,9,9,18
084 St.Pankraz,25,,12,13,25
084 St.Pankraz,26,,8,5,13
084 St.Pankraz,27,,14,15,29
084 St.Pankraz,28,,12,10,22
084 St.Pankraz,29,,9,4,13
084 St.Pankraz,30,,9,1,10
084 St.Pankraz,31,,7,4,11
084 St.Pankraz,32,,9,6,15
084 St.Pankraz,33,,8,4,12
084 St.Pankraz,34,,13,7,20
084 St.Pankraz,35,,5,15,20
084 St.Pankraz,36,,11,7,18
084 St.Pankraz,37,,4,6,10
084 St.Pankraz,38,,11,9,20
084 St.Pankraz,39,,11,11,22
084 St.Pankraz,40,,6,9,15
084 St.Pankraz,41,,8,16,24
084 St.Pankraz,42,,14,12,26
084 St.Pankraz,43,,13,5,18
084 St.Pankraz,44,,11,20,31
084 St.Pankraz,45,,11,12,23
084 St.Pankraz,46,,13,13,26
084 St.Pankraz,47,,20,9,29
084 St.Pankraz,48,,16,16,32
084 St.Pankraz,49,,7,16,23
084 St.Pankraz,50,,13,7,20
084 St.Pankraz,51,,22,14,36
084 St.Pankraz,52,,13,12,25
084 St.Pankraz,53,,11,8,19
084 St.Pankraz,54,,14,8,22
084 St.Pankraz,55,,11,13,24
084 St.Pankraz,56,,13,4,17
084 St.Pankraz,57,,13,13,26
084 St.Pankraz,58,,6,9,15
084 St.Pankraz,59,,9,8,17
084 St.Pankraz,60,,10,15,25
084 St.Pankraz,61,,6,4,10
084 St.Pankraz,62,,11,7,18
084 St.Pankraz,63,,10,11,21
084 St.Pankraz,64,,16,8,24
084 St.Pankraz,65,,5,3,8
084 St.Pankraz,66,,10,5,15
084 St.Pankraz,67,,8,5,13
084 St.Pankraz,68,,6,2,8
084 St.Pankraz,69,,8,6,14
084 St.Pankraz,70,,3,7,10
084 St.Pankraz,71,,3,5,8
084 St.Pankraz,72,,4,7,11
084 St.Pankraz,73,,12,14,26
084 St.Pankraz,74,,9,14,23
084 St.Pankraz,75,,8,11,19
084 St.Pankraz,76,,7,6,13
084 St.Pankraz,77,,8,7,15
084 St.Pankraz,78,,5,10,15
084 St.Pankraz,79,,9,8,17
084 St.Pankraz,80,,5,2,7
084 St.Pankraz,81,,5,2,7
084 St.Pankraz,82,,4,6,10
084 St.Pankraz,83,,6,3,9
084 St.Pankraz,84,,6,8,14
084 St.Pankraz,85,,3,4,7
084 St.Pankraz,86,,3,5,8
084 St.Pankraz,87,,4,8,12
084 St.Pankraz,88,,3,6,9
084 St.Pankraz,89,,4,3,7
084 St.Pankraz,90,,-,1,1
084 St.Pankraz,91,,3,-,3
084 St.Pankraz,92,,1,2,3
084 St.Pankraz,93,,2,2,4
084 St.Pankraz,94,,-,2,2
084 St.Pankraz,95,,-,2,2
084 St.Pankraz,96,,-,1,1
084 St.Pankraz,97,,-,1,1
084 St.Pankraz,102,,-,1,1
085 St.Christina in Gröden,0,,10,13,23
085 St.Christina in Gröden,1,,10,9,19
085 St.Christina in Gröden,2,,11,10,21
085 St.Christina in Gröden,3,,12,9,21
085 St.Christina in Gröden,4,,7,11,18
085 St.Christina in Gröden,5,,11,8,19
085 St.Christina in Gröden,6,,9,6,15
085 St.Christina in Gröden,7,,10,5,15
085 St.Christina in Gröden,8,,13,7,20
085 St.Christina in Gröden,9,,8,7,15
085 St.Christina in Gröden,10,,8,10,18
085 St.Christina in Gröden,11,,14,10,24
085 St.Christina in Gröden,12,,15,11,26
085 St.Christina in Gröden,13,,8,7,15
085 St.Christina in Gröden,14,,10,14,24
085 St.Christina in Gröden,15,,12,10,22
085 St.Christina in Gröden,16,,20,13,33
085 St.Christina in Gröden,17,,22,11,33
085 St.Christina in Gröden,18,,10,16,26
085 St.Christina in Gröden,19,,7,13,20
085 St.Christina in Gröden,20,,11,7,18
085 St.Christina in Gröden,21,,16,11,27
085 St.Christina in Gröden,22,,8,16,24
085 St.Christina in Gröden,23,,12,11,23
085 St.Christina in Gröden,24,,17,14,31
085 St.Christina in Gröden,25,,14,15,29
085 St.Christina in Gröden,26,,8,16,24
085 St.Christina in Gröden,27,,4,15,19
085 St.Christina in Gröden,28,,11,9,20
085 St.Christina in Gröden,29,,11,8,19
085 St.Christina in Gröden,30,,14,11,25
085 St.Christina in Gröden,31,,7,10,17
085 St.Christina in Gröden,32,,8,10,18
085 St.Christina in Gröden,33,,20,11,31
085 St.Christina in Gröden,34,,7,7,14
085 St.Christina in Gröden,35,,7,10,17
085 St.Christina in Gröden,36,,14,18,32
085 St.Christina in Gröden,37,,10,12,22
085 St.Christina in Gröden,38,,4,11,15
085 St.Christina in Gröden,39,,11,11,22
085 St.Christina in Gröden,40,,14,16,30
085 St.Christina in Gröden,41,,10,15,25
085 St.Christina in Gröden,42,,12,25,37
085 St.Christina in Gröden,43,,10,14,24
085 St.Christina in Gröden,44,,17,11,28
085 St.Christina in Gröden,45,,15,13,28
085 St.Christina in Gröden,46,,20,20,40
085 St.Christina in Gröden,47,,21,12,33
085 St.Christina in Gröden,48,,27,26,53
085 St.Christina in Gröden,49,,13,15,28
085 St.Christina in Gröden,50,,19,11,30
085 St.Christina in Gröden,51,,14,17,31
085 St.Christina in Gröden,52,,12,23,35
085 St.Christina in Gröden,53,,12,17,29
085 St.Christina in Gröden,54,,19,14,33
085 St.Christina in Gröden,55,,20,15,35
085 St.Christina in Gröden,56,,21,17,38
085 St.Christina in Gröden,57,,11,11,22
085 St.Christina in Gröden,58,,7,11,18
085 St.Christina in Gröden,59,,16,10,26
085 St.Christina in Gröden,60,,11,12,23
085 St.Christina in Gröden,61,,9,9,18
085 St.Christina in Gröden,62,,11,14,25
085 St.Christina in Gröden,63,,9,9,18
085 St.Christina in Gröden,64,,5,7,12
085 St.Christina in Gröden,65,,11,5,16
085 St.Christina in Gröden,66,,6,5,11
085 St.Christina in Gröden,67,,8,9,17
085 St.Christina in Gröden,68,,8,5,13
085 St.Christina in Gröden,69,,6,9,15
085 St.Christina in Gröden,70,,7,9,16
085 St.Christina in Gröden,71,,7,7,14
085 St.Christina in Gröden,72,,6,12,18
085 St.Christina in Gröden,73,,10,14,24
085 St.Christina in Gröden,74,,8,4,12
085 St.Christina in Gröden,75,,11,7,18
085 St.Christina in Gröden,76,,8,10,18
085 St.Christina in Gröden,77,,7,8,15
085 St.Christina in Gröden,78,,6,7,13
085 St.Christina in Gröden,79,,8,4,12
085 St.Christina in Gröden,80,,10,8,18
085 St.Christina in Gröden,81,,12,3,15
085 St.Christina in Gröden,82,,7,12,19
085 St.Christina in Gröden,83,,4,8,12
085 St.Christina in Gröden,84,,5,6,11
085 St.Christina in Gröden,85,,2,6,8
085 St.Christina in Gröden,86,,8,3,11
085 St.Christina in Gröden,87,,1,9,10
085 St.Christina in Gröden,88,,1,2,3
085 St.Christina in Gröden,89,,5,6,11
085 St.Christina in Gröden,90,,4,1,5
085 St.Christina in Gröden,91,,1,3,4
085 St.Christina in Gröden,93,,1,2,3
085 St.Christina in Gröden,94,,-,2,2
085 St.Christina in Gröden,95,,-,1,1
085 St.Christina in Gröden,96,,-,1,1
085 St.Christina in Gröden,97,,-,1,1
085 St.Christina in Gröden,103,,1,-,1
086 Sarntal,0,,37,36,73
086 Sarntal,1,,57,35,92
086 Sarntal,2,,50,37,87
086 Sarntal,3,,48,30,78
086 Sarntal,4,,41,45,86
086 Sarntal,5,,47,43,90
086 Sarntal,6,,42,39,81
086 Sarntal,7,,34,36,70
086 Sarntal,8,,40,56,96
086 Sarntal,9,,53,40,93
086 Sarntal,10,,42,51,93
086 Sarntal,11,,41,37,78
086 Sarntal,12,,40,39,79
086 Sarntal,13,,47,33,80
086 Sarntal,14,,28,42,70
086 Sarntal,15,,49,25,74
086 Sarntal,16,,37,42,79
086 Sarntal,17,,33,36,69
086 Sarntal,18,,51,42,93
086 Sarntal,19,,44,47,91
086 Sarntal,20,,43,42,85
086 Sarntal,21,,44,43,87
086 Sarntal,22,,35,41,76
086 Sarntal,23,,36,43,79
086 Sarntal,24,,45,38,83
086 Sarntal,25,,48,50,98
086 Sarntal,26,,43,27,70
086 Sarntal,27,,58,34,92
086 Sarntal,28,,51,45,96
086 Sarntal,29,,35,34,69
086 Sarntal,30,,38,45,83
086 Sarntal,31,,38,40,78
086 Sarntal,32,,38,41,79
086 Sarntal,33,,60,41,101
086 Sarntal,34,,55,36,91
086 Sarntal,35,,46,51,97
086 Sarntal,36,,55,36,91
086 Sarntal,37,,54,53,107
086 Sarntal,38,,55,56,111
086 Sarntal,39,,52,41,93
086 Sarntal,40,,44,33,77
086 Sarntal,41,,56,49,105
086 Sarntal,42,,43,58,101
086 Sarntal,43,,57,68,125
086 Sarntal,44,,69,40,109
086 Sarntal,45,,46,46,92
086 Sarntal,46,,62,58,120
086 Sarntal,47,,62,54,116
086 Sarntal,48,,49,44,93
086 Sarntal,49,,53,49,102
086 Sarntal,50,,49,46,95
086 Sarntal,51,,63,57,120
086 Sarntal,52,,57,65,122
086 Sarntal,53,,41,48,89
086 Sarntal,54,,58,36,94
086 Sarntal,55,,41,51,92
086 Sarntal,56,,65,46,111
086 Sarntal,57,,41,42,83
086 Sarntal,58,,55,44,99
086 Sarntal,59,,31,40,71
086 Sarntal,60,,37,28,65
086 Sarntal,61,,39,39,78
086 Sarntal,62,,36,29,65
086 Sarntal,63,,41,30,71
086 Sarntal,64,,34,42,76
086 Sarntal,65,,42,32,74
086 Sarntal,66,,37,32,69
086 Sarntal,67,,49,28,77
086 Sarntal,68,,29,39,68
086 Sarntal,69,,32,29,61
086 Sarntal,70,,33,37,70
086 Sarntal,71,,29,28,57
086 Sarntal,72,,27,27,54
086 Sarntal,73,,36,36,72
086 Sarntal,74,,31,34,65
086 Sarntal,75,,30,28,58
086 Sarntal,76,,25,40,65
086 Sarntal,77,,32,27,59
086 Sarntal,78,,25,27,52
086 Sarntal,79,,16,32,48
086 Sarntal,80,,11,21,32
086 Sarntal,81,,14,19,33
086 Sarntal,82,,12,15,27
086 Sarntal,83,,11,11,22
086 Sarntal,84,,14,20,34
086 Sarntal,85,,7,19,26
086 Sarntal,86,,7,11,18
086 Sarntal,87,,10,22,32
086 Sarntal,88,,8,12,20
086 Sarntal,89,,6,22,28
086 Sarntal,90,,3,5,8
086 Sarntal,91,,3,5,8
086 Sarntal,92,,-,8,8
086 Sarntal,93,,-,6,6
086 Sarntal,94,,-,8,8
086 Sarntal,95,,-,4,4
086 Sarntal,96,,-,3,3
086 Sarntal,97,,1,2,3
086 Sarntal,103,,-,1,1
087 Schenna,0,,16,14,30
087 Schenna,1,,17,20,37
087 Schenna,2,,16,14,30
087 Schenna,3,,12,13,25
087 Schenna,4,,15,16,31
087 Schenna,5,,14,15,29
087 Schenna,6,,10,22,32
087 Schenna,7,,12,16,28
087 Schenna,8,,11,18,29
087 Schenna,9,,18,14,32
087 Schenna,10,,19,26,45
087 Schenna,11,,12,9,21
087 Schenna,12,,18,15,33
087 Schenna,13,,15,16,31
087 Schenna,14,,16,19,35
087 Schenna,15,,20,14,34
087 Schenna,16,,19,22,41
087 Schenna,17,,26,18,44
087 Schenna,18,,18,10,28
087 Schenna,19,,12,19,31
087 Schenna,20,,17,18,35
087 Schenna,21,,22,16,38
087 Schenna,22,,21,18,39
087 Schenna,23,,14,8,22
087 Schenna,24,,18,14,32
087 Schenna,25,,12,17,29
087 Schenna,26,,13,18,31
087 Schenna,27,,24,12,36
087 Schenna,28,,20,18,38
087 Schenna,29,,19,11,30
087 Schenna,30,,19,15,34
087 Schenna,31,,12,18,30
087 Schenna,32,,16,18,34
087 Schenna,33,,19,14,33
087 Schenna,34,,12,22,34
087 Schenna,35,,20,18,38
087 Schenna,36,,22,30,52
087 Schenna,37,,28,18,46
087 Schenna,38,,15,20,35
087 Schenna,39,,22,25,47
087 Schenna,40,,21,14,35
087 Schenna,41,,16,32,48
087 Schenna,42,,25,19,44
087 Schenna,43,,28,19,47
087 Schenna,44,,26,15,41
087 Schenna,45,,26,26,52
087 Schenna,46,,23,22,45
087 Schenna,47,,28,21,49
087 Schenna,48,,25,22,47
087 Schenna,49,,27,17,44
087 Schenna,50,,19,18,37
087 Schenna,51,,29,30,59
087 Schenna,52,,19,26,45
087 Schenna,53,,21,20,41
087 Schenna,54,,21,11,32
087 Schenna,55,,31,22,53
087 Schenna,56,,30,24,54
087 Schenna,57,,14,13,27
087 Schenna,58,,20,19,39
087 Schenna,59,,14,18,32
087 Schenna,60,,15,17,32
087 Schenna,61,,9,17,26
087 Schenna,62,,15,16,31
087 Schenna,63,,12,16,28
087 Schenna,64,,10,15,25
087 Schenna,65,,14,12,26
087 Schenna,66,,18,14,32
087 Schenna,67,,18,19,37
087 Schenna,68,,12,17,29
087 Schenna,69,,17,18,35
087 Schenna,70,,14,18,32
087 Schenna,71,,12,13,25
087 Schenna,72,,15,9,24
087 Schenna,73,,18,12,30
087 Schenna,74,,7,18,25
087 Schenna,75,,12,11,23
087 Schenna,76,,10,9,19
087 Schenna,77,,7,11,18
087 Schenna,78,,13,15,28
087 Schenna,79,,5,10,15
087 Schenna,80,,7,11,18
087 Schenna,81,,10,7,17
087 Schenna,82,,10,10,20
087 Schenna,83,,5,5,10
087 Schenna,84,,4,8,12
087 Schenna,85,,4,7,11
087 Schenna,86,,7,4,11
087 Schenna,87,,1,9,10
087 Schenna,88,,3,4,7
087 Schenna,89,,2,4,6
087 Schenna,90,,3,3,6
087 Schenna,91,,-,8,8
087 Schenna,92,,2,2,4
087 Schenna,93,,-,1,1
087 Schenna,94,,1,2,3
087 Schenna,95,,1,2,3
087 Schenna,97,,-,1,1
087 Schenna,103,,-,1,1
088 Mühlwald,0,,11,10,21
088 Mühlwald,1,,9,5,14
088 Mühlwald,2,,9,3,12
088 Mühlwald,3,,8,11,19
088 Mühlwald,4,,9,5,14
088 Mühlwald,5,,4,10,14
088 Mühlwald,6,,6,7,13
088 Mühlwald,7,,4,6,10
088 Mühlwald,8,,10,7,17
088 Mühlwald,9,,8,9,17
088 Mühlwald,10,,5,14,19
088 Mühlwald,11,,8,4,12
088 Mühlwald,12,,10,8,18
088 Mühlwald,13,,13,10,23
088 Mühlwald,14,,10,11,21
088 Mühlwald,15,,11,13,24
088 Mühlwald,16,,9,10,19
088 Mühlwald,17,,14,11,25
088 Mühlwald,18,,13,15,28
088 Mühlwald,19,,10,8,18
088 Mühlwald,20,,14,13,27
088 Mühlwald,21,,12,4,16
088 Mühlwald,22,,8,5,13
088 Mühlwald,23,,13,12,25
088 Mühlwald,24,,5,6,11
088 Mühlwald,25,,10,9,19
088 Mühlwald,26,,9,7,16
088 Mühlwald,27,,12,8,20
088 Mühlwald,28,,7,5,12
088 Mühlwald,29,,9,7,16
088 Mühlwald,30,,6,2,8
088 Mühlwald,31,,7,9,16
088 Mühlwald,32,,8,14,22
088 Mühlwald,33,,9,6,15
088 Mühlwald,34,,3,9,12
088 Mühlwald,35,,13,8,21
088 Mühlwald,36,,17,5,22
088 Mühlwald,37,,7,12,19
088 Mühlwald,38,,12,5,17
088 Mühlwald,39,,6,6,12
088 Mühlwald,40,,11,10,21
088 Mühlwald,41,,11,6,17
088 Mühlwald,42,,9,6,15
088 Mühlwald,43,,13,12,25
088 Mühlwald,44,,7,9,16
088 Mühlwald,45,,19,14,33
088 Mühlwald,46,,6,10,16
088 Mühlwald,47,,13,14,27
088 Mühlwald,48,,15,9,24
088 Mühlwald,49,,16,15,31
088 Mühlwald,50,,12,7,19
088 Mühlwald,51,,16,12,28
088 Mühlwald,52,,15,11,26
088 Mühlwald,53,,9,11,20
088 Mühlwald,54,,7,11,18
088 Mühlwald,55,,6,11,17
088 Mühlwald,56,,13,9,22
088 Mühlwald,57,,13,5,18
088 Mühlwald,58,,9,5,14
088 Mühlwald,59,,13,13,26
088 Mühlwald,60,,8,7,15
088 Mühlwald,61,,8,7,15
088 Mühlwald,62,,9,4,13
088 Mühlwald,63,,8,9,17
088 Mühlwald,64,,9,7,16
088 Mühlwald,65,,10,4,14
088 Mühlwald,66,,4,9,13
088 Mühlwald,67,,7,2,9
088 Mühlwald,68,,12,4,16
088 Mühlwald,69,,9,7,16
088 Mühlwald,70,,6,3,9
088 Mühlwald,71,,4,4,8
088 Mühlwald,72,,7,4,11
088 Mühlwald,73,,7,2,9
088 Mühlwald,74,,6,7,13
088 Mühlwald,75,,3,7,10
088 Mühlwald,76,,4,9,13
088 Mühlwald,77,,3,11,14
088 Mühlwald,78,,7,4,11
088 Mühlwald,79,,6,2,8
088 Mühlwald,80,,3,3,6
088 Mühlwald,81,,3,3,6
088 Mühlwald,82,,3,5,8
088 Mühlwald,83,,2,9,11
088 Mühlwald,84,,-,2,2
088 Mühlwald,85,,1,3,4
088 Mühlwald,86,,1,3,4
088 Mühlwald,87,,3,3,6
088 Mühlwald,88,,2,2,4
088 Mühlwald,89,,2,-,2
088 Mühlwald,90,,-,3,3
088 Mühlwald,91,,1,1,2
088 Mühlwald,93,,-,1,1
088 Mühlwald,94,,-,1,1
089 Wolkenstein in Gröden,0,,15,12,27
089 Wolkenstein in Gröden,1,,11,13,24
089 Wolkenstein in Gröden,2,,11,11,22
089 Wolkenstein in Gröden,3,,17,8,25
089 Wolkenstein in Gröden,4,,12,9,21
089 Wolkenstein in Gröden,5,,11,16,27
089 Wolkenstein in Gröden,6,,15,10,25
089 Wolkenstein in Gröden,7,,10,8,18
089 Wolkenstein in Gröden,8,,18,13,31
089 Wolkenstein in Gröden,9,,17,11,28
089 Wolkenstein in Gröden,10,,10,16,26
089 Wolkenstein in Gröden,11,,15,19,34
089 Wolkenstein in Gröden,12,,12,8,20
089 Wolkenstein in Gröden,13,,16,19,35
089 Wolkenstein in Gröden,14,,23,17,40
089 Wolkenstein in Gröden,15,,19,18,37
089 Wolkenstein in Gröden,16,,17,24,41
089 Wolkenstein in Gröden,17,,11,17,28
089 Wolkenstein in Gröden,18,,16,23,39
089 Wolkenstein in Gröden,19,,20,27,47
089 Wolkenstein in Gröden,20,,15,11,26
089 Wolkenstein in Gröden,21,,15,12,27
089 Wolkenstein in Gröden,22,,14,18,32
089 Wolkenstein in Gröden,23,,15,15,30
089 Wolkenstein in Gröden,24,,23,12,35
089 Wolkenstein in Gröden,25,,16,18,34
089 Wolkenstein in Gröden,26,,14,11,25
089 Wolkenstein in Gröden,27,,14,14,28
089 Wolkenstein in Gröden,28,,17,12,29
089 Wolkenstein in Gröden,29,,11,17,28
089 Wolkenstein in Gröden,30,,15,13,28
089 Wolkenstein in Gröden,31,,18,14,32
089 Wolkenstein in Gröden,32,,15,9,24
089 Wolkenstein in Gröden,33,,13,7,20
089 Wolkenstein in Gröden,34,,12,18,30
089 Wolkenstein in Gröden,35,,14,10,24
089 Wolkenstein in Gröden,36,,16,19,35
089 Wolkenstein in Gröden,37,,10,18,28
089 Wolkenstein in Gröden,38,,11,11,22
089 Wolkenstein in Gröden,39,,13,12,25
089 Wolkenstein in Gröden,40,,14,10,24
089 Wolkenstein in Gröden,41,,20,23,43
089 Wolkenstein in Gröden,42,,10,16,26
089 Wolkenstein in Gröden,43,,22,25,47
089 Wolkenstein in Gröden,44,,18,24,42
089 Wolkenstein in Gröden,45,,20,22,42
089 Wolkenstein in Gröden,46,,24,22,46
089 Wolkenstein in Gröden,47,,27,22,49
089 Wolkenstein in Gröden,48,,25,24,49
089 Wolkenstein in Gröden,49,,32,26,58
089 Wolkenstein in Gröden,50,,28,25,53
089 Wolkenstein in Gröden,51,,19,32,51
089 Wolkenstein in Gröden,52,,30,21,51
089 Wolkenstein in Gröden,53,,23,19,42
089 Wolkenstein in Gröden,54,,19,21,40
089 Wolkenstein in Gröden,55,,25,20,45
089 Wolkenstein in Gröden,56,,25,20,45
089 Wolkenstein in Gröden,57,,14,16,30
089 Wolkenstein in Gröden,58,,17,15,32
089 Wolkenstein in Gröden,59,,20,16,36
089 Wolkenstein in Gröden,60,,10,14,24
089 Wolkenstein in Gröden,61,,10,9,19
089 Wolkenstein in Gröden,62,,12,10,22
089 Wolkenstein in Gröden,63,,9,13,22
089 Wolkenstein in Gröden,64,,9,6,15
089 Wolkenstein in Gröden,65,,11,10,21
089 Wolkenstein in Gröden,66,,6,17,23
089 Wolkenstein in Gröden,67,,13,10,23
089 Wolkenstein in Gröden,68,,11,12,23
089 Wolkenstein in Gröden,69,,10,14,24
089 Wolkenstein in Gröden,70,,17,19,36
089 Wolkenstein in Gröden,71,,5,14,19
089 Wolkenstein in Gröden,72,,9,8,17
089 Wolkenstein in Gröden,73,,15,12,27
089 Wolkenstein in Gröden,74,,10,11,21
089 Wolkenstein in Gröden,75,,12,11,23
089 Wolkenstein in Gröden,76,,14,16,30
089 Wolkenstein in Gröden,77,,15,11,26
089 Wolkenstein in Gröden,78,,14,8,22
089 Wolkenstein in Gröden,79,,9,16,25
089 Wolkenstein in Gröden,80,,9,12,21
089 Wolkenstein in Gröden,81,,12,4,16
089 Wolkenstein in Gröden,82,,10,10,20
089 Wolkenstein in Gröden,83,,4,7,11
089 Wolkenstein in Gröden,84,,2,9,11
089 Wolkenstein in Gröden,85,,5,6,11
089 Wolkenstein in Gröden,86,,5,6,11
089 Wolkenstein in Gröden,87,,2,3,5
089 Wolkenstein in Gröden,88,,2,5,7
089 Wolkenstein in Gröden,89,,4,4,8
089 Wolkenstein in Gröden,90,,2,3,5
089 Wolkenstein in Gröden,91,,2,5,7
089 Wolkenstein in Gröden,92,,1,1,2
089 Wolkenstein in Gröden,93,,-,2,2
089 Wolkenstein in Gröden,94,,2,3,5
089 Wolkenstein in Gröden,95,,1,1,2
091 Schnals,0,,6,6,12
091 Schnals,1,,4,5,9
091 Schnals,2,,9,7,16
091 Schnals,3,,7,2,9
091 Schnals,4,,8,3,11
091 Schnals,5,,6,5,11
091 Schnals,6,,3,5,8
091 Schnals,7,,7,8,15
091 Schnals,8,,9,4,13
091 Schnals,9,,4,4,8
091 Schnals,10,,2,4,6
091 Schnals,11,,3,5,8
091 Schnals,12,,5,5,10
091 Schnals,13,,2,7,9
091 Schnals,14,,12,2,14
091 Schnals,15,,3,4,7
091 Schnals,16,,4,5,9
091 Schnals,17,,5,7,12
091 Schnals,18,,7,14,21
091 Schnals,19,,11,11,22
091 Schnals,20,,5,10,15
091 Schnals,21,,5,8,13
091 Schnals,22,,4,8,12
091 Schnals,23,,8,6,14
091 Schnals,24,,10,8,18
091 Schnals,25,,13,8,21
091 Schnals,26,,3,6,9
091 Schnals,27,,17,8,25
091 Schnals,28,,9,4,13
091 Schnals,29,,9,9,18
091 Schnals,30,,6,5,11
091 Schnals,31,,4,6,10
091 Schnals,32,,11,10,21
091 Schnals,33,,5,4,9
091 Schnals,34,,5,5,10
091 Schnals,35,,13,11,24
091 Schnals,36,,9,8,17
091 Schnals,37,,5,9,14
091 Schnals,38,,9,8,17
091 Schnals,39,,6,10,16
091 Schnals,40,,9,1,10
091 Schnals,41,,7,5,12
091 Schnals,42,,13,7,20
091 Schnals,43,,7,8,15
091 Schnals,44,,8,9,17
091 Schnals,45,,9,6,15
091 Schnals,46,,8,7,15
091 Schnals,47,,10,7,17
091 Schnals,48,,10,8,18
091 Schnals,49,,13,11,24
091 Schnals,50,,13,13,26
091 Schnals,51,,14,7,21
091 Schnals,52,,6,10,16
091 Schnals,53,,9,16,25
091 Schnals,54,,12,10,22
091 Schnals,55,,9,12,21
091 Schnals,56,,11,6,17
091 Schnals,57,,13,12,25
091 Schnals,58,,11,11,22
091 Schnals,59,,11,5,16
091 Schnals,60,,11,4,15
091 Schnals,61,,9,6,15
091 Schnals,62,,9,10,19
091 Schnals,63,,11,8,19
091 Schnals,64,,13,6,19
091 Schnals,65,,11,8,19
091 Schnals,66,,8,7,15
091 Schnals,67,,10,9,19
091 Schnals,68,,3,2,5
091 Schnals,69,,8,7,15
091 Schnals,70,,6,5,11
091 Schnals,71,,6,3,9
091 Schnals,72,,2,7,9
091 Schnals,73,,5,8,13
091 Schnals,74,,3,4,7
091 Schnals,75,,2,4,6
091 Schnals,76,,7,7,14
091 Schnals,77,,4,7,11
091 Schnals,78,,1,11,12
091 Schnals,79,,5,4,9
091 Schnals,80,,4,3,7
091 Schnals,81,,1,4,5
091 Schnals,82,,2,3,5
091 Schnals,83,,3,2,5
091 Schnals,84,,2,7,9
091 Schnals,85,,2,4,6
091 Schnals,86,,-,3,3
091 Schnals,87,,3,5,8
091 Schnals,88,,1,2,3
091 Schnals,89,,1,-,1
091 Schnals,90,,3,2,5
091 Schnals,91,,1,2,3
091 Schnals,92,,-,2,2
091 Schnals,93,,-,1,1
091 Schnals,94,,1,2,3
091 Schnals,95,,-,1,1
091 Schnals,98,,1,1,2
092 Sexten,0,,12,7,19
092 Sexten,1,,4,9,13
092 Sexten,2,,7,3,10
092 Sexten,3,,12,7,19
092 Sexten,4,,11,8,19
092 Sexten,5,,11,3,14
092 Sexten,6,,9,6,15
092 Sexten,7,,12,6,18
092 Sexten,8,,7,9,16
092 Sexten,9,,8,16,24
092 Sexten,10,,5,7,12
092 Sexten,11,,11,8,19
092 Sexten,12,,13,5,18
092 Sexten,13,,10,10,20
092 Sexten,14,,17,18,35
092 Sexten,15,,16,12,28
092 Sexten,16,,9,17,26
092 Sexten,17,,8,14,22
092 Sexten,18,,14,6,20
092 Sexten,19,,12,11,23
092 Sexten,20,,14,11,25
092 Sexten,21,,15,14,29
092 Sexten,22,,16,10,26
092 Sexten,23,,9,6,15
092 Sexten,24,,14,11,25
092 Sexten,25,,12,14,26
092 Sexten,26,,11,15,26
092 Sexten,27,,11,10,21
092 Sexten,28,,11,5,16
092 Sexten,29,,10,10,20
092 Sexten,30,,7,9,16
092 Sexten,31,,11,10,21
092 Sexten,32,,9,7,16
092 Sexten,33,,9,6,15
092 Sexten,34,,10,10,20
092 Sexten,35,,14,11,25
092 Sexten,36,,13,9,22
092 Sexten,37,,14,23,37
092 Sexten,38,,13,12,25
092 Sexten,39,,7,5,12
092 Sexten,40,,17,15,32
092 Sexten,41,,9,13,22
092 Sexten,42,,11,6,17
092 Sexten,43,,9,11,20
092 Sexten,44,,12,17,29
092 Sexten,45,,16,15,31
092 Sexten,46,,11,19,30
092 Sexten,47,,19,16,35
092 Sexten,48,,15,18,33
092 Sexten,49,,23,21,44
092 Sexten,50,,14,19,33
092 Sexten,51,,18,19,37
092 Sexten,52,,21,16,37
092 Sexten,53,,27,19,46
092 Sexten,54,,14,16,30
092 Sexten,55,,18,11,29
092 Sexten,56,,20,8,28
092 Sexten,57,,15,14,29
092 Sexten,58,,22,14,36
092 Sexten,59,,17,12,29
092 Sexten,60,,12,14,26
092 Sexten,61,,10,11,21
092 Sexten,62,,11,12,23
092 Sexten,63,,2,10,12
092 Sexten,64,,5,12,17
092 Sexten,65,,7,9,16
092 Sexten,66,,11,7,18
092 Sexten,67,,5,5,10
092 Sexten,68,,10,7,17
092 Sexten,69,,9,3,12
092 Sexten,70,,5,8,13
092 Sexten,71,,6,4,10
092 Sexten,72,,5,11,16
092 Sexten,73,,8,4,12
092 Sexten,74,,5,4,9
092 Sexten,75,,6,16,22
092 Sexten,76,,7,12,19
092 Sexten,77,,2,10,12
092 Sexten,78,,11,10,21
092 Sexten,79,,6,5,11
092 Sexten,80,,6,8,14
092 Sexten,81,,6,11,17
092 Sexten,82,,6,5,11
092 Sexten,83,,2,9,11
092 Sexten,84,,3,7,10
092 Sexten,85,,3,11,14
092 Sexten,86,,3,9,12
092 Sexten,87,,2,7,9
092 Sexten,88,,4,6,10
092 Sexten,89,,2,8,10
092 Sexten,90,,3,2,5
092 Sexten,91,,-,5,5
092 Sexten,92,,1,3,4
092 Sexten,93,,1,3,4
092 Sexten,94,,-,4,4
092 Sexten,95,,-,2,2
092 Sexten,96,,-,1,1
093 Schlanders,0,,22,36,58
093 Schlanders,1,,32,42,74
093 Schlanders,2,,28,34,62
093 Schlanders,3,,31,24,55
093 Schlanders,4,,35,39,74
093 Schlanders,5,,27,24,51
093 Schlanders,6,,30,29,59
093 Schlanders,7,,24,35,59
093 Schlanders,8,,35,25,60
093 Schlanders,9,,30,29,59
093 Schlanders,10,,28,24,52
093 Schlanders,11,,30,34,64
093 Schlanders,12,,28,32,60
093 Schlanders,13,,30,23,53
093 Schlanders,14,,27,34,61
093 Schlanders,15,,31,32,63
093 Schlanders,16,,39,37,76
093 Schlanders,17,,28,39,67
093 Schlanders,18,,40,40,80
093 Schlanders,19,,55,49,104
093 Schlanders,20,,40,36,76
093 Schlanders,21,,37,27,64
093 Schlanders,22,,43,45,88
093 Schlanders,23,,45,44,89
093 Schlanders,24,,37,43,80
093 Schlanders,25,,35,30,65
093 Schlanders,26,,53,42,95
093 Schlanders,27,,38,37,75
093 Schlanders,28,,34,36,70
093 Schlanders,29,,40,35,75
093 Schlanders,30,,40,36,76
093 Schlanders,31,,37,32,69
093 Schlanders,32,,40,36,76
093 Schlanders,33,,36,43,79
093 Schlanders,34,,45,44,89
093 Schlanders,35,,46,40,86
093 Schlanders,36,,35,38,73
093 Schlanders,37,,27,31,58
093 Schlanders,38,,43,32,75
093 Schlanders,39,,34,45,79
093 Schlanders,40,,37,25,62
093 Schlanders,41,,46,40,86
093 Schlanders,42,,46,38,84
093 Schlanders,43,,39,51,90
093 Schlanders,44,,52,38,90
093 Schlanders,45,,45,50,95
093 Schlanders,46,,45,47,92
093 Schlanders,47,,62,43,105
093 Schlanders,48,,47,40,87
093 Schlanders,49,,43,55,98
093 Schlanders,50,,44,57,101
093 Schlanders,51,,54,50,104
093 Schlanders,52,,36,46,82
093 Schlanders,53,,51,57,108
093 Schlanders,54,,47,48,95
093 Schlanders,55,,38,56,94
093 Schlanders,56,,40,38,78
093 Schlanders,57,,36,43,79
093 Schlanders,58,,46,53,99
093 Schlanders,59,,41,37,78
093 Schlanders,60,,27,34,61
093 Schlanders,61,,27,35,62
093 Schlanders,62,,31,31,62
093 Schlanders,63,,35,39,74
093 Schlanders,64,,31,21,52
093 Schlanders,65,,28,30,58
093 Schlanders,66,,22,34,56
093 Schlanders,67,,26,36,62
093 Schlanders,68,,36,25,61
093 Schlanders,69,,22,24,46
093 Schlanders,70,,24,20,44
093 Schlanders,71,,31,17,48
093 Schlanders,72,,24,34,58
093 Schlanders,73,,27,34,61
093 Schlanders,74,,28,32,60
093 Schlanders,75,,28,36,64
093 Schlanders,76,,23,25,48
093 Schlanders,77,,28,31,59
093 Schlanders,78,,13,16,29
093 Schlanders,79,,21,22,43
093 Schlanders,80,,14,22,36
093 Schlanders,81,,13,20,33
093 Schlanders,82,,10,20,30
093 Schlanders,83,,14,24,38
093 Schlanders,84,,12,11,23
093 Schlanders,85,,9,11,20
093 Schlanders,86,,9,17,26
093 Schlanders,87,,7,10,17
093 Schlanders,88,,7,16,23
093 Schlanders,89,,4,14,18
093 Schlanders,90,,2,15,17
093 Schlanders,91,,6,7,13
093 Schlanders,92,,1,4,5
093 Schlanders,93,,3,3,6
093 Schlanders,94,,1,2,3
093 Schlanders,95,,-,5,5
093 Schlanders,96,,-,2,2
093 Schlanders,97,,-,1,1
093 Schlanders,100,,-,1,1
093 Schlanders,106,,-,1,1
094 Schluderns,0,,18,8,26
094 Schluderns,1,,5,13,18
094 Schluderns,2,,11,12,23
094 Schluderns,3,,13,6,19
094 Schluderns,4,,9,11,20
094 Schluderns,5,,12,10,22
094 Schluderns,6,,8,5,13
094 Schluderns,7,,12,7,19
094 Schluderns,8,,7,2,9
094 Schluderns,9,,11,13,24
094 Schluderns,10,,8,8,16
094 Schluderns,11,,6,5,11
094 Schluderns,12,,6,10,16
094 Schluderns,13,,14,9,23
094 Schluderns,14,,15,8,23
094 Schluderns,15,,11,7,18
094 Schluderns,16,,18,9,27
094 Schluderns,17,,7,14,21
094 Schluderns,18,,5,11,16
094 Schluderns,19,,12,10,22
094 Schluderns,20,,11,14,25
094 Schluderns,21,,9,12,21
094 Schluderns,22,,11,17,28
094 Schluderns,23,,18,5,23
094 Schluderns,24,,7,12,19
094 Schluderns,25,,11,13,24
094 Schluderns,26,,17,10,27
094 Schluderns,27,,15,10,25
094 Schluderns,28,,12,12,24
094 Schluderns,29,,10,8,18
094 Schluderns,30,,8,14,22
094 Schluderns,31,,16,14,30
094 Schluderns,32,,8,10,18
094 Schluderns,33,,9,13,22
094 Schluderns,34,,11,13,24
094 Schluderns,35,,17,15,32
094 Schluderns,36,,10,13,23
094 Schluderns,37,,2,13,15
094 Schluderns,38,,12,12,24
094 Schluderns,39,,7,12,19
094 Schluderns,40,,13,16,29
094 Schluderns,41,,17,7,24
094 Schluderns,42,,21,14,35
094 Schluderns,43,,17,11,28
094 Schluderns,44,,15,12,27
094 Schluderns,45,,10,12,22
094 Schluderns,46,,9,10,19
094 Schluderns,47,,15,10,25
094 Schluderns,48,,17,15,32
094 Schluderns,49,,13,13,26
094 Schluderns,50,,17,15,32
094 Schluderns,51,,24,9,33
094 Schluderns,52,,26,12,38
094 Schluderns,53,,13,18,31
094 Schluderns,54,,11,18,29
094 Schluderns,55,,12,18,30
094 Schluderns,56,,7,6,13
094 Schluderns,57,,11,16,27
094 Schluderns,58,,9,15,24
094 Schluderns,59,,17,7,24
094 Schluderns,60,,10,16,26
094 Schluderns,61,,14,11,25
094 Schluderns,62,,13,8,21
094 Schluderns,63,,14,7,21
094 Schluderns,64,,5,5,10
094 Schluderns,65,,11,3,14
094 Schluderns,66,,7,13,20
094 Schluderns,67,,11,9,20
094 Schluderns,68,,8,8,16
094 Schluderns,69,,6,6,12
094 Schluderns,70,,5,9,14
094 Schluderns,71,,5,3,8
094 Schluderns,72,,5,11,16
094 Schluderns,73,,2,7,9
094 Schluderns,74,,5,7,12
094 Schluderns,75,,10,13,23
094 Schluderns,76,,5,5,10
094 Schluderns,77,,8,8,16
094 Schluderns,78,,7,7,14
094 Schluderns,79,,5,9,14
094 Schluderns,80,,2,6,8
094 Schluderns,81,,4,8,12
094 Schluderns,82,,6,10,16
094 Schluderns,83,,5,5,10
094 Schluderns,84,,4,7,11
094 Schluderns,85,,2,3,5
094 Schluderns,86,,3,4,7
094 Schluderns,87,,2,4,6
094 Schluderns,88,,1,3,4
094 Schluderns,89,,1,-,1
094 Schluderns,90,,1,6,7
094 Schluderns,91,,1,1,2
094 Schluderns,94,,-,1,1
094 Schluderns,95,,-,3,3
094 Schluderns,96,,-,1,1
094 Schluderns,97,,-,1,1
095 Stilfs,0,,5,2,7
095 Stilfs,1,,7,5,12
095 Stilfs,2,,8,6,14
095 Stilfs,3,,6,2,8
095 Stilfs,4,,9,5,14
095 Stilfs,5,,4,2,6
095 Stilfs,6,,2,4,6
095 Stilfs,7,,4,3,7
095 Stilfs,8,,3,4,7
095 Stilfs,9,,4,5,9
095 Stilfs,10,,4,1,5
095 Stilfs,11,,7,5,12
095 Stilfs,12,,5,5,10
095 Stilfs,13,,5,6,11
095 Stilfs,14,,5,1,6
095 Stilfs,15,,4,11,15
095 Stilfs,16,,9,4,13
095 Stilfs,17,,2,6,8
095 Stilfs,18,,8,3,11
095 Stilfs,19,,9,11,20
095 Stilfs,20,,12,1,13
095 Stilfs,21,,5,6,11
095 Stilfs,22,,9,8,17
095 Stilfs,23,,5,13,18
095 Stilfs,24,,4,8,12
095 Stilfs,25,,11,3,14
095 Stilfs,26,,17,8,25
095 Stilfs,27,,7,6,13
095 Stilfs,28,,7,-,7
095 Stilfs,29,,5,4,9
095 Stilfs,30,,9,6,15
095 Stilfs,31,,7,5,12
095 Stilfs,32,,9,9,18
095 Stilfs,33,,10,3,13
095 Stilfs,34,,9,5,14
095 Stilfs,35,,8,7,15
095 Stilfs,36,,3,4,7
095 Stilfs,37,,6,6,12
095 Stilfs,38,,6,8,14
095 Stilfs,39,,5,4,9
095 Stilfs,40,,8,5,13
095 Stilfs,41,,6,7,13
095 Stilfs,42,,6,4,10
095 Stilfs,43,,10,15,25
095 Stilfs,44,,9,7,16
095 Stilfs,45,,10,10,20
095 Stilfs,46,,9,12,21
095 Stilfs,47,,9,11,20
095 Stilfs,48,,7,8,15
095 Stilfs,49,,5,7,12
095 Stilfs,50,,21,8,29
095 Stilfs,51,,12,9,21
095 Stilfs,52,,13,7,20
095 Stilfs,53,,11,6,17
095 Stilfs,54,,7,12,19
095 Stilfs,55,,7,3,10
095 Stilfs,56,,9,7,16
095 Stilfs,57,,9,9,18
095 Stilfs,58,,8,12,20
095 Stilfs,59,,11,6,17
095 Stilfs,60,,5,8,13
095 Stilfs,61,,4,4,8
095 Stilfs,62,,15,7,22
095 Stilfs,63,,8,4,12
095 Stilfs,64,,9,5,14
095 Stilfs,65,,14,8,22
095 Stilfs,66,,1,6,7
095 Stilfs,67,,5,3,8
095 Stilfs,68,,7,9,16
095 Stilfs,69,,6,4,10
095 Stilfs,70,,9,9,18
095 Stilfs,71,,2,4,6
095 Stilfs,72,,12,9,21
095 Stilfs,73,,7,6,13
095 Stilfs,74,,2,12,14
095 Stilfs,75,,6,4,10
095 Stilfs,76,,4,6,10
095 Stilfs,77,,3,6,9
095 Stilfs,78,,2,4,6
095 Stilfs,79,,4,5,9
095 Stilfs,80,,1,9,10
095 Stilfs,81,,1,5,6
095 Stilfs,82,,2,4,6
095 Stilfs,83,,3,6,9
095 Stilfs,84,,3,4,7
095 Stilfs,85,,2,1,3
095 Stilfs,86,,3,2,5
095 Stilfs,87,,1,-,1
095 Stilfs,88,,1,4,5
095 Stilfs,89,,1,2,3
095 Stilfs,90,,-,4,4
095 Stilfs,91,,2,1,3
095 Stilfs,92,,-,2,2
095 Stilfs,94,,-,2,2
095 Stilfs,95,,1,1,2
096 Terenten,0,,14,12,26
096 Terenten,1,,11,8,19
096 Terenten,2,,17,9,26
096 Terenten,3,,11,10,21
096 Terenten,4,,5,10,15
096 Terenten,5,,8,8,16
096 Terenten,6,,3,8,11
096 Terenten,7,,13,7,20
096 Terenten,8,,10,4,14
096 Terenten,9,,8,11,19
096 Terenten,10,,15,10,25
096 Terenten,11,,16,9,25
096 Terenten,12,,11,19,30
096 Terenten,13,,8,12,20
096 Terenten,14,,8,7,15
096 Terenten,15,,14,15,29
096 Terenten,16,,10,8,18
096 Terenten,17,,10,19,29
096 Terenten,18,,22,19,41
096 Terenten,19,,9,8,17
096 Terenten,20,,13,11,24
096 Terenten,21,,12,8,20
096 Terenten,22,,12,13,25
096 Terenten,23,,6,13,19
096 Terenten,24,,10,9,19
096 Terenten,25,,6,17,23
096 Terenten,26,,12,15,27
096 Terenten,27,,14,8,22
096 Terenten,28,,8,10,18
096 Terenten,29,,12,8,20
096 Terenten,30,,12,7,19
096 Terenten,31,,8,10,18
096 Terenten,32,,11,8,19
096 Terenten,33,,10,15,25
096 Terenten,34,,12,10,22
096 Terenten,35,,14,14,28
096 Terenten,36,,7,7,14
096 Terenten,37,,8,10,18
096 Terenten,38,,16,19,35
096 Terenten,39,,9,4,13
096 Terenten,40,,14,10,24
096 Terenten,41,,16,11,27
096 Terenten,42,,14,16,30
096 Terenten,43,,8,16,24
096 Terenten,44,,17,10,27
096 Terenten,45,,18,15,33
096 Terenten,46,,19,12,31
096 Terenten,47,,16,13,29
096 Terenten,48,,12,15,27
096 Terenten,49,,17,18,35
096 Terenten,50,,14,17,31
096 Terenten,51,,15,9,24
096 Terenten,52,,17,12,29
096 Terenten,53,,23,12,35
096 Terenten,54,,20,12,32
096 Terenten,55,,11,19,30
096 Terenten,56,,13,9,22
096 Terenten,57,,13,10,23
096 Terenten,58,,14,8,22
096 Terenten,59,,12,8,20
096 Terenten,60,,9,12,21
096 Terenten,61,,12,11,23
096 Terenten,62,,13,10,23
096 Terenten,63,,10,8,18
096 Terenten,64,,6,7,13
096 Terenten,65,,6,6,12
096 Terenten,66,,8,6,14
096 Terenten,67,,7,6,13
096 Terenten,68,,10,8,18
096 Terenten,69,,7,3,10
096 Terenten,70,,8,3,11
096 Terenten,71,,6,4,10
096 Terenten,72,,3,6,9
096 Terenten,73,,7,5,12
096 Terenten,74,,5,5,10
096 Terenten,75,,3,4,7
096 Terenten,76,,7,5,12
096 Terenten,77,,2,6,8
096 Terenten,78,,4,9,13
096 Terenten,79,,4,5,9
096 Terenten,80,,2,6,8
096 Terenten,81,,3,4,7
096 Terenten,82,,1,2,3
096 Terenten,83,,3,2,5
096 Terenten,84,,2,2,4
096 Terenten,85,,4,8,12
096 Terenten,86,,2,3,5
096 Terenten,87,,3,2,5
096 Terenten,88,,1,4,5
096 Terenten,89,,-,2,2
096 Terenten,90,,1,3,4
096 Terenten,91,,1,-,1
096 Terenten,92,,-,1,1
096 Terenten,95,,-,1,1
097 Terlan,0,,21,18,39
097 Terlan,1,,22,20,42
097 Terlan,2,,26,17,43
097 Terlan,3,,24,29,53
097 Terlan,4,,33,21,54
097 Terlan,5,,35,36,71
097 Terlan,6,,19,17,36
097 Terlan,7,,36,28,64
097 Terlan,8,,32,23,55
097 Terlan,9,,20,22,42
097 Terlan,10,,22,27,49
097 Terlan,11,,17,26,43
097 Terlan,12,,28,23,51
097 Terlan,13,,22,24,46
097 Terlan,14,,23,19,42
097 Terlan,15,,22,25,47
097 Terlan,16,,33,26,59
097 Terlan,17,,30,17,47
097 Terlan,18,,23,20,43
097 Terlan,19,,36,29,65
097 Terlan,20,,16,28,44
097 Terlan,21,,25,25,50
097 Terlan,22,,22,17,39
097 Terlan,23,,31,21,52
097 Terlan,24,,21,29,50
097 Terlan,25,,27,17,44
097 Terlan,26,,18,22,40
097 Terlan,27,,19,28,47
097 Terlan,28,,25,22,47
097 Terlan,29,,28,28,56
097 Terlan,30,,22,24,46
097 Terlan,31,,25,25,50
097 Terlan,32,,21,11,32
097 Terlan,33,,25,18,43
097 Terlan,34,,19,30,49
097 Terlan,35,,22,19,41
097 Terlan,36,,37,39,76
097 Terlan,37,,21,29,50
097 Terlan,38,,21,35,56
097 Terlan,39,,45,25,70
097 Terlan,40,,38,39,77
097 Terlan,41,,37,40,77
097 Terlan,42,,32,48,80
097 Terlan,43,,31,39,70
097 Terlan,44,,42,30,72
097 Terlan,45,,32,28,60
097 Terlan,46,,43,48,91
097 Terlan,47,,34,36,70
097 Terlan,48,,37,32,69
097 Terlan,49,,32,39,71
097 Terlan,50,,42,31,73
097 Terlan,51,,32,30,62
097 Terlan,52,,39,28,67
097 Terlan,53,,31,31,62
097 Terlan,54,,28,39,67
097 Terlan,55,,42,28,70
097 Terlan,56,,29,36,65
097 Terlan,57,,20,26,46
097 Terlan,58,,34,26,60
097 Terlan,59,,23,28,51
097 Terlan,60,,30,32,62
097 Terlan,61,,23,26,49
097 Terlan,62,,27,20,47
097 Terlan,63,,13,23,36
097 Terlan,64,,17,24,41
097 Terlan,65,,20,15,35
097 Terlan,66,,22,22,44
097 Terlan,67,,17,14,31
097 Terlan,68,,17,24,41
097 Terlan,69,,14,20,34
097 Terlan,70,,10,23,33
097 Terlan,71,,21,21,42
097 Terlan,72,,23,21,44
097 Terlan,73,,12,26,38
097 Terlan,74,,29,21,50
097 Terlan,75,,21,23,44
097 Terlan,76,,17,16,33
097 Terlan,77,,15,16,31
097 Terlan,78,,17,14,31
097 Terlan,79,,10,14,24
097 Terlan,80,,5,11,16
097 Terlan,81,,12,18,30
097 Terlan,82,,6,18,24
097 Terlan,83,,8,13,21
097 Terlan,84,,9,8,17
097 Terlan,85,,15,9,24
097 Terlan,86,,6,10,16
097 Terlan,87,,7,9,16
097 Terlan,88,,6,7,13
097 Terlan,89,,3,8,11
097 Terlan,90,,3,7,10
097 Terlan,91,,1,4,5
097 Terlan,92,,-,8,8
097 Terlan,93,,1,9,10
097 Terlan,94,,2,3,5
097 Terlan,95,,2,5,7
097 Terlan,96,,-,2,2
097 Terlan,97,,-,1,1
097 Terlan,98,,-,2,2
097 Terlan,100,,-,2,2
098 Tramin a.d. Weinstr.,0,,25,17,42
098 Tramin a.d. Weinstr.,1,,24,14,38
098 Tramin a.d. Weinstr.,2,,21,27,48
098 Tramin a.d. Weinstr.,3,,29,16,45
098 Tramin a.d. Weinstr.,4,,17,21,38
098 Tramin a.d. Weinstr.,5,,12,12,24
098 Tramin a.d. Weinstr.,6,,22,17,39
098 Tramin a.d. Weinstr.,7,,20,13,33
098 Tramin a.d. Weinstr.,8,,18,11,29
098 Tramin a.d. Weinstr.,9,,17,14,31
098 Tramin a.d. Weinstr.,10,,14,10,24
098 Tramin a.d. Weinstr.,11,,16,12,28
098 Tramin a.d. Weinstr.,12,,12,18,30
098 Tramin a.d. Weinstr.,13,,26,12,38
098 Tramin a.d. Weinstr.,14,,17,16,33
098 Tramin a.d. Weinstr.,15,,22,18,40
098 Tramin a.d. Weinstr.,16,,26,14,40
098 Tramin a.d. Weinstr.,17,,18,17,35
098 Tramin a.d. Weinstr.,18,,15,21,36
098 Tramin a.d. Weinstr.,19,,25,15,40
098 Tramin a.d. Weinstr.,20,,22,29,51
098 Tramin a.d. Weinstr.,21,,20,23,43
098 Tramin a.d. Weinstr.,22,,19,22,41
098 Tramin a.d. Weinstr.,23,,15,19,34
098 Tramin a.d. Weinstr.,24,,22,28,50
098 Tramin a.d. Weinstr.,25,,17,10,27
098 Tramin a.d. Weinstr.,26,,25,22,47
098 Tramin a.d. Weinstr.,27,,18,31,49
098 Tramin a.d. Weinstr.,28,,13,28,41
098 Tramin a.d. Weinstr.,29,,19,21,40
098 Tramin a.d. Weinstr.,30,,15,17,32
098 Tramin a.d. Weinstr.,31,,25,26,51
098 Tramin a.d. Weinstr.,32,,21,15,36
098 Tramin a.d. Weinstr.,33,,14,20,34
098 Tramin a.d. Weinstr.,34,,23,29,52
098 Tramin a.d. Weinstr.,35,,30,13,43
098 Tramin a.d. Weinstr.,36,,25,22,47
098 Tramin a.d. Weinstr.,37,,18,14,32
098 Tramin a.d. Weinstr.,38,,12,22,34
098 Tramin a.d. Weinstr.,39,,22,17,39
098 Tramin a.d. Weinstr.,40,,28,21,49
098 Tramin a.d. Weinstr.,41,,22,16,38
098 Tramin a.d. Weinstr.,42,,25,17,42
098 Tramin a.d. Weinstr.,43,,21,17,38
098 Tramin a.d. Weinstr.,44,,18,27,45
098 Tramin a.d. Weinstr.,45,,22,33,55
098 Tramin a.d. Weinstr.,46,,26,20,46
098 Tramin a.d. Weinstr.,47,,28,32,60
098 Tramin a.d. Weinstr.,48,,25,21,46
098 Tramin a.d. Weinstr.,49,,30,31,61
098 Tramin a.d. Weinstr.,50,,32,24,56
098 Tramin a.d. Weinstr.,51,,31,26,57
098 Tramin a.d. Weinstr.,52,,27,31,58
098 Tramin a.d. Weinstr.,53,,24,21,45
098 Tramin a.d. Weinstr.,54,,24,14,38
098 Tramin a.d. Weinstr.,55,,31,23,54
098 Tramin a.d. Weinstr.,56,,26,35,61
098 Tramin a.d. Weinstr.,57,,17,32,49
098 Tramin a.d. Weinstr.,58,,26,22,48
098 Tramin a.d. Weinstr.,59,,18,22,40
098 Tramin a.d. Weinstr.,60,,21,21,42
098 Tramin a.d. Weinstr.,61,,17,18,35
098 Tramin a.d. Weinstr.,62,,19,20,39
098 Tramin a.d. Weinstr.,63,,15,13,28
098 Tramin a.d. Weinstr.,64,,19,18,37
098 Tramin a.d. Weinstr.,65,,11,14,25
098 Tramin a.d. Weinstr.,66,,16,19,35
098 Tramin a.d. Weinstr.,67,,15,17,32
098 Tramin a.d. Weinstr.,68,,16,18,34
098 Tramin a.d. Weinstr.,69,,13,21,34
098 Tramin a.d. Weinstr.,70,,18,18,36
098 Tramin a.d. Weinstr.,71,,6,9,15
098 Tramin a.d. Weinstr.,72,,22,24,46
098 Tramin a.d. Weinstr.,73,,16,20,36
098 Tramin a.d. Weinstr.,74,,20,15,35
098 Tramin a.d. Weinstr.,75,,12,24,36
098 Tramin a.d. Weinstr.,76,,19,14,33
098 Tramin a.d. Weinstr.,77,,9,11,20
098 Tramin a.d. Weinstr.,78,,5,17,22
098 Tramin a.d. Weinstr.,79,,11,11,22
098 Tramin a.d. Weinstr.,80,,12,14,26
098 Tramin a.d. Weinstr.,81,,10,12,22
098 Tramin a.d. Weinstr.,82,,8,13,21
098 Tramin a.d. Weinstr.,83,,4,10,14
098 Tramin a.d. Weinstr.,84,,7,14,21
098 Tramin a.d. Weinstr.,85,,4,12,16
098 Tramin a.d. Weinstr.,86,,7,10,17
098 Tramin a.d. Weinstr.,87,,5,12,17
098 Tramin a.d. Weinstr.,88,,9,5,14
098 Tramin a.d. Weinstr.,89,,5,7,12
098 Tramin a.d. Weinstr.,90,,3,9,12
098 Tramin a.d. Weinstr.,91,,3,12,15
098 Tramin a.d. Weinstr.,92,,1,4,5
098 Tramin a.d. Weinstr.,93,,-,3,3
098 Tramin a.d. Weinstr.,94,,-,3,3
098 Tramin a.d. Weinstr.,95,,1,1,2
098 Tramin a.d. Weinstr.,96,,-,3,3
099 Tisens,0,,17,9,26
099 Tisens,1,,5,7,12
099 Tisens,2,,9,8,17
099 Tisens,3,,7,9,16
099 Tisens,4,,7,13,20
099 Tisens,5,,6,8,14
099 Tisens,6,,8,9,17
099 Tisens,7,,5,2,7
099 Tisens,8,,14,8,22
099 Tisens,9,,11,9,20
099 Tisens,10,,9,7,16
099 Tisens,11,,11,17,28
099 Tisens,12,,12,13,25
099 Tisens,13,,8,12,20
099 Tisens,14,,13,9,22
099 Tisens,15,,10,19,29
099 Tisens,16,,11,10,21
099 Tisens,17,,10,8,18
099 Tisens,18,,14,14,28
099 Tisens,19,,8,6,14
099 Tisens,20,,12,7,19
099 Tisens,21,,13,7,20
099 Tisens,22,,15,12,27
099 Tisens,23,,8,11,19
099 Tisens,24,,6,16,22
099 Tisens,25,,17,6,23
099 Tisens,26,,18,15,33
099 Tisens,27,,14,12,26
099 Tisens,28,,13,17,30
099 Tisens,29,,13,5,18
099 Tisens,30,,16,8,24
099 Tisens,31,,7,9,16
099 Tisens,32,,12,10,22
099 Tisens,33,,17,6,23
099 Tisens,34,,16,14,30
099 Tisens,35,,12,17,29
099 Tisens,36,,8,11,19
099 Tisens,37,,12,12,24
099 Tisens,38,,12,19,31
099 Tisens,39,,13,10,23
099 Tisens,40,,10,7,17
099 Tisens,41,,15,11,26
099 Tisens,42,,14,11,25
099 Tisens,43,,9,13,22
099 Tisens,44,,10,13,23
099 Tisens,45,,15,14,29
099 Tisens,46,,15,18,33
099 Tisens,47,,17,18,35
099 Tisens,48,,19,18,37
099 Tisens,49,,23,21,44
099 Tisens,50,,21,10,31
099 Tisens,51,,17,28,45
099 Tisens,52,,16,10,26
099 Tisens,53,,18,14,32
099 Tisens,54,,21,7,28
099 Tisens,55,,13,11,24
099 Tisens,56,,16,7,23
099 Tisens,57,,13,12,25
099 Tisens,58,,12,13,25
099 Tisens,59,,15,20,35
099 Tisens,60,,10,13,23
099 Tisens,61,,17,11,28
099 Tisens,62,,6,8,14
099 Tisens,63,,12,10,22
099 Tisens,64,,6,13,19
099 Tisens,65,,14,11,25
099 Tisens,66,,9,5,14
099 Tisens,67,,5,6,11
099 Tisens,68,,14,7,21
099 Tisens,69,,9,9,18
099 Tisens,70,,7,7,14
099 Tisens,71,,3,6,9
099 Tisens,72,,8,12,20
099 Tisens,73,,12,7,19
099 Tisens,74,,8,11,19
099 Tisens,75,,6,10,16
099 Tisens,76,,3,7,10
099 Tisens,77,,9,9,18
099 Tisens,78,,5,12,17
099 Tisens,79,,4,4,8
099 Tisens,80,,7,6,13
099 Tisens,81,,4,11,15
099 Tisens,82,,5,5,10
099 Tisens,83,,2,10,12
099 Tisens,84,,4,8,12
099 Tisens,85,,4,6,10
099 Tisens,86,,2,14,16
099 Tisens,87,,3,3,6
099 Tisens,88,,1,6,7
099 Tisens,89,,3,5,8
099 Tisens,90,,2,6,8
099 Tisens,91,,2,6,8
099 Tisens,92,,1,2,3
099 Tisens,93,,-,3,3
099 Tisens,94,,1,1,2
099 Tisens,96,,1,1,2
099 Tisens,97,,1,-,1
100 Tiers,0,,4,6,10
100 Tiers,1,,4,4,8
100 Tiers,2,,8,4,12
100 Tiers,3,,6,6,12
100 Tiers,4,,4,7,11
100 Tiers,5,,2,6,8
100 Tiers,6,,8,7,15
100 Tiers,7,,3,4,7
100 Tiers,8,,10,7,17
100 Tiers,9,,8,3,11
100 Tiers,10,,2,7,9
100 Tiers,11,,2,10,12
100 Tiers,12,,5,2,7
100 Tiers,13,,4,8,12
100 Tiers,14,,6,4,10
100 Tiers,15,,2,9,11
100 Tiers,16,,2,7,9
100 Tiers,17,,4,9,13
100 Tiers,18,,4,9,13
100 Tiers,19,,9,6,15
100 Tiers,20,,6,3,9
100 Tiers,21,,7,10,17
100 Tiers,22,,4,7,11
100 Tiers,23,,5,2,7
100 Tiers,24,,5,3,8
100 Tiers,25,,6,6,12
100 Tiers,26,,7,7,14
100 Tiers,27,,3,5,8
100 Tiers,28,,8,9,17
100 Tiers,29,,5,5,10
100 Tiers,30,,10,8,18
100 Tiers,31,,5,4,9
100 Tiers,32,,3,8,11
100 Tiers,33,,9,4,13
100 Tiers,34,,6,2,8
100 Tiers,35,,5,8,13
100 Tiers,36,,4,5,9
100 Tiers,37,,1,3,4
100 Tiers,38,,12,7,19
100 Tiers,39,,5,2,7
100 Tiers,40,,2,4,6
100 Tiers,41,,10,8,18
100 Tiers,42,,4,8,12
100 Tiers,43,,10,7,17
100 Tiers,44,,11,7,18
100 Tiers,45,,4,8,12
100 Tiers,46,,6,7,13
100 Tiers,47,,15,11,26
100 Tiers,48,,7,3,10
100 Tiers,49,,10,12,22
100 Tiers,50,,9,6,15
100 Tiers,51,,5,5,10
100 Tiers,52,,9,5,14
100 Tiers,53,,6,12,18
100 Tiers,54,,6,6,12
100 Tiers,55,,6,6,12
100 Tiers,56,,4,10,14
100 Tiers,57,,12,6,18
100 Tiers,58,,8,4,12
100 Tiers,59,,5,8,13
100 Tiers,60,,9,7,16
100 Tiers,61,,6,4,10
100 Tiers,62,,6,5,11
100 Tiers,63,,5,6,11
100 Tiers,64,,4,2,6
100 Tiers,65,,1,4,5
100 Tiers,66,,9,5,14
100 Tiers,67,,3,4,7
100 Tiers,68,,3,5,8
100 Tiers,69,,-,3,3
100 Tiers,70,,5,4,9
100 Tiers,71,,8,3,11
100 Tiers,72,,2,4,6
100 Tiers,73,,9,10,19
100 Tiers,74,,2,5,7
100 Tiers,75,,2,4,6
100 Tiers,76,,2,2,4
100 Tiers,77,,5,6,11
100 Tiers,78,,6,5,11
100 Tiers,79,,4,4,8
100 Tiers,80,,3,5,8
100 Tiers,81,,6,2,8
100 Tiers,82,,2,5,7
100 Tiers,83,,2,2,4
100 Tiers,84,,2,4,6
100 Tiers,85,,2,3,5
100 Tiers,86,,2,-,2
100 Tiers,87,,2,1,3
100 Tiers,88,,2,1,3
100 Tiers,89,,2,1,3
100 Tiers,91,,3,1,4
100 Tiers,92,,1,2,3
100 Tiers,93,,-,1,1
100 Tiers,95,,-,1,1
100 Tiers,98,,1,1,2
100 Tiers,99,,-,1,1
101 Tirol,0,,15,13,28
101 Tirol,1,,14,10,24
101 Tirol,2,,7,10,17
101 Tirol,3,,11,7,18
101 Tirol,4,,16,11,27
101 Tirol,5,,9,15,24
101 Tirol,6,,17,14,31
101 Tirol,7,,11,7,18
101 Tirol,8,,11,15,26
101 Tirol,9,,14,9,23
101 Tirol,10,,12,10,22
101 Tirol,11,,14,4,18
101 Tirol,12,,13,16,29
101 Tirol,13,,10,12,22
101 Tirol,14,,16,11,27
101 Tirol,15,,18,11,29
101 Tirol,16,,20,13,33
101 Tirol,17,,15,16,31
101 Tirol,18,,17,12,29
101 Tirol,19,,21,25,46
101 Tirol,20,,21,17,38
101 Tirol,21,,11,18,29
101 Tirol,22,,14,15,29
101 Tirol,23,,20,12,32
101 Tirol,24,,14,16,30
101 Tirol,25,,6,9,15
101 Tirol,26,,16,10,26
101 Tirol,27,,12,17,29
101 Tirol,28,,14,17,31
101 Tirol,29,,15,10,25
101 Tirol,30,,11,15,26
101 Tirol,31,,12,11,23
101 Tirol,32,,15,14,29
101 Tirol,33,,14,14,28
101 Tirol,34,,17,12,29
101 Tirol,35,,15,17,32
101 Tirol,36,,17,5,22
101 Tirol,37,,12,10,22
101 Tirol,38,,9,11,20
101 Tirol,39,,12,20,32
101 Tirol,40,,13,15,28
101 Tirol,41,,19,16,35
101 Tirol,42,,14,19,33
101 Tirol,43,,22,15,37
101 Tirol,44,,25,19,44
101 Tirol,45,,25,24,49
101 Tirol,46,,15,16,31
101 Tirol,47,,20,21,41
101 Tirol,48,,26,25,51
101 Tirol,49,,25,18,43
101 Tirol,50,,25,18,43
101 Tirol,51,,22,20,42
101 Tirol,52,,27,20,47
101 Tirol,53,,18,16,34
101 Tirol,54,,18,19,37
101 Tirol,55,,17,21,38
101 Tirol,56,,24,15,39
101 Tirol,57,,14,17,31
101 Tirol,58,,9,14,23
101 Tirol,59,,15,20,35
101 Tirol,60,,7,14,21
101 Tirol,61,,14,15,29
101 Tirol,62,,14,17,31
101 Tirol,63,,16,16,32
101 Tirol,64,,12,13,25
101 Tirol,65,,14,17,31
101 Tirol,66,,14,10,24
101 Tirol,67,,14,17,31
101 Tirol,68,,18,14,32
101 Tirol,69,,9,12,21
101 Tirol,70,,13,6,19
101 Tirol,71,,10,12,22
101 Tirol,72,,13,15,28
101 Tirol,73,,11,13,24
101 Tirol,74,,12,17,29
101 Tirol,75,,10,14,24
101 Tirol,76,,8,14,22
101 Tirol,77,,6,11,17
101 Tirol,78,,6,8,14
101 Tirol,79,,5,14,19
101 Tirol,80,,4,6,10
101 Tirol,81,,6,6,12
101 Tirol,82,,12,7,19
101 Tirol,83,,5,10,15
101 Tirol,84,,5,5,10
101 Tirol,85,,3,5,8
101 Tirol,86,,3,3,6
101 Tirol,87,,5,9,14
101 Tirol,88,,1,7,8
101 Tirol,89,,3,7,10
101 Tirol,90,,-,1,1
101 Tirol,91,,3,2,5
101 Tirol,92,,1,4,5
101 Tirol,93,,-,3,3
101 Tirol,94,,2,1,3
101 Tirol,96,,-,2,2
101 Tirol,100,,1,-,1
102 Truden im Naturpark,0,,4,4,8
102 Truden im Naturpark,1,,4,4,8
102 Truden im Naturpark,2,,3,4,7
102 Truden im Naturpark,3,,12,6,18
102 Truden im Naturpark,4,,3,9,12
102 Truden im Naturpark,5,,2,2,4
102 Truden im Naturpark,6,,11,7,18
102 Truden im Naturpark,7,,10,7,17
102 Truden im Naturpark,8,,4,7,11
102 Truden im Naturpark,9,,9,10,19
102 Truden im Naturpark,10,,4,1,5
102 Truden im Naturpark,11,,2,5,7
102 Truden im Naturpark,12,,5,8,13
102 Truden im Naturpark,13,,5,4,9
102 Truden im Naturpark,14,,1,4,5
102 Truden im Naturpark,15,,4,2,6
102 Truden im Naturpark,16,,8,6,14
102 Truden im Naturpark,17,,-,1,1
102 Truden im Naturpark,18,,2,8,10
102 Truden im Naturpark,19,,5,7,12
102 Truden im Naturpark,20,,5,5,10
102 Truden im Naturpark,21,,6,5,11
102 Truden im Naturpark,22,,5,5,10
102 Truden im Naturpark,23,,14,6,20
102 Truden im Naturpark,24,,7,4,11
102 Truden im Naturpark,25,,7,6,13
102 Truden im Naturpark,26,,2,4,6
102 Truden im Naturpark,27,,10,9,19
102 Truden im Naturpark,28,,8,13,21
102 Truden im Naturpark,29,,8,4,12
102 Truden im Naturpark,30,,4,7,11
102 Truden im Naturpark,31,,9,8,17
102 Truden im Naturpark,32,,10,2,12
102 Truden im Naturpark,33,,5,8,13
102 Truden im Naturpark,34,,8,5,13
102 Truden im Naturpark,35,,6,11,17
102 Truden im Naturpark,36,,7,6,13
102 Truden im Naturpark,37,,8,4,12
102 Truden im Naturpark,38,,7,6,13
102 Truden im Naturpark,39,,3,6,9
102 Truden im Naturpark,40,,9,7,16
102 Truden im Naturpark,41,,9,3,12
102 Truden im Naturpark,42,,7,10,17
102 Truden im Naturpark,43,,6,9,15
102 Truden im Naturpark,44,,10,8,18
102 Truden im Naturpark,45,,3,3,6
102 Truden im Naturpark,46,,2,7,9
102 Truden im Naturpark,47,,9,9,18
102 Truden im Naturpark,48,,7,7,14
102 Truden im Naturpark,49,,11,7,18
102 Truden im Naturpark,50,,6,12,18
102 Truden im Naturpark,51,,8,7,15
102 Truden im Naturpark,52,,10,8,18
102 Truden im Naturpark,53,,12,7,19
102 Truden im Naturpark,54,,11,4,15
102 Truden im Naturpark,55,,9,5,14
102 Truden im Naturpark,56,,6,13,19
102 Truden im Naturpark,57,,5,8,13
102 Truden im Naturpark,58,,6,11,17
102 Truden im Naturpark,59,,5,7,12
102 Truden im Naturpark,60,,6,6,12
102 Truden im Naturpark,61,,7,10,17
102 Truden im Naturpark,62,,5,7,12
102 Truden im Naturpark,63,,11,6,17
102 Truden im Naturpark,64,,3,6,9
102 Truden im Naturpark,65,,9,7,16
102 Truden im Naturpark,66,,3,3,6
102 Truden im Naturpark,67,,4,3,7
102 Truden im Naturpark,68,,1,6,7
102 Truden im Naturpark,69,,6,2,8
102 Truden im Naturpark,70,,9,7,16
102 Truden im Naturpark,71,,5,3,8
102 Truden im Naturpark,72,,3,6,9
102 Truden im Naturpark,73,,5,4,9
102 Truden im Naturpark,74,,3,5,8
102 Truden im Naturpark,75,,4,6,10
102 Truden im Naturpark,76,,2,5,7
102 Truden im Naturpark,77,,7,2,9
102 Truden im Naturpark,78,,4,5,9
102 Truden im Naturpark,79,,1,4,5
102 Truden im Naturpark,80,,4,2,6
102 Truden im Naturpark,81,,3,1,4
102 Truden im Naturpark,82,,4,1,5
102 Truden im Naturpark,83,,3,7,10
102 Truden im Naturpark,84,,1,2,3
102 Truden im Naturpark,85,,1,3,4
102 Truden im Naturpark,86,,-,4,4
102 Truden im Naturpark,87,,-,4,4
102 Truden im Naturpark,88,,-,3,3
102 Truden im Naturpark,89,,-,2,2
102 Truden im Naturpark,90,,-,2,2
102 Truden im Naturpark,91,,-,3,3
102 Truden im Naturpark,92,,-,1,1
102 Truden im Naturpark,93,,-,3,3
102 Truden im Naturpark,94,,-,2,2
102 Truden im Naturpark,95,,-,1,1
103 Taufers im Münstertal,0,,2,5,7
103 Taufers im Münstertal,1,,5,11,16
103 Taufers im Münstertal,2,,1,7,8
103 Taufers im Münstertal,3,,5,4,9
103 Taufers im Münstertal,4,,4,5,9
103 Taufers im Münstertal,5,,5,7,12
103 Taufers im Münstertal,6,,4,-,4
103 Taufers im Münstertal,7,,7,9,16
103 Taufers im Münstertal,8,,3,5,8
103 Taufers im Münstertal,9,,6,3,9
103 Taufers im Münstertal,10,,4,10,14
103 Taufers im Münstertal,11,,3,5,8
103 Taufers im Münstertal,12,,7,4,11
103 Taufers im Münstertal,13,,3,3,6
103 Taufers im Münstertal,14,,5,5,10
103 Taufers im Münstertal,15,,6,6,12
103 Taufers im Münstertal,16,,4,3,7
103 Taufers im Münstertal,17,,3,4,7
103 Taufers im Münstertal,18,,7,8,15
103 Taufers im Münstertal,19,,4,4,8
103 Taufers im Münstertal,20,,6,4,10
103 Taufers im Münstertal,21,,8,7,15
103 Taufers im Münstertal,22,,6,9,15
103 Taufers im Münstertal,23,,5,5,10
103 Taufers im Münstertal,24,,9,6,15
103 Taufers im Münstertal,25,,5,9,14
103 Taufers im Münstertal,26,,9,8,17
103 Taufers im Münstertal,27,,9,4,13
103 Taufers im Münstertal,28,,7,5,12
103 Taufers im Münstertal,29,,3,7,10
103 Taufers im Münstertal,30,,9,3,12
103 Taufers im Münstertal,31,,6,4,10
103 Taufers im Münstertal,32,,7,5,12
103 Taufers im Münstertal,33,,4,7,11
103 Taufers im Münstertal,34,,4,10,14
103 Taufers im Münstertal,35,,8,7,15
103 Taufers im Münstertal,36,,8,5,13
103 Taufers im Münstertal,37,,6,3,9
103 Taufers im Münstertal,38,,5,4,9
103 Taufers im Münstertal,39,,5,3,8
103 Taufers im Münstertal,40,,1,7,8
103 Taufers im Münstertal,41,,11,5,16
103 Taufers im Münstertal,42,,5,4,9
103 Taufers im Münstertal,43,,1,8,9
103 Taufers im Münstertal,44,,3,8,11
103 Taufers im Münstertal,45,,7,15,22
103 Taufers im Münstertal,46,,7,8,15
103 Taufers im Münstertal,47,,10,8,18
103 Taufers im Münstertal,48,,8,12,20
103 Taufers im Münstertal,49,,4,4,8
103 Taufers im Münstertal,50,,5,10,15
103 Taufers im Münstertal,51,,12,6,18
103 Taufers im Münstertal,52,,9,12,21
103 Taufers im Münstertal,53,,9,10,19
103 Taufers im Münstertal,54,,11,8,19
103 Taufers im Münstertal,55,,8,6,14
103 Taufers im Münstertal,56,,13,6,19
103 Taufers im Münstertal,57,,6,10,16
103 Taufers im Münstertal,58,,5,6,11
103 Taufers im Münstertal,59,,8,6,14
103 Taufers im Münstertal,60,,10,9,19
103 Taufers im Münstertal,61,,5,3,8
103 Taufers im Münstertal,62,,4,6,10
103 Taufers im Münstertal,63,,6,4,10
103 Taufers im Münstertal,64,,8,2,10
103 Taufers im Münstertal,65,,4,5,9
103 Taufers im Münstertal,66,,7,3,10
103 Taufers im Münstertal,67,,5,1,6
103 Taufers im Münstertal,68,,5,1,6
103 Taufers im Münstertal,69,,3,6,9
103 Taufers im Münstertal,70,,2,3,5
103 Taufers im Münstertal,71,,2,4,6
103 Taufers im Münstertal,73,,6,4,10
103 Taufers im Münstertal,74,,4,4,8
103 Taufers im Münstertal,75,,3,4,7
103 Taufers im Münstertal,76,,2,3,5
103 Taufers im Münstertal,77,,4,4,8
103 Taufers im Münstertal,78,,6,8,14
103 Taufers im Münstertal,79,,2,3,5
103 Taufers im Münstertal,80,,2,8,10
103 Taufers im Münstertal,81,,2,2,4
103 Taufers im Münstertal,82,,2,7,9
103 Taufers im Münstertal,83,,3,5,8
103 Taufers im Münstertal,84,,4,1,5
103 Taufers im Münstertal,85,,6,4,10
103 Taufers im Münstertal,86,,-,2,2
103 Taufers im Münstertal,87,,2,4,6
103 Taufers im Münstertal,88,,3,1,4
103 Taufers im Münstertal,89,,-,2,2
103 Taufers im Münstertal,90,,-,3,3
103 Taufers im Münstertal,91,,1,2,3
103 Taufers im Münstertal,93,,2,2,4
103 Taufers im Münstertal,94,,-,1,1
104 Ulten,0,,21,18,39
104 Ulten,1,,18,15,33
104 Ulten,2,,16,17,33
104 Ulten,3,,19,14,33
104 Ulten,4,,10,13,23
104 Ulten,5,,16,21,37
104 Ulten,6,,14,11,25
104 Ulten,7,,17,13,30
104 Ulten,8,,18,10,28
104 Ulten,9,,6,11,17
104 Ulten,10,,14,11,25
104 Ulten,11,,17,20,37
104 Ulten,12,,17,12,29
104 Ulten,13,,22,18,40
104 Ulten,14,,14,18,32
104 Ulten,15,,21,17,38
104 Ulten,16,,16,18,34
104 Ulten,17,,14,13,27
104 Ulten,18,,16,17,33
104 Ulten,19,,13,20,33
104 Ulten,20,,11,13,24
104 Ulten,21,,11,14,25
104 Ulten,22,,18,15,33
104 Ulten,23,,23,15,38
104 Ulten,24,,16,16,32
104 Ulten,25,,20,20,40
104 Ulten,26,,16,15,31
104 Ulten,27,,15,27,42
104 Ulten,28,,13,13,26
104 Ulten,29,,15,14,29
104 Ulten,30,,18,10,28
104 Ulten,31,,14,17,31
104 Ulten,32,,20,14,34
104 Ulten,33,,19,12,31
104 Ulten,34,,12,20,32
104 Ulten,35,,22,16,38
104 Ulten,36,,19,25,44
104 Ulten,37,,18,16,34
104 Ulten,38,,23,10,33
104 Ulten,39,,16,13,29
104 Ulten,40,,15,18,33
104 Ulten,41,,21,20,41
104 Ulten,42,,13,23,36
104 Ulten,43,,23,15,38
104 Ulten,44,,20,19,39
104 Ulten,45,,29,20,49
104 Ulten,46,,20,24,44
104 Ulten,47,,27,21,48
104 Ulten,48,,30,26,56
104 Ulten,49,,14,19,33
104 Ulten,50,,19,18,37
104 Ulten,51,,25,28,53
104 Ulten,52,,22,16,38
104 Ulten,53,,26,24,50
104 Ulten,54,,30,21,51
104 Ulten,55,,27,17,44
104 Ulten,56,,24,21,45
104 Ulten,57,,23,21,44
104 Ulten,58,,25,16,41
104 Ulten,59,,32,21,53
104 Ulten,60,,17,16,33
104 Ulten,61,,13,12,25
104 Ulten,62,,17,14,31
104 Ulten,63,,21,13,34
104 Ulten,64,,16,12,28
104 Ulten,65,,16,16,32
104 Ulten,66,,16,12,28
104 Ulten,67,,15,10,25
104 Ulten,68,,13,13,26
104 Ulten,69,,15,9,24
104 Ulten,70,,15,14,29
104 Ulten,71,,8,12,20
104 Ulten,72,,11,20,31
104 Ulten,73,,15,14,29
104 Ulten,74,,8,11,19
104 Ulten,75,,8,10,18
104 Ulten,76,,13,8,21
104 Ulten,77,,16,17,33
104 Ulten,78,,5,9,14
104 Ulten,79,,8,7,15
104 Ulten,80,,5,9,14
104 Ulten,81,,6,7,13
104 Ulten,82,,10,11,21
104 Ulten,83,,2,11,13
104 Ulten,84,,6,6,12
104 Ulten,85,,6,6,12
104 Ulten,86,,7,13,20
104 Ulten,87,,2,10,12
104 Ulten,88,,2,8,10
104 Ulten,89,,6,13,19
104 Ulten,90,,3,9,12
104 Ulten,91,,1,6,7
104 Ulten,92,,2,5,7
104 Ulten,93,,2,8,10
104 Ulten,94,,3,2,5
104 Ulten,95,,2,2,4
104 Ulten,97,,-,2,2
105 Pfatten,0,,4,1,5
105 Pfatten,1,,7,4,11
105 Pfatten,2,,9,6,15
105 Pfatten,3,,11,4,15
105 Pfatten,4,,3,8,11
105 Pfatten,5,,11,6,17
105 Pfatten,6,,5,3,8
105 Pfatten,7,,5,6,11
105 Pfatten,8,,7,6,13
105 Pfatten,9,,9,6,15
105 Pfatten,10,,8,3,11
105 Pfatten,11,,6,10,16
105 Pfatten,12,,1,6,7
105 Pfatten,13,,10,3,13
105 Pfatten,14,,3,4,7
105 Pfatten,15,,4,2,6
105 Pfatten,16,,3,5,8
105 Pfatten,17,,6,6,12
105 Pfatten,18,,8,5,13
105 Pfatten,19,,4,2,6
105 Pfatten,20,,4,7,11
105 Pfatten,21,,5,4,9
105 Pfatten,22,,8,10,18
105 Pfatten,23,,7,5,12
105 Pfatten,24,,5,6,11
105 Pfatten,25,,7,4,11
105 Pfatten,26,,8,7,15
105 Pfatten,27,,5,11,16
105 Pfatten,28,,5,5,10
105 Pfatten,29,,6,4,10
105 Pfatten,30,,3,9,12
105 Pfatten,31,,5,10,15
105 Pfatten,32,,4,6,10
105 Pfatten,33,,8,11,19
105 Pfatten,34,,7,5,12
105 Pfatten,35,,11,4,15
105 Pfatten,36,,5,4,9
105 Pfatten,37,,6,12,18
105 Pfatten,38,,7,8,15
105 Pfatten,39,,7,8,15
105 Pfatten,40,,6,9,15
105 Pfatten,41,,5,10,15
105 Pfatten,42,,13,9,22
105 Pfatten,43,,11,5,16
105 Pfatten,44,,7,9,16
105 Pfatten,45,,11,6,17
105 Pfatten,46,,10,6,16
105 Pfatten,47,,6,4,10
105 Pfatten,48,,7,9,16
105 Pfatten,49,,14,6,20
105 Pfatten,50,,9,9,18
105 Pfatten,51,,11,10,21
105 Pfatten,52,,12,5,17
105 Pfatten,53,,7,9,16
105 Pfatten,54,,10,12,22
105 Pfatten,55,,10,15,25
105 Pfatten,56,,8,9,17
105 Pfatten,57,,6,14,20
105 Pfatten,58,,8,7,15
105 Pfatten,59,,12,6,18
105 Pfatten,60,,9,9,18
105 Pfatten,61,,6,5,11
105 Pfatten,62,,10,2,12
105 Pfatten,63,,5,5,10
105 Pfatten,64,,2,5,7
105 Pfatten,65,,5,2,7
105 Pfatten,66,,5,5,10
105 Pfatten,67,,7,2,9
105 Pfatten,68,,3,1,4
105 Pfatten,69,,5,7,12
105 Pfatten,70,,2,3,5
105 Pfatten,71,,6,3,9
105 Pfatten,72,,3,1,4
105 Pfatten,73,,1,2,3
105 Pfatten,74,,1,2,3
105 Pfatten,75,,3,4,7
105 Pfatten,76,,3,3,6
105 Pfatten,77,,3,1,4
105 Pfatten,78,,2,1,3
105 Pfatten,79,,3,2,5
105 Pfatten,80,,2,3,5
105 Pfatten,81,,4,2,6
105 Pfatten,82,,-,4,4
105 Pfatten,83,,1,1,2
105 Pfatten,84,,-,4,4
105 Pfatten,85,,1,3,4
105 Pfatten,86,,-,1,1
105 Pfatten,87,,-,4,4
105 Pfatten,88,,-,1,1
105 Pfatten,90,,1,1,2
105 Pfatten,91,,-,1,1
105 Pfatten,95,,-,1,1
106 Olang,0,,23,13,36
106 Olang,1,,15,18,33
106 Olang,2,,20,16,36
106 Olang,3,,21,15,36
106 Olang,4,,14,27,41
106 Olang,5,,19,21,40
106 Olang,6,,22,21,43
106 Olang,7,,13,20,33
106 Olang,8,,24,22,46
106 Olang,9,,12,25,37
106 Olang,10,,8,17,25
106 Olang,11,,24,10,34
106 Olang,12,,14,14,28
106 Olang,13,,20,11,31
106 Olang,14,,15,11,26
106 Olang,15,,17,20,37
106 Olang,16,,23,21,44
106 Olang,17,,16,12,28
106 Olang,18,,17,23,40
106 Olang,19,,22,15,37
106 Olang,20,,24,22,46
106 Olang,21,,19,10,29
106 Olang,22,,20,12,32
106 Olang,23,,22,23,45
106 Olang,24,,15,16,31
106 Olang,25,,25,16,41
106 Olang,26,,26,26,52
106 Olang,27,,20,20,40
106 Olang,28,,16,20,36
106 Olang,29,,25,19,44
106 Olang,30,,14,20,34
106 Olang,31,,15,20,35
106 Olang,32,,23,14,37
106 Olang,33,,15,13,28
106 Olang,34,,22,17,39
106 Olang,35,,9,27,36
106 Olang,36,,25,18,43
106 Olang,37,,25,27,52
106 Olang,38,,19,22,41
106 Olang,39,,32,30,62
106 Olang,40,,22,25,47
106 Olang,41,,27,23,50
106 Olang,42,,17,26,43
106 Olang,43,,27,26,53
106 Olang,44,,26,17,43
106 Olang,45,,32,20,52
106 Olang,46,,20,20,40
106 Olang,47,,23,29,52
106 Olang,48,,31,26,57
106 Olang,49,,32,26,58
106 Olang,50,,28,23,51
106 Olang,51,,19,25,44
106 Olang,52,,21,28,49
106 Olang,53,,27,25,52
106 Olang,54,,23,13,36
106 Olang,55,,16,23,39
106 Olang,56,,20,26,46
106 Olang,57,,24,15,39
106 Olang,58,,22,11,33
106 Olang,59,,22,13,35
106 Olang,60,,12,27,39
106 Olang,61,,16,18,34
106 Olang,62,,15,18,33
106 Olang,63,,15,19,34
106 Olang,64,,15,13,28
106 Olang,65,,8,16,24
106 Olang,66,,31,15,46
106 Olang,67,,18,11,29
106 Olang,68,,18,19,37
106 Olang,69,,11,23,34
106 Olang,70,,14,12,26
106 Olang,71,,17,12,29
106 Olang,72,,15,6,21
106 Olang,73,,11,14,25
106 Olang,74,,13,16,29
106 Olang,75,,12,13,25
106 Olang,76,,14,9,23
106 Olang,77,,8,11,19
106 Olang,78,,8,12,20
106 Olang,79,,4,8,12
106 Olang,80,,6,10,16
106 Olang,81,,4,11,15
106 Olang,82,,10,10,20
106 Olang,83,,8,10,18
106 Olang,84,,8,7,15
106 Olang,85,,2,4,6
106 Olang,86,,5,7,12
106 Olang,87,,4,9,13
106 Olang,88,,3,6,9
106 Olang,89,,3,2,5
106 Olang,90,,1,9,10
106 Olang,92,,1,5,6
106 Olang,93,,1,1,2
106 Olang,94,,-,2,2
106 Olang,96,,-,1,1
106 Olang,97,,1,-,1
106 Olang,101,,-,1,1
107 Pfitsch,0,,19,15,34
107 Pfitsch,1,,15,19,34
107 Pfitsch,2,,18,15,33
107 Pfitsch,3,,17,24,41
107 Pfitsch,4,,25,22,47
107 Pfitsch,5,,13,15,28
107 Pfitsch,6,,23,17,40
107 Pfitsch,7,,18,10,28
107 Pfitsch,8,,13,21,34
107 Pfitsch,9,,17,9,26
107 Pfitsch,10,,28,16,44
107 Pfitsch,11,,18,20,38
107 Pfitsch,12,,21,14,35
107 Pfitsch,13,,14,17,31
107 Pfitsch,14,,21,21,42
107 Pfitsch,15,,14,11,25
107 Pfitsch,16,,21,22,43
107 Pfitsch,17,,20,14,34
107 Pfitsch,18,,11,14,25
107 Pfitsch,19,,18,17,35
107 Pfitsch,20,,14,14,28
107 Pfitsch,21,,21,11,32
107 Pfitsch,22,,18,18,36
107 Pfitsch,23,,17,14,31
107 Pfitsch,24,,21,23,44
107 Pfitsch,25,,22,18,40
107 Pfitsch,26,,24,15,39
107 Pfitsch,27,,20,17,37
107 Pfitsch,28,,18,21,39
107 Pfitsch,29,,15,13,28
107 Pfitsch,30,,16,17,33
107 Pfitsch,31,,16,16,32
107 Pfitsch,32,,31,16,47
107 Pfitsch,33,,22,26,48
107 Pfitsch,34,,31,18,49
107 Pfitsch,35,,21,27,48
107 Pfitsch,36,,18,24,42
107 Pfitsch,37,,25,18,43
107 Pfitsch,38,,23,22,45
107 Pfitsch,39,,19,15,34
107 Pfitsch,40,,22,30,52
107 Pfitsch,41,,20,24,44
107 Pfitsch,42,,20,19,39
107 Pfitsch,43,,26,19,45
107 Pfitsch,44,,21,22,43
107 Pfitsch,45,,31,16,47
107 Pfitsch,46,,20,22,42
107 Pfitsch,47,,28,19,47
107 Pfitsch,48,,20,19,39
107 Pfitsch,49,,22,19,41
107 Pfitsch,50,,25,20,45
107 Pfitsch,51,,18,19,37
107 Pfitsch,52,,19,23,42
107 Pfitsch,53,,18,18,36
107 Pfitsch,54,,22,21,43
107 Pfitsch,55,,24,20,44
107 Pfitsch,56,,16,26,42
107 Pfitsch,57,,13,17,30
107 Pfitsch,58,,22,15,37
107 Pfitsch,59,,24,25,49
107 Pfitsch,60,,19,17,36
107 Pfitsch,61,,14,13,27
107 Pfitsch,62,,19,20,39
107 Pfitsch,63,,21,16,37
107 Pfitsch,64,,14,20,34
107 Pfitsch,65,,22,17,39
107 Pfitsch,66,,18,20,38
107 Pfitsch,67,,12,17,29
107 Pfitsch,68,,8,7,15
107 Pfitsch,69,,8,12,20
107 Pfitsch,70,,14,13,27
107 Pfitsch,71,,10,12,22
107 Pfitsch,72,,12,14,26
107 Pfitsch,73,,18,11,29
107 Pfitsch,74,,19,12,31
107 Pfitsch,75,,13,16,29
107 Pfitsch,76,,12,11,23
107 Pfitsch,77,,9,7,16
107 Pfitsch,78,,4,10,14
107 Pfitsch,79,,7,10,17
107 Pfitsch,80,,6,9,15
107 Pfitsch,81,,5,5,10
107 Pfitsch,82,,9,3,12
107 Pfitsch,83,,11,9,20
107 Pfitsch,84,,1,10,11
107 Pfitsch,85,,7,7,14
107 Pfitsch,86,,2,8,10
107 Pfitsch,87,,4,7,11
107 Pfitsch,88,,2,7,9
107 Pfitsch,89,,3,8,11
107 Pfitsch,90,,1,8,9
107 Pfitsch,91,,2,5,7
107 Pfitsch,92,,-,1,1
107 Pfitsch,93,,-,2,2
107 Pfitsch,94,,2,1,3
107 Pfitsch,95,,-,3,3
107 Pfitsch,97,,-,1,1
108 Ahrntal,0,,35,41,76
108 Ahrntal,1,,35,29,64
108 Ahrntal,2,,40,21,61
108 Ahrntal,3,,33,27,60
108 Ahrntal,4,,48,29,77
108 Ahrntal,5,,37,34,71
108 Ahrntal,6,,31,28,59
108 Ahrntal,7,,44,44,88
108 Ahrntal,8,,29,48,77
108 Ahrntal,9,,41,37,78
108 Ahrntal,10,,42,34,76
108 Ahrntal,11,,31,39,70
108 Ahrntal,12,,32,40,72
108 Ahrntal,13,,37,39,76
108 Ahrntal,14,,32,37,69
108 Ahrntal,15,,33,32,65
108 Ahrntal,16,,48,41,89
108 Ahrntal,17,,36,38,74
108 Ahrntal,18,,36,37,73
108 Ahrntal,19,,41,46,87
108 Ahrntal,20,,38,48,86
108 Ahrntal,21,,33,31,64
108 Ahrntal,22,,26,29,55
108 Ahrntal,23,,39,43,82
108 Ahrntal,24,,45,32,77
108 Ahrntal,25,,28,35,63
108 Ahrntal,26,,41,34,75
108 Ahrntal,27,,42,30,72
108 Ahrntal,28,,26,30,56
108 Ahrntal,29,,38,35,73
108 Ahrntal,30,,37,45,82
108 Ahrntal,31,,35,44,79
108 Ahrntal,32,,36,27,63
108 Ahrntal,33,,48,47,95
108 Ahrntal,34,,37,38,75
108 Ahrntal,35,,47,41,88
108 Ahrntal,36,,37,36,73
108 Ahrntal,37,,38,42,80
108 Ahrntal,38,,33,40,73
108 Ahrntal,39,,49,45,94
108 Ahrntal,40,,49,42,91
108 Ahrntal,41,,47,40,87
108 Ahrntal,42,,44,40,84
108 Ahrntal,43,,42,39,81
108 Ahrntal,44,,54,51,105
108 Ahrntal,45,,65,41,106
108 Ahrntal,46,,55,44,99
108 Ahrntal,47,,51,45,96
108 Ahrntal,48,,49,42,91
108 Ahrntal,49,,39,50,89
108 Ahrntal,50,,58,43,101
108 Ahrntal,51,,57,41,98
108 Ahrntal,52,,48,39,87
108 Ahrntal,53,,49,41,90
108 Ahrntal,54,,35,47,82
108 Ahrntal,55,,33,39,72
108 Ahrntal,56,,37,30,67
108 Ahrntal,57,,40,40,80
108 Ahrntal,58,,45,30,75
108 Ahrntal,59,,27,40,67
108 Ahrntal,60,,34,21,55
108 Ahrntal,61,,34,23,57
108 Ahrntal,62,,34,18,52
108 Ahrntal,63,,26,29,55
108 Ahrntal,64,,26,34,60
108 Ahrntal,65,,29,21,50
108 Ahrntal,66,,29,19,48
108 Ahrntal,67,,28,30,58
108 Ahrntal,68,,27,26,53
108 Ahrntal,69,,22,17,39
108 Ahrntal,70,,16,22,38
108 Ahrntal,71,,19,12,31
108 Ahrntal,72,,12,18,30
108 Ahrntal,73,,20,29,49
108 Ahrntal,74,,26,25,51
108 Ahrntal,75,,23,31,54
108 Ahrntal,76,,26,23,49
108 Ahrntal,77,,18,19,37
108 Ahrntal,78,,29,27,56
108 Ahrntal,79,,20,19,39
108 Ahrntal,80,,16,12,28
108 Ahrntal,81,,13,33,46
108 Ahrntal,82,,9,18,27
108 Ahrntal,83,,15,15,30
108 Ahrntal,84,,13,23,36
108 Ahrntal,85,,18,16,34
108 Ahrntal,86,,13,12,25
108 Ahrntal,87,,7,13,20
108 Ahrntal,88,,6,18,24
108 Ahrntal,89,,3,10,13
108 Ahrntal,90,,5,8,13
108 Ahrntal,91,,2,9,11
108 Ahrntal,92,,4,1,5
108 Ahrntal,93,,1,4,5
108 Ahrntal,94,,1,4,5
108 Ahrntal,96,,-,1,1
108 Ahrntal,97,,1,-,1
108 Ahrntal,102,,-,1,1
109 Gsies,0,,13,15,28
109 Gsies,1,,17,17,34
109 Gsies,2,,18,20,38
109 Gsies,3,,19,14,33
109 Gsies,4,,16,14,30
109 Gsies,5,,11,20,31
109 Gsies,6,,19,15,34
109 Gsies,7,,15,17,32
109 Gsies,8,,15,12,27
109 Gsies,9,,17,12,29
109 Gsies,10,,21,20,41
109 Gsies,11,,18,18,36
109 Gsies,12,,10,13,23
109 Gsies,13,,19,18,37
109 Gsies,14,,13,12,25
109 Gsies,15,,15,14,29
109 Gsies,16,,9,12,21
109 Gsies,17,,28,10,38
109 Gsies,18,,19,5,24
109 Gsies,19,,13,17,30
109 Gsies,20,,10,18,28
109 Gsies,21,,15,15,30
109 Gsies,22,,8,17,25
109 Gsies,23,,16,18,34
109 Gsies,24,,16,11,27
109 Gsies,25,,15,23,38
109 Gsies,26,,15,8,23
109 Gsies,27,,9,11,20
109 Gsies,28,,7,14,21
109 Gsies,29,,17,19,36
109 Gsies,30,,11,14,25
109 Gsies,31,,16,13,29
109 Gsies,32,,15,15,30
109 Gsies,33,,16,9,25
109 Gsies,34,,18,12,30
109 Gsies,35,,15,24,39
109 Gsies,36,,21,21,42
109 Gsies,37,,10,17,27
109 Gsies,38,,16,12,28
109 Gsies,39,,14,16,30
109 Gsies,40,,12,18,30
109 Gsies,41,,18,20,38
109 Gsies,42,,18,14,32
109 Gsies,43,,14,11,25
109 Gsies,44,,8,19,27
109 Gsies,45,,18,19,37
109 Gsies,46,,27,14,41
109 Gsies,47,,24,10,34
109 Gsies,48,,14,14,28
109 Gsies,49,,17,13,30
109 Gsies,50,,15,18,33
109 Gsies,51,,18,4,22
109 Gsies,52,,16,18,34
109 Gsies,53,,14,15,29
109 Gsies,54,,16,8,24
109 Gsies,55,,9,14,23
109 Gsies,56,,15,17,32
109 Gsies,57,,10,13,23
109 Gsies,58,,15,15,30
109 Gsies,59,,11,13,24
109 Gsies,60,,16,7,23
109 Gsies,61,,14,10,24
109 Gsies,62,,16,7,23
109 Gsies,63,,19,6,25
109 Gsies,64,,17,14,31
109 Gsies,65,,14,12,26
109 Gsies,66,,8,8,16
109 Gsies,67,,16,17,33
109 Gsies,68,,7,10,17
109 Gsies,69,,19,6,25
109 Gsies,70,,14,10,24
109 Gsies,71,,5,11,16
109 Gsies,72,,6,13,19
109 Gsies,73,,9,7,16
109 Gsies,74,,4,12,16
109 Gsies,75,,5,9,14
109 Gsies,76,,5,9,14
109 Gsies,77,,5,8,13
109 Gsies,78,,7,7,14
109 Gsies,79,,7,6,13
109 Gsies,80,,2,10,12
109 Gsies,81,,3,7,10
109 Gsies,82,,3,6,9
109 Gsies,83,,5,5,10
109 Gsies,84,,5,3,8
109 Gsies,85,,4,5,9
109 Gsies,86,,9,5,14
109 Gsies,87,,1,3,4
109 Gsies,88,,5,5,10
109 Gsies,89,,-,7,7
109 Gsies,90,,1,2,3
109 Gsies,91,,2,3,5
109 Gsies,92,,-,4,4
109 Gsies,93,,1,4,5
109 Gsies,94,,3,3,6
109 Gsies,95,,1,1,2
109 Gsies,96,,1,-,1
109 Gsies,97,,1,-,1
110 Vintl,0,,15,19,34
110 Vintl,1,,17,20,37
110 Vintl,2,,15,27,42
110 Vintl,3,,18,21,39
110 Vintl,4,,20,23,43
110 Vintl,5,,10,19,29
110 Vintl,6,,14,17,31
110 Vintl,7,,23,20,43
110 Vintl,8,,20,19,39
110 Vintl,9,,23,17,40
110 Vintl,10,,12,13,25
110 Vintl,11,,18,22,40
110 Vintl,12,,12,13,25
110 Vintl,13,,18,17,35
110 Vintl,14,,14,23,37
110 Vintl,15,,16,21,37
110 Vintl,16,,22,15,37
110 Vintl,17,,22,20,42
110 Vintl,18,,20,28,48
110 Vintl,19,,20,15,35
110 Vintl,20,,22,22,44
110 Vintl,21,,39,25,64
110 Vintl,22,,22,16,38
110 Vintl,23,,28,21,49
110 Vintl,24,,30,27,57
110 Vintl,25,,22,32,54
110 Vintl,26,,24,19,43
110 Vintl,27,,28,14,42
110 Vintl,28,,18,18,36
110 Vintl,29,,21,18,39
110 Vintl,30,,23,22,45
110 Vintl,31,,11,15,26
110 Vintl,32,,24,12,36
110 Vintl,33,,18,12,30
110 Vintl,34,,25,29,54
110 Vintl,35,,17,19,36
110 Vintl,36,,27,18,45
110 Vintl,37,,23,22,45
110 Vintl,38,,23,35,58
110 Vintl,39,,17,21,38
110 Vintl,40,,23,17,40
110 Vintl,41,,26,19,45
110 Vintl,42,,24,23,47
110 Vintl,43,,19,22,41
110 Vintl,44,,29,17,46
110 Vintl,45,,26,28,54
110 Vintl,46,,18,19,37
110 Vintl,47,,23,23,46
110 Vintl,48,,25,22,47
110 Vintl,49,,29,33,62
110 Vintl,50,,30,29,59
110 Vintl,51,,30,30,60
110 Vintl,52,,35,22,57
110 Vintl,53,,35,28,63
110 Vintl,54,,33,23,56
110 Vintl,55,,25,29,54
110 Vintl,56,,17,22,39
110 Vintl,57,,20,23,43
110 Vintl,58,,19,16,35
110 Vintl,59,,21,30,51
110 Vintl,60,,22,19,41
110 Vintl,61,,19,13,32
110 Vintl,62,,15,20,35
110 Vintl,63,,21,9,30
110 Vintl,64,,15,17,32
110 Vintl,65,,21,17,38
110 Vintl,66,,21,19,40
110 Vintl,67,,16,19,35
110 Vintl,68,,12,13,25
110 Vintl,69,,18,13,31
110 Vintl,70,,12,11,23
110 Vintl,71,,11,16,27
110 Vintl,72,,10,5,15
110 Vintl,73,,19,12,31
110 Vintl,74,,7,10,17
110 Vintl,75,,7,13,20
110 Vintl,76,,8,17,25
110 Vintl,77,,9,13,22
110 Vintl,78,,8,5,13
110 Vintl,79,,7,7,14
110 Vintl,80,,10,9,19
110 Vintl,81,,8,10,18
110 Vintl,82,,10,5,15
110 Vintl,83,,3,17,20
110 Vintl,84,,6,10,16
110 Vintl,85,,6,10,16
110 Vintl,86,,3,8,11
110 Vintl,87,,4,10,14
110 Vintl,88,,4,6,10
110 Vintl,89,,4,8,12
110 Vintl,90,,4,1,5
110 Vintl,91,,3,2,5
110 Vintl,92,,1,-,1
110 Vintl,93,,1,2,3
110 Vintl,94,,-,2,2
110 Vintl,95,,-,2,2
110 Vintl,96,,-,2,2
110 Vintl,101,,1,-,1
111 Vahrn,0,,30,24,54
111 Vahrn,1,,31,30,61
111 Vahrn,2,,30,28,58
111 Vahrn,3,,35,21,56
111 Vahrn,4,,37,27,64
111 Vahrn,5,,34,27,61
111 Vahrn,6,,26,29,55
111 Vahrn,7,,28,27,55
111 Vahrn,8,,25,24,49
111 Vahrn,9,,44,22,66
111 Vahrn,10,,30,34,64
111 Vahrn,11,,30,32,62
111 Vahrn,12,,29,28,57
111 Vahrn,13,,28,13,41
111 Vahrn,14,,28,32,60
111 Vahrn,15,,28,20,48
111 Vahrn,16,,27,22,49
111 Vahrn,17,,31,32,63
111 Vahrn,18,,23,24,47
111 Vahrn,19,,23,21,44
111 Vahrn,20,,35,14,49
111 Vahrn,21,,25,23,48
111 Vahrn,22,,20,26,46
111 Vahrn,23,,19,22,41
111 Vahrn,24,,19,31,50
111 Vahrn,25,,22,29,51
111 Vahrn,26,,23,38,61
111 Vahrn,27,,29,26,55
111 Vahrn,28,,30,21,51
111 Vahrn,29,,24,24,48
111 Vahrn,30,,32,22,54
111 Vahrn,31,,24,28,52
111 Vahrn,32,,25,18,43
111 Vahrn,33,,30,27,57
111 Vahrn,34,,33,40,73
111 Vahrn,35,,34,25,59
111 Vahrn,36,,25,29,54
111 Vahrn,37,,23,33,56
111 Vahrn,38,,39,38,77
111 Vahrn,39,,19,33,52
111 Vahrn,40,,40,30,70
111 Vahrn,41,,32,32,64
111 Vahrn,42,,35,41,76
111 Vahrn,43,,42,45,87
111 Vahrn,44,,35,47,82
111 Vahrn,45,,43,27,70
111 Vahrn,46,,51,40,91
111 Vahrn,47,,42,43,85
111 Vahrn,48,,35,35,70
111 Vahrn,49,,43,33,76
111 Vahrn,50,,34,30,64
111 Vahrn,51,,38,36,74
111 Vahrn,52,,38,36,74
111 Vahrn,53,,38,36,74
111 Vahrn,54,,26,37,63
111 Vahrn,55,,28,25,53
111 Vahrn,56,,30,29,59
111 Vahrn,57,,30,27,57
111 Vahrn,58,,21,19,40
111 Vahrn,59,,29,30,59
111 Vahrn,60,,20,24,44
111 Vahrn,61,,26,31,57
111 Vahrn,62,,24,33,57
111 Vahrn,63,,23,26,49
111 Vahrn,64,,19,13,32
111 Vahrn,65,,20,12,32
111 Vahrn,66,,19,21,40
111 Vahrn,67,,24,31,55
111 Vahrn,68,,17,18,35
111 Vahrn,69,,14,24,38
111 Vahrn,70,,19,21,40
111 Vahrn,71,,12,13,25
111 Vahrn,72,,13,19,32
111 Vahrn,73,,18,22,40
111 Vahrn,74,,13,22,35
111 Vahrn,75,,14,22,36
111 Vahrn,76,,19,13,32
111 Vahrn,77,,18,19,37
111 Vahrn,78,,12,8,20
111 Vahrn,79,,11,16,27
111 Vahrn,80,,7,15,22
111 Vahrn,81,,6,13,19
111 Vahrn,82,,10,11,21
111 Vahrn,83,,7,9,16
111 Vahrn,84,,4,7,11
111 Vahrn,85,,4,11,15
111 Vahrn,86,,6,6,12
111 Vahrn,87,,4,14,18
111 Vahrn,88,,5,6,11
111 Vahrn,89,,1,10,11
111 Vahrn,90,,3,3,6
111 Vahrn,91,,-,6,6
111 Vahrn,92,,3,1,4
111 Vahrn,93,,1,4,5
111 Vahrn,94,,-,4,4
111 Vahrn,95,,-,1,1
111 Vahrn,99,,-,1,1
112 Vöran,0,,7,7,14
112 Vöran,1,,5,3,8
112 Vöran,2,,5,8,13
112 Vöran,3,,4,5,9
112 Vöran,4,,9,6,15
112 Vöran,5,,2,3,5
112 Vöran,6,,9,6,15
112 Vöran,7,,5,6,11
112 Vöran,8,,8,3,11
112 Vöran,9,,4,3,7
112 Vöran,10,,9,3,12
112 Vöran,11,,3,5,8
112 Vöran,12,,3,5,8
112 Vöran,13,,9,5,14
112 Vöran,14,,5,7,12
112 Vöran,15,,9,4,13
112 Vöran,16,,11,6,17
112 Vöran,17,,5,3,8
112 Vöran,18,,5,4,9
112 Vöran,19,,11,7,18
112 Vöran,20,,10,5,15
112 Vöran,21,,4,8,12
112 Vöran,22,,7,6,13
112 Vöran,23,,7,5,12
112 Vöran,24,,6,3,9
112 Vöran,25,,5,6,11
112 Vöran,26,,6,6,12
112 Vöran,27,,10,8,18
112 Vöran,28,,5,6,11
112 Vöran,29,,11,10,21
112 Vöran,30,,6,8,14
112 Vöran,31,,7,7,14
112 Vöran,32,,6,4,10
112 Vöran,33,,2,6,8
112 Vöran,34,,7,10,17
112 Vöran,35,,7,11,18
112 Vöran,36,,5,3,8
112 Vöran,37,,4,5,9
112 Vöran,38,,7,7,14
112 Vöran,39,,7,6,13
112 Vöran,40,,4,6,10
112 Vöran,41,,9,5,14
112 Vöran,42,,14,11,25
112 Vöran,43,,6,6,12
112 Vöran,44,,8,8,16
112 Vöran,45,,7,10,17
112 Vöran,46,,7,6,13
112 Vöran,47,,7,4,11
112 Vöran,48,,14,3,17
112 Vöran,49,,5,7,12
112 Vöran,50,,8,6,14
112 Vöran,51,,4,4,8
112 Vöran,52,,11,4,15
112 Vöran,53,,7,8,15
112 Vöran,54,,12,14,26
112 Vöran,55,,3,5,8
112 Vöran,56,,6,6,12
112 Vöran,57,,4,7,11
112 Vöran,58,,6,5,11
112 Vöran,59,,5,10,15
112 Vöran,60,,2,2,4
112 Vöran,61,,4,3,7
112 Vöran,62,,5,5,10
112 Vöran,63,,5,4,9
112 Vöran,64,,9,2,11
112 Vöran,65,,2,-,2
112 Vöran,66,,7,4,11
112 Vöran,67,,7,5,12
112 Vöran,68,,4,3,7
112 Vöran,69,,5,2,7
112 Vöran,70,,4,2,6
112 Vöran,71,,-,4,4
112 Vöran,72,,4,1,5
112 Vöran,73,,2,5,7
112 Vöran,74,,4,3,7
112 Vöran,75,,5,5,10
112 Vöran,76,,1,3,4
112 Vöran,77,,1,2,3
112 Vöran,78,,6,3,9
112 Vöran,79,,2,2,4
112 Vöran,80,,2,5,7
112 Vöran,81,,2,-,2
112 Vöran,82,,1,5,6
112 Vöran,83,,4,5,9
112 Vöran,84,,1,2,3
112 Vöran,85,,1,-,1
112 Vöran,86,,1,1,2
112 Vöran,87,,1,1,2
112 Vöran,88,,2,-,2
112 Vöran,91,,-,2,2
112 Vöran,93,,-,1,1
112 Vöran,96,,-,1,1
113 Niederdorf,0,,5,10,15
113 Niederdorf,1,,9,7,16
113 Niederdorf,2,,11,8,19
113 Niederdorf,3,,11,10,21
113 Niederdorf,4,,10,7,17
113 Niederdorf,5,,11,4,15
113 Niederdorf,6,,10,5,15
113 Niederdorf,7,,14,11,25
113 Niederdorf,8,,10,8,18
113 Niederdorf,9,,10,11,21
113 Niederdorf,10,,11,8,19
113 Niederdorf,11,,16,8,24
113 Niederdorf,12,,11,17,28
113 Niederdorf,13,,6,15,21
113 Niederdorf,14,,8,13,21
113 Niederdorf,15,,11,10,21
113 Niederdorf,16,,14,12,26
113 Niederdorf,17,,7,6,13
113 Niederdorf,18,,7,12,19
113 Niederdorf,19,,9,8,17
113 Niederdorf,20,,6,8,14
113 Niederdorf,21,,7,11,18
113 Niederdorf,22,,14,7,21
113 Niederdorf,23,,8,10,18
113 Niederdorf,24,,7,10,17
113 Niederdorf,25,,9,13,22
113 Niederdorf,26,,15,11,26
113 Niederdorf,27,,8,5,13
113 Niederdorf,28,,8,10,18
113 Niederdorf,29,,6,11,17
113 Niederdorf,30,,8,7,15
113 Niederdorf,31,,16,6,22
113 Niederdorf,32,,9,2,11
113 Niederdorf,33,,7,10,17
113 Niederdorf,34,,6,16,22
113 Niederdorf,35,,10,8,18
113 Niederdorf,36,,9,6,15
113 Niederdorf,37,,12,10,22
113 Niederdorf,38,,5,7,12
113 Niederdorf,39,,7,7,14
113 Niederdorf,40,,10,10,20
113 Niederdorf,41,,8,12,20
113 Niederdorf,42,,8,6,14
113 Niederdorf,43,,11,13,24
113 Niederdorf,44,,18,10,28
113 Niederdorf,45,,8,15,23
113 Niederdorf,46,,10,12,22
113 Niederdorf,47,,25,17,42
113 Niederdorf,48,,14,11,25
113 Niederdorf,49,,16,18,34
113 Niederdorf,50,,24,11,35
113 Niederdorf,51,,13,14,27
113 Niederdorf,52,,15,17,32
113 Niederdorf,53,,15,10,25
113 Niederdorf,54,,25,9,34
113 Niederdorf,55,,12,11,23
113 Niederdorf,56,,8,10,18
113 Niederdorf,57,,13,12,25
113 Niederdorf,58,,7,5,12
113 Niederdorf,59,,9,10,19
113 Niederdorf,60,,7,11,18
113 Niederdorf,61,,10,8,18
113 Niederdorf,62,,10,8,18
113 Niederdorf,63,,7,5,12
113 Niederdorf,64,,9,5,14
113 Niederdorf,65,,2,2,4
113 Niederdorf,66,,6,6,12
113 Niederdorf,67,,10,4,14
113 Niederdorf,68,,5,9,14
113 Niederdorf,69,,6,6,12
113 Niederdorf,70,,8,7,15
113 Niederdorf,71,,3,7,10
113 Niederdorf,72,,5,5,10
113 Niederdorf,73,,5,8,13
113 Niederdorf,74,,6,6,12
113 Niederdorf,75,,3,4,7
113 Niederdorf,76,,3,6,9
113 Niederdorf,77,,1,4,5
113 Niederdorf,78,,8,5,13
113 Niederdorf,79,,5,7,12
113 Niederdorf,80,,3,8,11
113 Niederdorf,81,,4,7,11
113 Niederdorf,82,,3,12,15
113 Niederdorf,83,,3,6,9
113 Niederdorf,84,,6,4,10
113 Niederdorf,85,,5,6,11
113 Niederdorf,86,,4,6,10
113 Niederdorf,87,,1,7,8
113 Niederdorf,88,,-,4,4
113 Niederdorf,89,,-,4,4
113 Niederdorf,90,,-,4,4
113 Niederdorf,91,,1,2,3
113 Niederdorf,92,,1,4,5
113 Niederdorf,93,,1,-,1
113 Niederdorf,94,,1,2,3
113 Niederdorf,95,,-,1,1
113 Niederdorf,96,,-,1,1
113 Niederdorf,100,,-,1,1
114 Villanders,0,,4,6,10
114 Villanders,1,,10,7,17
114 Villanders,2,,7,10,17
114 Villanders,3,,5,9,14
114 Villanders,4,,11,11,22
114 Villanders,5,,7,5,12
114 Villanders,6,,15,6,21
114 Villanders,7,,12,8,20
114 Villanders,8,,6,9,15
114 Villanders,9,,14,14,28
114 Villanders,10,,12,14,26
114 Villanders,11,,17,7,24
114 Villanders,12,,13,13,26
114 Villanders,13,,5,12,17
114 Villanders,14,,8,9,17
114 Villanders,15,,13,12,25
114 Villanders,16,,9,17,26
114 Villanders,17,,12,12,24
114 Villanders,18,,12,8,20
114 Villanders,19,,11,12,23
114 Villanders,20,,15,6,21
114 Villanders,21,,16,5,21
114 Villanders,22,,12,13,25
114 Villanders,23,,7,15,22
114 Villanders,24,,14,8,22
114 Villanders,25,,14,17,31
114 Villanders,26,,18,14,32
114 Villanders,27,,8,11,19
114 Villanders,28,,12,12,24
114 Villanders,29,,7,8,15
114 Villanders,30,,10,8,18
114 Villanders,31,,7,8,15
114 Villanders,32,,13,13,26
114 Villanders,33,,15,5,20
114 Villanders,34,,14,15,29
114 Villanders,35,,17,11,28
114 Villanders,36,,10,14,24
114 Villanders,37,,12,5,17
114 Villanders,38,,12,8,20
114 Villanders,39,,17,10,27
114 Villanders,40,,11,5,16
114 Villanders,41,,14,10,24
114 Villanders,42,,14,12,26
114 Villanders,43,,10,15,25
114 Villanders,44,,14,22,36
114 Villanders,45,,19,18,37
114 Villanders,46,,15,9,24
114 Villanders,47,,25,16,41
114 Villanders,48,,21,14,35
114 Villanders,49,,20,14,34
114 Villanders,50,,19,19,38
114 Villanders,51,,21,18,39
114 Villanders,52,,19,17,36
114 Villanders,53,,14,12,26
114 Villanders,54,,18,12,30
114 Villanders,55,,13,11,24
114 Villanders,56,,17,6,23
114 Villanders,57,,14,10,24
114 Villanders,58,,15,8,23
114 Villanders,59,,9,6,15
114 Villanders,60,,10,6,16
114 Villanders,61,,11,17,28
114 Villanders,62,,6,6,12
114 Villanders,63,,10,11,21
114 Villanders,64,,11,7,18
114 Villanders,65,,10,7,17
114 Villanders,66,,10,8,18
114 Villanders,67,,9,5,14
114 Villanders,68,,5,11,16
114 Villanders,69,,5,7,12
114 Villanders,70,,8,10,18
114 Villanders,71,,6,2,8
114 Villanders,72,,3,9,12
114 Villanders,73,,6,7,13
114 Villanders,74,,7,8,15
114 Villanders,75,,6,9,15
114 Villanders,76,,8,10,18
114 Villanders,77,,7,4,11
114 Villanders,78,,5,5,10
114 Villanders,79,,3,7,10
114 Villanders,80,,6,6,12
114 Villanders,81,,2,5,7
114 Villanders,82,,1,7,8
114 Villanders,83,,6,8,14
114 Villanders,84,,5,9,14
114 Villanders,85,,4,8,12
114 Villanders,86,,4,3,7
114 Villanders,87,,3,6,9
114 Villanders,88,,1,4,5
114 Villanders,89,,1,3,4
114 Villanders,90,,1,2,3
114 Villanders,91,,-,4,4
114 Villanders,92,,2,-,2
114 Villanders,93,,2,1,3
114 Villanders,94,,-,2,2
114 Villanders,95,,-,4,4
114 Villanders,96,,-,1,1
115 Sterzing,0,,43,36,79
115 Sterzing,1,,38,29,67
115 Sterzing,2,,41,37,78
115 Sterzing,3,,32,31,63
115 Sterzing,4,,39,41,80
115 Sterzing,5,,35,29,64
115 Sterzing,6,,37,33,70
115 Sterzing,7,,33,32,65
115 Sterzing,8,,38,43,81
115 Sterzing,9,,35,35,70
115 Sterzing,10,,37,33,70
115 Sterzing,11,,32,30,62
115 Sterzing,12,,27,28,55
115 Sterzing,13,,34,35,69
115 Sterzing,14,,32,28,60
115 Sterzing,15,,31,33,64
115 Sterzing,16,,34,38,72
115 Sterzing,17,,29,24,53
115 Sterzing,18,,28,25,53
115 Sterzing,19,,34,36,70
115 Sterzing,20,,30,43,73
115 Sterzing,21,,42,31,73
115 Sterzing,22,,35,33,68
115 Sterzing,23,,47,33,80
115 Sterzing,24,,47,43,90
115 Sterzing,25,,54,37,91
115 Sterzing,26,,48,48,96
115 Sterzing,27,,58,43,101
115 Sterzing,28,,59,41,100
115 Sterzing,29,,55,48,103
115 Sterzing,30,,65,43,108
115 Sterzing,31,,46,41,87
115 Sterzing,32,,58,46,104
115 Sterzing,33,,62,49,111
115 Sterzing,34,,64,41,105
115 Sterzing,35,,69,45,114
115 Sterzing,36,,58,58,116
115 Sterzing,37,,54,53,107
115 Sterzing,38,,60,43,103
115 Sterzing,39,,39,28,67
115 Sterzing,40,,42,39,81
115 Sterzing,41,,50,44,94
115 Sterzing,42,,49,46,95
115 Sterzing,43,,59,69,128
115 Sterzing,44,,63,47,110
115 Sterzing,45,,41,54,95
115 Sterzing,46,,57,68,125
115 Sterzing,47,,43,39,82
115 Sterzing,48,,53,51,104
115 Sterzing,49,,63,50,113
115 Sterzing,50,,63,52,115
115 Sterzing,51,,54,51,105
115 Sterzing,52,,48,45,93
115 Sterzing,53,,54,48,102
115 Sterzing,54,,48,48,96
115 Sterzing,55,,38,37,75
115 Sterzing,56,,45,45,90
115 Sterzing,57,,53,44,97
115 Sterzing,58,,38,41,79
115 Sterzing,59,,34,48,82
115 Sterzing,60,,35,26,61
115 Sterzing,61,,34,48,82
115 Sterzing,62,,34,32,66
115 Sterzing,63,,29,45,74
115 Sterzing,64,,40,42,82
115 Sterzing,65,,32,44,76
115 Sterzing,66,,38,36,74
115 Sterzing,67,,36,47,83
115 Sterzing,68,,34,46,80
115 Sterzing,69,,26,28,54
115 Sterzing,70,,40,41,81
115 Sterzing,71,,28,38,66
115 Sterzing,72,,31,24,55
115 Sterzing,73,,35,47,82
115 Sterzing,74,,29,37,66
115 Sterzing,75,,28,28,56
115 Sterzing,76,,32,28,60
115 Sterzing,77,,23,30,53
115 Sterzing,78,,27,27,54
115 Sterzing,79,,18,31,49
115 Sterzing,80,,14,35,49
115 Sterzing,81,,15,21,36
115 Sterzing,82,,9,17,26
115 Sterzing,83,,19,21,40
115 Sterzing,84,,12,10,22
115 Sterzing,85,,13,23,36
115 Sterzing,86,,4,13,17
115 Sterzing,87,,4,9,13
115 Sterzing,88,,8,15,23
115 Sterzing,89,,7,11,18
115 Sterzing,90,,4,7,11
115 Sterzing,91,,1,9,10
115 Sterzing,92,,-,6,6
115 Sterzing,93,,3,8,11
115 Sterzing,94,,-,3,3
115 Sterzing,95,,1,2,3
115 Sterzing,96,,-,2,2
115 Sterzing,97,,-,2,2
115 Sterzing,98,,-,1,1
116 Feldthurns,0,,23,19,42
116 Feldthurns,1,,23,19,42
116 Feldthurns,2,,19,15,34
116 Feldthurns,3,,21,17,38
116 Feldthurns,4,,18,14,32
116 Feldthurns,5,,15,14,29
116 Feldthurns,6,,26,19,45
116 Feldthurns,7,,15,13,28
116 Feldthurns,8,,15,21,36
116 Feldthurns,9,,24,17,41
116 Feldthurns,10,,27,21,48
116 Feldthurns,11,,26,15,41
116 Feldthurns,12,,23,17,40
116 Feldthurns,13,,11,13,24
116 Feldthurns,14,,24,21,45
116 Feldthurns,15,,15,21,36
116 Feldthurns,16,,23,14,37
116 Feldthurns,17,,17,23,40
116 Feldthurns,18,,21,21,42
116 Feldthurns,19,,22,16,38
116 Feldthurns,20,,16,20,36
116 Feldthurns,21,,18,20,38
116 Feldthurns,22,,17,17,34
116 Feldthurns,23,,32,19,51
116 Feldthurns,24,,19,20,39
116 Feldthurns,25,,13,15,28
116 Feldthurns,26,,13,18,31
116 Feldthurns,27,,18,13,31
116 Feldthurns,28,,14,17,31
116 Feldthurns,29,,20,11,31
116 Feldthurns,30,,16,25,41
116 Feldthurns,31,,14,16,30
116 Feldthurns,32,,17,19,36
116 Feldthurns,33,,21,14,35
116 Feldthurns,34,,13,14,27
116 Feldthurns,35,,22,23,45
116 Feldthurns,36,,14,25,39
116 Feldthurns,37,,11,20,31
116 Feldthurns,38,,32,21,53
116 Feldthurns,39,,23,14,37
116 Feldthurns,40,,23,25,48
116 Feldthurns,41,,24,16,40
116 Feldthurns,42,,29,26,55
116 Feldthurns,43,,20,20,40
116 Feldthurns,44,,29,24,53
116 Feldthurns,45,,18,25,43
116 Feldthurns,46,,18,22,40
116 Feldthurns,47,,28,26,54
116 Feldthurns,48,,21,26,47
116 Feldthurns,49,,22,22,44
116 Feldthurns,50,,20,23,43
116 Feldthurns,51,,27,25,52
116 Feldthurns,52,,21,19,40
116 Feldthurns,53,,31,18,49
116 Feldthurns,54,,13,18,31
116 Feldthurns,55,,17,17,34
116 Feldthurns,56,,17,13,30
116 Feldthurns,57,,16,16,32
116 Feldthurns,58,,11,18,29
116 Feldthurns,59,,15,12,27
116 Feldthurns,60,,11,20,31
116 Feldthurns,61,,13,14,27
116 Feldthurns,62,,13,14,27
116 Feldthurns,63,,15,12,27
116 Feldthurns,64,,22,15,37
116 Feldthurns,65,,12,11,23
116 Feldthurns,66,,14,14,28
116 Feldthurns,67,,5,13,18
116 Feldthurns,68,,13,11,24
116 Feldthurns,69,,14,8,22
116 Feldthurns,70,,11,8,19
116 Feldthurns,71,,10,11,21
116 Feldthurns,72,,17,10,27
116 Feldthurns,73,,10,11,21
116 Feldthurns,74,,8,7,15
116 Feldthurns,75,,5,4,9
116 Feldthurns,76,,9,6,15
116 Feldthurns,77,,8,10,18
116 Feldthurns,78,,11,7,18
116 Feldthurns,79,,3,8,11
116 Feldthurns,80,,5,7,12
116 Feldthurns,81,,8,9,17
116 Feldthurns,82,,2,4,6
116 Feldthurns,83,,5,4,9
116 Feldthurns,84,,5,6,11
116 Feldthurns,85,,4,5,9
116 Feldthurns,86,,3,12,15
116 Feldthurns,87,,2,8,10
116 Feldthurns,88,,5,4,9
116 Feldthurns,89,,-,2,2
116 Feldthurns,90,,-,1,1
116 Feldthurns,91,,1,4,5
116 Feldthurns,92,,-,5,5
116 Feldthurns,93,,2,2,4
116 Feldthurns,94,,-,2,2
116 Feldthurns,95,,1,1,2
116 Feldthurns,96,,-,1,1
116 Feldthurns,97,,1,-,1
117 Wengen,0,,10,8,18
117 Wengen,1,,7,6,13
117 Wengen,2,,7,9,16
117 Wengen,3,,10,8,18
117 Wengen,4,,12,11,23
117 Wengen,5,,12,3,15
117 Wengen,6,,12,16,28
117 Wengen,7,,7,7,14
117 Wengen,8,,7,9,16
117 Wengen,9,,10,12,22
117 Wengen,10,,8,12,20
117 Wengen,11,,10,5,15
117 Wengen,12,,5,9,14
117 Wengen,13,,5,6,11
117 Wengen,14,,10,4,14
117 Wengen,15,,5,10,15
117 Wengen,16,,8,6,14
117 Wengen,17,,9,5,14
117 Wengen,18,,7,8,15
117 Wengen,19,,12,9,21
117 Wengen,20,,9,8,17
117 Wengen,21,,12,9,21
117 Wengen,22,,12,7,19
117 Wengen,23,,10,6,16
117 Wengen,24,,9,8,17
117 Wengen,25,,19,8,27
117 Wengen,26,,12,7,19
117 Wengen,27,,4,8,12
117 Wengen,28,,6,16,22
117 Wengen,29,,10,4,14
117 Wengen,30,,8,7,15
117 Wengen,31,,8,4,12
117 Wengen,32,,12,9,21
117 Wengen,33,,14,4,18
117 Wengen,34,,14,8,22
117 Wengen,35,,6,7,13
117 Wengen,36,,9,17,26
117 Wengen,37,,14,4,18
117 Wengen,38,,4,8,12
117 Wengen,39,,8,7,15
117 Wengen,40,,6,6,12
117 Wengen,41,,18,11,29
117 Wengen,42,,12,5,17
117 Wengen,43,,15,9,24
117 Wengen,44,,13,12,25
117 Wengen,45,,12,14,26
117 Wengen,46,,13,13,26
117 Wengen,47,,7,9,16
117 Wengen,48,,16,9,25
117 Wengen,49,,11,13,24
117 Wengen,50,,12,5,17
117 Wengen,51,,8,10,18
117 Wengen,52,,11,7,18
117 Wengen,53,,14,13,27
117 Wengen,54,,14,8,22
117 Wengen,55,,7,10,17
117 Wengen,56,,10,12,22
117 Wengen,57,,7,6,13
117 Wengen,58,,6,7,13
117 Wengen,59,,6,11,17
117 Wengen,60,,5,6,11
117 Wengen,61,,7,6,13
117 Wengen,62,,9,5,14
117 Wengen,63,,6,2,8
117 Wengen,64,,4,5,9
117 Wengen,65,,7,5,12
117 Wengen,66,,2,6,8
117 Wengen,67,,4,8,12
117 Wengen,68,,1,11,12
117 Wengen,69,,6,3,9
117 Wengen,70,,5,4,9
117 Wengen,71,,5,3,8
117 Wengen,72,,6,8,14
117 Wengen,73,,3,6,9
117 Wengen,74,,7,7,14
117 Wengen,75,,4,4,8
117 Wengen,76,,5,6,11
117 Wengen,77,,6,4,10
117 Wengen,78,,5,3,8
117 Wengen,79,,7,7,14
117 Wengen,81,,2,6,8
117 Wengen,82,,2,6,8
117 Wengen,83,,3,2,5
117 Wengen,84,,1,4,5
117 Wengen,85,,4,1,5
117 Wengen,86,,3,2,5
117 Wengen,87,,2,7,9
117 Wengen,88,,1,2,3
117 Wengen,89,,1,-,1
117 Wengen,90,,1,1,2
117 Wengen,91,,-,3,3
117 Wengen,92,,-,1,1
117 Wengen,93,,-,2,2
117 Wengen,94,,2,1,3
117 Wengen,95,,-,3,3
118 U.L.Frau i.W.-St.Felix,0,,2,1,3
118 U.L.Frau i.W.-St.Felix,1,,6,9,15
118 U.L.Frau i.W.-St.Felix,2,,4,4,8
118 U.L.Frau i.W.-St.Felix,3,,4,2,6
118 U.L.Frau i.W.-St.Felix,4,,3,7,10
118 U.L.Frau i.W.-St.Felix,5,,3,2,5
118 U.L.Frau i.W.-St.Felix,6,,3,3,6
118 U.L.Frau i.W.-St.Felix,7,,6,3,9
118 U.L.Frau i.W.-St.Felix,8,,1,9,10
118 U.L.Frau i.W.-St.Felix,9,,3,-,3
118 U.L.Frau i.W.-St.Felix,10,,3,3,6
118 U.L.Frau i.W.-St.Felix,11,,5,7,12
118 U.L.Frau i.W.-St.Felix,12,,4,3,7
118 U.L.Frau i.W.-St.Felix,13,,8,6,14
118 U.L.Frau i.W.-St.Felix,14,,7,3,10
118 U.L.Frau i.W.-St.Felix,15,,9,4,13
118 U.L.Frau i.W.-St.Felix,16,,3,2,5
118 U.L.Frau i.W.-St.Felix,17,,5,5,10
118 U.L.Frau i.W.-St.Felix,18,,6,9,15
118 U.L.Frau i.W.-St.Felix,19,,5,4,9
118 U.L.Frau i.W.-St.Felix,20,,8,4,12
118 U.L.Frau i.W.-St.Felix,21,,3,10,13
118 U.L.Frau i.W.-St.Felix,22,,7,5,12
118 U.L.Frau i.W.-St.Felix,23,,9,5,14
118 U.L.Frau i.W.-St.Felix,24,,7,3,10
118 U.L.Frau i.W.-St.Felix,25,,8,6,14
118 U.L.Frau i.W.-St.Felix,26,,5,2,7
118 U.L.Frau i.W.-St.Felix,27,,5,4,9
118 U.L.Frau i.W.-St.Felix,28,,8,2,10
118 U.L.Frau i.W.-St.Felix,29,,3,6,9
118 U.L.Frau i.W.-St.Felix,30,,6,2,8
118 U.L.Frau i.W.-St.Felix,31,,7,2,9
118 U.L.Frau i.W.-St.Felix,32,,5,4,9
118 U.L.Frau i.W.-St.Felix,33,,1,9,10
118 U.L.Frau i.W.-St.Felix,34,,3,5,8
118 U.L.Frau i.W.-St.Felix,35,,5,1,6
118 U.L.Frau i.W.-St.Felix,36,,2,4,6
118 U.L.Frau i.W.-St.Felix,37,,1,3,4
118 U.L.Frau i.W.-St.Felix,38,,-,3,3
118 U.L.Frau i.W.-St.Felix,39,,5,3,8
118 U.L.Frau i.W.-St.Felix,40,,4,8,12
118 U.L.Frau i.W.-St.Felix,41,,7,1,8
118 U.L.Frau i.W.-St.Felix,42,,5,6,11
118 U.L.Frau i.W.-St.Felix,43,,2,2,4
118 U.L.Frau i.W.-St.Felix,44,,7,5,12
118 U.L.Frau i.W.-St.Felix,45,,4,4,8
118 U.L.Frau i.W.-St.Felix,46,,6,10,16
118 U.L.Frau i.W.-St.Felix,47,,7,4,11
118 U.L.Frau i.W.-St.Felix,48,,3,9,12
118 U.L.Frau i.W.-St.Felix,49,,3,4,7
118 U.L.Frau i.W.-St.Felix,50,,9,7,16
118 U.L.Frau i.W.-St.Felix,51,,9,5,14
118 U.L.Frau i.W.-St.Felix,52,,4,8,12
118 U.L.Frau i.W.-St.Felix,53,,16,8,24
118 U.L.Frau i.W.-St.Felix,54,,7,9,16
118 U.L.Frau i.W.-St.Felix,55,,4,4,8
118 U.L.Frau i.W.-St.Felix,56,,8,8,16
118 U.L.Frau i.W.-St.Felix,57,,5,4,9
118 U.L.Frau i.W.-St.Felix,58,,4,3,7
118 U.L.Frau i.W.-St.Felix,59,,3,6,9
118 U.L.Frau i.W.-St.Felix,60,,5,5,10
118 U.L.Frau i.W.-St.Felix,61,,3,4,7
118 U.L.Frau i.W.-St.Felix,62,,6,3,9
118 U.L.Frau i.W.-St.Felix,63,,2,3,5
118 U.L.Frau i.W.-St.Felix,64,,5,3,8
118 U.L.Frau i.W.-St.Felix,65,,6,3,9
118 U.L.Frau i.W.-St.Felix,66,,3,4,7
118 U.L.Frau i.W.-St.Felix,67,,4,-,4
118 U.L.Frau i.W.-St.Felix,68,,4,-,4
118 U.L.Frau i.W.-St.Felix,69,,1,7,8
118 U.L.Frau i.W.-St.Felix,70,,1,3,4
118 U.L.Frau i.W.-St.Felix,71,,2,1,3
118 U.L.Frau i.W.-St.Felix,72,,5,-,5
118 U.L.Frau i.W.-St.Felix,73,,5,4,9
118 U.L.Frau i.W.-St.Felix,74,,2,3,5
118 U.L.Frau i.W.-St.Felix,75,,4,7,11
118 U.L.Frau i.W.-St.Felix,76,,2,-,2
118 U.L.Frau i.W.-St.Felix,77,,1,3,4
118 U.L.Frau i.W.-St.Felix,78,,2,4,6
118 U.L.Frau i.W.-St.Felix,79,,3,-,3
118 U.L.Frau i.W.-St.Felix,80,,5,2,7
118 U.L.Frau i.W.-St.Felix,81,,2,3,5
118 U.L.Frau i.W.-St.Felix,82,,3,2,5
118 U.L.Frau i.W.-St.Felix,83,,3,3,6
118 U.L.Frau i.W.-St.Felix,84,,3,-,3
118 U.L.Frau i.W.-St.Felix,85,,2,-,2
118 U.L.Frau i.W.-St.Felix,86,,3,5,8
118 U.L.Frau i.W.-St.Felix,87,,-,2,2
118 U.L.Frau i.W.-St.Felix,88,,-,2,2
118 U.L.Frau i.W.-St.Felix,89,,2,3,5
118 U.L.Frau i.W.-St.Felix,90,,2,3,5
118 U.L.Frau i.W.-St.Felix,91,,-,2,2
118 U.L.Frau i.W.-St.Felix,92,,-,1,1
118 U.L.Frau i.W.-St.Felix,93,,1,2,3
118 U.L.Frau i.W.-St.Felix,99,,-,1,1
